#!ascii label  , from subject fsaverage vox2ras=TkReg coords=white
999
95  -39.317  21.902  39.527 0.0000000000
218  -32.234  26.664  41.037 0.0000000000
458  -38.528  13.263  35.915 0.0000000000
459  -44.333  22.575  32.670 0.0000000000
1005  -42.299  18.596  38.393 0.0000000000
1006  -40.833  18.267  34.454 0.0000000000
1007  -43.980  22.603  36.412 0.0000000000
1008  -44.393  26.375  33.844 0.0000000000
1009  -39.689  24.856  36.305 0.0000000000
1542  -35.952  24.531  40.976 0.0000000000
2027  -37.440  8.614  37.068 0.0000000000
2029  -35.582  13.290  32.262 0.0000000000
2030  -38.403  18.021  31.044 0.0000000000
2035  -34.580  27.355  37.669 0.0000000000
2923  -39.529  20.286  41.336 0.0000000000
2924  -41.874  18.911  40.750 0.0000000000
2925  -40.981  20.502  39.029 0.0000000000
2926  -42.590  20.716  37.109 0.0000000000
2927  -41.538  22.420  37.629 0.0000000000
2928  -42.305  24.075  36.649 0.0000000000
2929  -39.745  23.323  37.943 0.0000000000
4446  -40.036  13.331  38.035 0.0000000000
4447  -39.383  11.332  38.669 0.0000000000
4448  -38.058  10.600  36.632 0.0000000000
4449  -36.089  7.778  35.288 0.0000000000
4450  -36.552  10.269  34.676 0.0000000000
4452  -36.920  13.529  34.119 0.0000000000
4453  -42.550  20.124  33.767 0.0000000000
4454  -39.796  17.860  32.646 0.0000000000
4457  -42.484  22.984  30.539 0.0000000000
4459  -44.878  24.684  30.778 0.0000000000
4460  -41.402  27.290  33.942 0.0000000000
4461  -43.129  27.779  31.979 0.0000000000
4465  -34.080  26.141  41.385 0.0000000000
4466  -35.017  25.396  38.703 0.0000000000
4467  -33.379  27.282  39.801 0.0000000000
6414  -42.052  16.223  39.531 0.0000000000
6415  -40.585  15.916  37.299 0.0000000000
6416  -39.168  16.124  35.384 0.0000000000
6417  -41.596  18.420  36.140 0.0000000000
6418  -43.287  20.357  35.545 0.0000000000
6419  -45.083  22.626  34.768 0.0000000000
6420  -45.665  24.696  33.198 0.0000000000
6421  -44.885  24.590  35.537 0.0000000000
6422  -42.287  25.915  35.560 0.0000000000
6423  -39.235  26.690  35.337 0.0000000000
6425  -31.501  28.159  39.711 0.0000000000
7433  -37.990  21.969  42.211 0.0000000000
7434  -37.841  23.173  40.394 0.0000000000
7435  -36.850  23.711  43.264 0.0000000000
7436  -34.939  24.980  43.923 0.0000000000
7437  -32.922  25.024  42.961 0.0000000000
8652  -37.563  6.763  40.074 0.0000000000
8654  -38.591  8.948  39.336 0.0000000000
8662  -38.065  16.030  33.263 0.0000000000
8663  -36.956  15.541  31.546 0.0000000000
8671  -44.917  26.515  31.246 0.0000000000
8677  -37.201  23.930  38.174 0.0000000000
8678  -36.725  25.679  36.235 0.0000000000
8679  -36.527  27.672  35.736 0.0000000000
8680  -32.867  29.046  39.169 0.0000000000
10603  -39.271  21.075  40.412 0.0000000000
10604  -40.231  20.412  40.153 0.0000000000
10605  -40.048  21.203  39.251 0.0000000000
10606  -41.054  21.499  38.212 0.0000000000
10607  -40.411  22.133  38.488 0.0000000000
10608  -40.798  22.969  37.935 0.0000000000
10609  -39.677  22.624  38.804 0.0000000000
12126  -39.307  13.212  36.943 0.0000000000
12127  -38.989  12.039  37.357 0.0000000000
12128  -38.359  11.772  36.236 0.0000000000
12129  -37.317  10.404  35.608 0.0000000000
12130  -37.615  11.900  35.265 0.0000000000
12131  -36.737  11.898  34.411 0.0000000000
12132  -37.738  13.357  35.091 0.0000000000
12133  -43.450  21.338  33.343 0.0000000000
12134  -41.882  20.215  32.825 0.0000000000
12135  -42.650  21.560  32.285 0.0000000000
12136  -41.867  21.804  31.361 0.0000000000
12137  -43.484  22.800  31.584 0.0000000000
12138  -43.863  23.802  30.664 0.0000000000
12139  -44.795  23.657  31.763 0.0000000000
12140  -39.880  27.670  33.824 0.0000000000
12141  -40.801  27.888  32.891 0.0000000000
12145  -33.181  26.715  41.396 0.0000000000
12146  -33.777  26.623  40.345 0.0000000000
12147  -32.849  27.207  40.703 0.0000000000
14526  -42.195  18.801  39.613 0.0000000000
14527  -42.558  17.680  40.202 0.0000000000
14528  -42.210  17.342  39.052 0.0000000000
14529  -41.411  16.016  38.427 0.0000000000
14530  -41.691  17.177  37.866 0.0000000000
14531  -40.965  17.209  36.771 0.0000000000
14532  -42.135  18.493  37.224 0.0000000000
14533  -43.127  21.641  36.704 0.0000000000
14534  -43.149  20.530  36.337 0.0000000000
14535  -43.961  21.556  36.018 0.0000000000
14536  -44.211  21.384  35.284 0.0000000000
14537  -44.832  22.633  35.670 0.0000000000
14538  -45.287  23.651  35.166 0.0000000000
14539  -44.570  23.506  36.092 0.0000000000
14540  -41.075  24.567  36.497 0.0000000000
14541  -42.420  25.002  36.124 0.0000000000
14542  -41.096  25.450  35.979 0.0000000000
14543  -40.801  26.368  35.496 0.0000000000
14544  -39.571  25.850  35.815 0.0000000000
16336  -38.050  20.978  42.908 0.0000000000
16337  -37.534  22.031  43.531 0.0000000000
16338  -37.390  22.839  42.754 0.0000000000
16339  -37.027  22.981  44.196 0.0000000000
16341  -35.409  24.316  45.249 0.0000000000
16342  -34.347  24.556  45.186 0.0000000000
16343  -33.752  25.323  43.801 0.0000000000
16344  -33.461  24.261  44.398 0.0000000000
19094  -38.376  10.020  37.817 0.0000000000
19095  -39.056  10.239  38.779 0.0000000000
19096  -38.104  8.809  38.105 0.0000000000
19097  -37.884  7.422  38.505 0.0000000000
19098  -37.351  7.279  37.528 0.0000000000
19102  -35.535  6.162  34.706 0.0000000000
19108  -35.153  11.888  32.706 0.0000000000
19113  -39.956  17.344  34.784 0.0000000000
19114  -38.606  16.157  34.358 0.0000000000
19115  -39.411  17.122  33.848 0.0000000000
19116  -39.160  17.826  31.788 0.0000000000
19117  -38.358  16.674  32.053 0.0000000000
19118  -37.765  16.593  31.230 0.0000000000
19120  -37.097  16.824  30.544 0.0000000000
19135  -45.278  25.671  33.503 0.0000000000
19136  -45.406  25.686  32.232 0.0000000000
19137  -44.871  26.607  32.550 0.0000000000
19150  -36.898  23.858  40.614 0.0000000000
19151  -37.545  23.524  39.300 0.0000000000
19152  -36.452  24.157  39.581 0.0000000000
19153  -34.704  26.321  37.966 0.0000000000
19154  -35.665  25.378  37.256 0.0000000000
19155  -35.487  26.484  36.846 0.0000000000
19156  -36.620  26.781  35.911 0.0000000000
19157  -35.451  27.435  36.612 0.0000000000
19158  -31.187  29.140  39.271 0.0000000000
19159  -32.194  28.681  39.685 0.0000000000
19160  -31.938  29.849  39.204 0.0000000000
23691  -40.186  19.449  42.107 0.0000000000
23692  -41.485  18.827  41.856 0.0000000000
23693  -40.691  19.624  41.037 0.0000000000
23694  -41.260  19.724  39.984 0.0000000000
23695  -41.845  19.698  38.832 0.0000000000
23696  -42.303  19.756  37.744 0.0000000000
23697  -41.792  20.686  38.032 0.0000000000
23698  -42.050  21.642  37.376 0.0000000000
23699  -42.694  22.549  36.972 0.0000000000
23700  -43.348  23.368  36.624 0.0000000000
23701  -41.974  23.205  37.193 0.0000000000
23702  -40.945  23.756  37.213 0.0000000000
23703  -39.692  24.028  37.019 0.0000000000
26434  -39.687  12.309  38.466 0.0000000000
26435  -38.702  11.037  37.693 0.0000000000
26436  -37.727  9.721  36.797 0.0000000000
26437  -36.721  8.276  36.154 0.0000000000
26438  -37.045  9.337  35.835 0.0000000000
26439  -36.291  8.908  34.965 0.0000000000
26442  -35.724  10.320  33.816 0.0000000000
26443  -35.889  11.945  33.562 0.0000000000
26444  -36.180  13.535  33.195 0.0000000000
26445  -41.711  19.144  34.071 0.0000000000
26446  -40.323  18.027  33.560 0.0000000000
26447  -41.133  19.105  33.211 0.0000000000
26448  -40.491  19.095  32.357 0.0000000000
26449  -39.724  19.272  31.449 0.0000000000
26451  -40.312  20.723  31.012 0.0000000000
26452  -40.930  21.929  30.362 0.0000000000
26456  -43.967  24.660  29.744 0.0000000000
26457  -44.774  25.588  30.003 0.0000000000
26458  -42.974  26.882  33.963 0.0000000000
26459  -43.758  27.102  32.876 0.0000000000
26460  -42.326  27.532  33.003 0.0000000000
26467  -34.977  25.322  41.360 0.0000000000
26468  -35.445  24.874  39.851 0.0000000000
26469  -34.573  25.718  40.072 0.0000000000
26470  -34.147  26.432  39.185 0.0000000000
26471  -33.898  27.306  38.736 0.0000000000
30320  -42.568  17.877  41.269 0.0000000000
30323  -41.042  14.714  38.732 0.0000000000
30324  -40.323  14.590  37.612 0.0000000000
30325  -39.535  14.576  36.553 0.0000000000
30326  -38.772  14.720  35.764 0.0000000000
30327  -39.852  15.991  36.384 0.0000000000
30328  -40.421  17.292  35.700 0.0000000000
30329  -41.193  18.479  35.214 0.0000000000
30330  -42.486  19.694  36.682 0.0000000000
30331  -42.376  19.453  35.726 0.0000000000
30332  -42.076  19.325  34.899 0.0000000000
30333  -43.002  20.201  34.684 0.0000000000
30334  -43.997  21.316  34.359 0.0000000000
30335  -44.895  22.551  33.722 0.0000000000
30336  -45.384  23.602  32.847 0.0000000000
30337  -45.537  23.654  34.091 0.0000000000
30338  -45.552  24.718  34.443 0.0000000000
30339  -44.833  25.580  34.767 0.0000000000
30340  -43.749  24.337  36.212 0.0000000000
30341  -43.763  25.374  35.572 0.0000000000
30342  -43.496  26.194  34.873 0.0000000000
30343  -41.926  26.704  34.836 0.0000000000
30344  -40.320  27.055  34.844 0.0000000000
30345  -38.869  27.472  34.640 0.0000000000
30347  -31.874  27.311  40.319 0.0000000000
32788  -38.616  21.031  41.615 0.0000000000
32789  -38.503  21.875  40.790 0.0000000000
32790  -38.602  22.558  39.966 0.0000000000
32791  -37.924  22.648  41.351 0.0000000000
32792  -37.277  23.396  41.776 0.0000000000
32793  -36.475  24.186  42.091 0.0000000000
32794  -36.390  23.716  44.889 0.0000000000
32795  -36.003  24.420  43.714 0.0000000000
32796  -35.441  24.876  42.449 0.0000000000
32797  -34.392  25.657  42.613 0.0000000000
32798  -33.381  26.081  42.554 0.0000000000
32799  -32.607  25.880  41.785 0.0000000000
32808  -31.939  25.485  40.895 0.0000000000
36217  -38.110  7.717  39.639 0.0000000000
36218  -37.395  6.444  38.915 0.0000000000
36219  -36.962  4.947  38.268 0.0000000000
36238  -38.038  14.902  34.824 0.0000000000
36239  -37.344  14.902  33.743 0.0000000000
36240  -36.775  14.809  32.714 0.0000000000
36241  -38.919  16.921  32.930 0.0000000000
36242  -37.494  15.770  32.332 0.0000000000
36243  -36.236  14.468  31.842 0.0000000000
36265  -45.455  24.697  31.951 0.0000000000
36266  -45.222  25.615  30.993 0.0000000000
36267  -44.933  26.403  30.171 0.0000000000
36268  -44.244  27.292  31.679 0.0000000000
36283  -38.642  23.086  39.030 0.0000000000
36284  -38.517  23.599  37.991 0.0000000000
36285  -38.383  24.290  37.015 0.0000000000
36286  -36.046  24.605  38.341 0.0000000000
36287  -36.894  24.628  37.030 0.0000000000
36288  -38.211  25.161  36.194 0.0000000000
36289  -37.925  26.145  35.727 0.0000000000
36290  -37.794  27.134  35.317 0.0000000000
36292  -32.454  27.850  40.108 0.0000000000
36293  -33.092  28.117  39.471 0.0000000000
36294  -33.727  28.253  38.565 0.0000000000
41323  -39.255  21.482  39.958 0.0000000000
41324  -39.616  21.127  39.816 0.0000000000
41325  -39.677  21.539  39.344 0.0000000000
41326  -40.187  21.677  38.835 0.0000000000
41327  -39.886  21.979  38.995 0.0000000000
41328  -40.088  22.380  38.680 0.0000000000
41329  -39.543  22.289  39.159 0.0000000000
42846  -38.932  13.164  36.413 0.0000000000
42847  -38.828  12.476  36.564 0.0000000000
42848  -38.460  12.476  36.031 0.0000000000
42849  -37.985  11.774  35.720 0.0000000000
42850  -38.061  12.592  35.559 0.0000000000
42851  -37.643  12.635  35.158 0.0000000000
42852  -38.122  13.331  35.504 0.0000000000
42853  -43.899  21.933  33.028 0.0000000000
42854  -43.061  21.424  32.787 0.0000000000
42855  -43.473  22.010  32.477 0.0000000000
42856  -43.099  22.175  31.965 0.0000000000
42857  -43.930  22.687  32.111 0.0000000000
42858  -44.158  23.257  31.649 0.0000000000
42859  -44.581  23.124  32.218 0.0000000000
42865  -32.689  26.755  41.283 0.0000000000
42866  -33.022  26.965  41.011 0.0000000000
42867  -32.552  27.016  40.960 0.0000000000
45246  -42.251  18.682  38.999 0.0000000000
45247  -42.330  18.114  39.319 0.0000000000
45248  -42.273  17.977  38.709 0.0000000000
45249  -41.988  17.258  38.448 0.0000000000
45250  -42.222  17.895  38.122 0.0000000000
45251  -41.909  17.839  37.540 0.0000000000
45252  -42.277  18.567  37.813 0.0000000000
45253  -43.540  22.106  36.534 0.0000000000
45254  -43.586  21.611  36.370 0.0000000000
45255  -44.066  22.135  36.260 0.0000000000
45256  -44.433  22.086  35.850 0.0000000000
45257  -44.469  22.638  36.091 0.0000000000
45258  -44.780  23.094  35.908 0.0000000000
45259  -44.317  23.025  36.287 0.0000000000
45260  -40.382  24.777  36.378 0.0000000000
45261  -41.126  24.997  36.208 0.0000000000
45262  -40.383  25.215  36.107 0.0000000000
45263  -40.334  25.655  35.894 0.0000000000
45264  -39.658  25.323  36.039 0.0000000000
49814  -37.874  9.305  37.446 0.0000000000
49815  -38.220  9.450  37.873 0.0000000000
49816  -37.764  8.712  37.607 0.0000000000
49817  -37.667  8.013  37.853 0.0000000000
49818  -37.352  7.984  37.346 0.0000000000
49819  -37.008  7.174  37.053 0.0000000000
49820  -36.990  7.862  36.846 0.0000000000
49828  -35.363  12.660  32.470 0.0000000000
49829  -34.876  11.830  32.255 0.0000000000
49830  -35.111  12.528  32.005 0.0000000000
49831  -34.839  12.375  31.573 0.0000000000
49832  -35.346  13.162  31.781 0.0000000000
49833  -40.379  17.816  34.586 0.0000000000
49834  -39.688  17.210  34.335 0.0000000000
49835  -40.112  17.694  34.153 0.0000000000
49836  -38.813  17.897  31.392 0.0000000000
49837  -38.488  17.166  31.501 0.0000000000
49838  -38.139  17.219  31.136 0.0000000000
49839  -37.432  16.692  30.886 0.0000000000
49840  -37.726  17.434  30.806 0.0000000000
49841  -37.306  17.636  30.449 0.0000000000
49842  -37.965  18.200  30.672 0.0000000000
49855  -44.907  26.073  33.677 0.0000000000
49856  -45.085  26.149  33.021 0.0000000000
49857  -44.666  26.485  33.199 0.0000000000
49870  -36.443  24.207  40.836 0.0000000000
49871  -36.665  24.016  40.072 0.0000000000
49872  -36.195  24.333  40.284 0.0000000000
49873  -34.645  26.842  37.762 0.0000000000
49874  -35.065  26.384  37.390 0.0000000000
49875  -35.017  26.923  37.249 0.0000000000
49876  -35.466  26.996  36.718 0.0000000000
49877  -34.976  27.445  37.162 0.0000000000
54843  -39.803  19.871  41.684 0.0000000000
54844  -40.428  19.557  41.538 0.0000000000
54845  -40.145  19.929  41.145 0.0000000000
54846  -40.657  20.481  39.609 0.0000000000
54847  -40.759  20.086  40.082 0.0000000000
54848  -41.090  20.087  39.516 0.0000000000
54849  -41.570  19.709  39.432 0.0000000000
54850  -41.437  20.138  38.958 0.0000000000
54851  -41.737  20.155  38.425 0.0000000000
54852  -41.382  20.601  38.527 0.0000000000
54853  -41.250  21.944  37.883 0.0000000000
54854  -41.551  21.574  37.777 0.0000000000
54855  -41.785  22.021  37.507 0.0000000000
54856  -42.337  22.131  37.129 0.0000000000
54857  -42.088  22.489  37.302 0.0000000000
54858  -42.359  22.886  37.104 0.0000000000
54859  -41.795  22.798  37.416 0.0000000000
54860  -40.320  23.140  37.995 0.0000000000
54861  -40.898  23.361  37.613 0.0000000000
54862  -40.339  23.556  37.560 0.0000000000
54863  -40.322  23.936  37.111 0.0000000000
54864  -39.705  23.655  37.455 0.0000000000
59411  -40.387  13.461  38.598 0.0000000000
59412  -40.214  12.877  38.831 0.0000000000
59413  -39.896  12.796  38.249 0.0000000000
59414  -38.545  11.358  37.079 0.0000000000
59415  -38.851  11.575  37.581 0.0000000000
59416  -38.382  10.822  37.160 0.0000000000
59417  -38.225  10.366  37.220 0.0000000000
59418  -37.877  10.188  36.707 0.0000000000
59419  -37.392  9.573  36.316 0.0000000000
59420  -37.519  10.020  36.236 0.0000000000
59421  -36.943  10.303  35.129 0.0000000000
59422  -36.794  9.666  35.269 0.0000000000
59423  -36.408  9.569  34.827 0.0000000000
59424  -35.915  8.761  34.536 0.0000000000
59425  -36.014  9.484  34.404 0.0000000000
59426  -35.618  9.514  33.969 0.0000000000
59427  -36.138  10.307  34.223 0.0000000000
59428  -36.801  12.759  34.277 0.0000000000
59429  -36.300  11.957  33.966 0.0000000000
59430  -36.393  12.716  33.859 0.0000000000
59431  -35.999  12.730  33.400 0.0000000000
59432  -36.542  13.512  33.664 0.0000000000
59433  -42.097  19.601  33.919 0.0000000000
59434  -41.433  19.116  33.672 0.0000000000
59435  -41.835  19.588  33.498 0.0000000000
59436  -41.510  20.322  32.362 0.0000000000
59437  -41.145  19.674  32.592 0.0000000000
59438  -40.814  19.777  32.144 0.0000000000
59439  -40.105  19.184  31.910 0.0000000000
59440  -40.436  19.930  31.667 0.0000000000
59441  -40.012  20.030  31.249 0.0000000000
59442  -40.744  20.610  31.457 0.0000000000
59443  -42.168  22.435  30.971 0.0000000000
59444  -41.391  21.873  30.906 0.0000000000
59445  -41.698  22.488  30.454 0.0000000000
59446  -41.218  22.514  29.965 0.0000000000
59447  -41.993  23.069  30.009 0.0000000000
59448  -42.137  23.507  29.550 0.0000000000
59449  -42.644  23.425  30.072 0.0000000000
59450  -44.426  24.234  30.722 0.0000000000
59451  -43.934  24.238  30.189 0.0000000000
59452  -44.435  24.677  30.271 0.0000000000
59453  -44.439  25.105  29.851 0.0000000000
59454  -44.834  25.153  30.389 0.0000000000
59455  -42.171  27.102  33.985 0.0000000000
59456  -42.633  27.215  33.495 0.0000000000
59457  -41.860  27.395  33.491 0.0000000000
59470  -34.517  25.761  41.386 0.0000000000
59471  -34.786  25.494  40.680 0.0000000000
59472  -34.372  25.943  40.749 0.0000000000
59473  -33.570  26.933  40.044 0.0000000000
59474  -33.959  26.523  39.789 0.0000000000
59475  -33.786  26.874  39.523 0.0000000000
59476  -33.991  26.880  38.921 0.0000000000
59477  -33.628  27.239  39.289 0.0000000000
66611  -41.640  18.834  41.311 0.0000000000
66612  -42.095  18.404  41.616 0.0000000000
66613  -42.232  18.424  41.054 0.0000000000
66614  -42.409  16.906  39.934 0.0000000000
66615  -42.651  17.031  40.450 0.0000000000
66616  -42.356  16.281  40.129 0.0000000000
66617  -42.247  15.634  40.305 0.0000000000
66618  -41.901  15.579  39.735 0.0000000000
66619  -41.414  14.835  39.323 0.0000000000
66620  -41.547  15.496  39.155 0.0000000000
66621  -41.057  15.935  37.843 0.0000000000
66622  -40.897  15.335  38.012 0.0000000000
66623  -40.488  15.280  37.449 0.0000000000
66624  -39.949  14.556  37.047 0.0000000000
66625  -40.105  15.238  36.962 0.0000000000
66626  -39.687  15.286  36.520 0.0000000000
66627  -40.205  15.924  36.823 0.0000000000
66628  -41.235  17.843  36.402 0.0000000000
66629  -40.657  17.295  36.235 0.0000000000
66630  -40.983  17.914  35.920 0.0000000000
66631  -40.767  17.935  35.449 0.0000000000
66632  -41.381  18.451  35.668 0.0000000000
66633  -42.400  20.241  37.417 0.0000000000
66634  -42.426  19.733  37.231 0.0000000000
66635  -42.656  20.214  36.991 0.0000000000
66636  -43.286  20.472  35.962 0.0000000000
66637  -42.845  20.005  36.054 0.0000000000
66638  -42.839  19.900  35.593 0.0000000000
66639  -42.243  19.432  35.297 0.0000000000
66640  -42.698  19.842  35.197 0.0000000000
66641  -42.518  19.764  34.763 0.0000000000
66642  -43.196  20.275  35.143 0.0000000000
66643  -44.766  22.010  35.061 0.0000000000
66644  -44.164  21.330  34.835 0.0000000000
66645  -44.636  21.952  34.578 0.0000000000
66646  -44.459  21.923  34.084 0.0000000000
66647  -45.073  22.578  34.267 0.0000000000
66648  -45.349  23.105  33.908 0.0000000000
66649  -45.336  23.149  34.428 0.0000000000
66650  -45.159  24.146  35.370 0.0000000000
66651  -45.431  24.196  34.836 0.0000000000
66652  -45.264  24.677  35.020 0.0000000000
66653  -45.283  25.191  34.627 0.0000000000
66654  -44.890  25.102  35.174 0.0000000000
66655  -42.929  23.725  36.698 0.0000000000
66656  -43.596  23.817  36.450 0.0000000000
66657  -43.047  24.194  36.434 0.0000000000
66658  -42.385  25.473  35.859 0.0000000000
66659  -43.086  25.196  35.917 0.0000000000
66660  -43.044  25.650  35.637 0.0000000000
66661  -43.665  25.806  35.264 0.0000000000
66662  -42.911  26.073  35.266 0.0000000000
66663  -42.706  26.450  34.834 0.0000000000
66664  -42.164  26.329  35.217 0.0000000000
66665  -40.003  26.509  35.427 0.0000000000
66666  -40.573  26.729  35.190 0.0000000000
66667  -39.823  26.890  35.134 0.0000000000
66668  -39.574  27.246  34.746 0.0000000000
66669  -39.061  27.078  35.031 0.0000000000
72043  -38.042  21.515  42.565 0.0000000000
72044  -38.345  21.000  42.250 0.0000000000
72045  -38.286  21.468  41.890 0.0000000000
72046  -38.539  21.469  41.192 0.0000000000
72047  -38.253  21.888  41.518 0.0000000000
72048  -38.244  22.239  41.145 0.0000000000
72049  -37.954  22.315  41.816 0.0000000000
72050  -37.161  23.276  43.000 0.0000000000
72051  -37.350  23.144  42.293 0.0000000000
72052  -37.058  23.535  42.494 0.0000000000
72053  -36.911  23.809  41.950 0.0000000000
72054  -36.690  23.979  42.684 0.0000000000
72058  -35.198  24.688  44.575 0.0000000000
72059  -35.744  24.436  44.505 0.0000000000
72060  -35.497  24.709  43.866 0.0000000000
72061  -35.742  24.683  43.087 0.0000000000
72062  -35.225  24.957  43.218 0.0000000000
72063  -34.923  25.237  42.598 0.0000000000
72064  -34.661  25.296  43.275 0.0000000000
72065  -33.260  25.239  43.425 0.0000000000
72066  -33.536  25.701  43.162 0.0000000000
72067  -33.094  25.647  42.771 0.0000000000
72068  -32.977  26.054  42.170 0.0000000000
72069  -32.718  25.478  42.255 0.0000000000
80301  -37.690  6.939  40.659 0.0000000000
80302  -37.552  6.416  40.886 0.0000000000
80303  -37.427  6.251  40.276 0.0000000000
80304  -37.208  5.569  39.907 0.0000000000
80305  -37.314  6.119  39.704 0.0000000000
80314  -39.870  11.941  39.112 0.0000000000
80315  -40.204  11.944  39.657 0.0000000000
80316  -39.743  11.385  39.198 0.0000000000
80317  -38.856  9.627  39.041 0.0000000000
80318  -39.369  10.279  39.339 0.0000000000
80319  -39.016  9.663  39.616 0.0000000000
80320  -39.151  9.682  40.307 0.0000000000
80321  -38.721  8.988  39.939 0.0000000000
80322  -38.464  8.368  40.122 0.0000000000
80323  -38.354  8.302  39.538 0.0000000000
80324  -37.476  6.714  38.156 0.0000000000
80325  -37.633  6.893  38.695 0.0000000000
80326  -37.267  6.206  38.393 0.0000000000
80327  -37.089  5.692  38.612 0.0000000000
80328  -36.996  5.461  38.116 0.0000000000
80329  -36.906  4.687  37.742 0.0000000000
80330  -36.928  5.212  37.575 0.0000000000
80336  -36.406  8.037  35.717 0.0000000000
80337  -36.328  7.486  35.857 0.0000000000
80338  -36.005  7.258  35.431 0.0000000000
80373  -38.928  15.402  35.602 0.0000000000
80374  -38.387  14.800  35.347 0.0000000000
80375  -38.608  15.518  35.107 0.0000000000
80376  -38.333  16.117  33.802 0.0000000000
80377  -37.970  15.536  34.060 0.0000000000
80378  -37.692  15.525  33.484 0.0000000000
80379  -37.050  14.917  33.238 0.0000000000
80380  -37.387  15.462  33.019 0.0000000000
80381  -40.063  17.961  33.089 0.0000000000
80382  -39.614  17.510  33.244 0.0000000000
80383  -39.365  17.378  32.804 0.0000000000
80384  -37.629  16.070  31.777 0.0000000000
80385  -37.912  16.224  32.192 0.0000000000
80386  -37.215  15.600  31.923 0.0000000000
80387  -36.827  15.113  32.092 0.0000000000
80388  -36.575  15.007  31.682 0.0000000000
80389  -35.964  14.363  31.401 0.0000000000
80390  -36.280  14.900  31.272 0.0000000000
80440  -45.611  24.179  33.003 0.0000000000
80441  -45.463  24.164  32.398 0.0000000000
80442  -45.664  24.680  32.547 0.0000000000
80443  -45.168  26.137  31.727 0.0000000000
80444  -45.342  25.660  31.569 0.0000000000
80445  -45.158  26.087  31.048 0.0000000000
80446  -45.083  26.005  30.581 0.0000000000
80447  -44.944  26.397  30.645 0.0000000000
80448  -43.404  27.468  32.466 0.0000000000
80449  -44.019  27.233  32.311 0.0000000000
80450  -43.720  27.562  31.879 0.0000000000
80485  -38.204  22.806  40.247 0.0000000000
80486  -38.706  22.852  39.508 0.0000000000
80487  -38.222  23.063  39.713 0.0000000000
80488  -37.356  23.721  38.758 0.0000000000
80489  -37.963  23.494  38.613 0.0000000000
80490  -37.828  23.717  38.069 0.0000000000
80491  -38.421  23.905  37.506 0.0000000000
80492  -37.790  24.031  37.478 0.0000000000
80493  -35.177  25.097  39.254 0.0000000000
80494  -35.725  24.706  39.101 0.0000000000
80495  -35.506  24.986  38.466 0.0000000000
80496  -36.127  25.503  36.740 0.0000000000
80497  -36.215  24.955  37.155 0.0000000000
80498  -36.779  25.125  36.598 0.0000000000
80499  -37.528  24.875  36.511 0.0000000000
80500  -37.448  25.393  36.155 0.0000000000
80501  -38.030  25.634  35.933 0.0000000000
80502  -37.324  25.876  35.907 0.0000000000
80503  -36.575  27.262  35.826 0.0000000000
80504  -37.213  26.953  35.608 0.0000000000
80505  -37.138  27.400  35.490 0.0000000000
80506  -37.661  27.548  35.049 0.0000000000
80507  -36.999  27.798  35.206 0.0000000000
80508  -31.664  27.686  39.964 0.0000000000
80509  -32.105  27.611  40.264 0.0000000000
80510  -31.985  28.009  39.958 0.0000000000
80511  -32.534  28.937  39.553 0.0000000000
80512  -32.688  28.445  39.698 0.0000000000
80513  -32.982  28.554  39.333 0.0000000000
80514  -33.391  28.174  39.013 0.0000000000
80515  -33.325  28.654  38.912 0.0000000000
92811  -39.362  20.679  40.869 0.0000000000
92812  -39.883  20.323  40.732 0.0000000000
92813  -39.698  20.719  40.279 0.0000000000
92814  -40.119  20.746  39.677 0.0000000000
92815  -40.558  20.901  39.144 0.0000000000
92816  -40.971  20.987  38.600 0.0000000000
92817  -40.560  21.349  38.732 0.0000000000
92818  -40.738  21.852  38.333 0.0000000000
92819  -40.952  22.301  38.004 0.0000000000
92820  -41.190  22.674  37.761 0.0000000000
92821  -40.638  22.541  38.206 0.0000000000
92822  -40.242  22.742  38.356 0.0000000000
92823  -39.770  22.958  38.409 0.0000000000
95552  -39.701  13.304  37.510 0.0000000000
95553  -39.561  12.667  37.701 0.0000000000
95554  -39.172  12.519  37.114 0.0000000000
95555  -38.693  11.875  36.800 0.0000000000
95556  -38.225  11.144  36.488 0.0000000000
95557  -37.703  10.508  36.128 0.0000000000
95558  -37.861  11.067  35.952 0.0000000000
95559  -37.449  11.070  35.424 0.0000000000
95560  -37.076  11.083  34.959 0.0000000000
95561  -36.640  11.081  34.542 0.0000000000
95562  -37.156  11.881  34.832 0.0000000000
95563  -37.189  12.706  34.695 0.0000000000
95564  -37.334  13.409  34.618 0.0000000000
95565  -42.974  20.704  33.612 0.0000000000
95566  -42.255  20.145  33.317 0.0000000000
95567  -42.638  20.783  33.045 0.0000000000
95568  -42.255  20.868  32.565 0.0000000000
95569  -41.846  20.954  32.106 0.0000000000
95570  -41.529  21.137  31.638 0.0000000000
95571  -42.299  21.671  31.839 0.0000000000
95572  -42.642  22.301  31.462 0.0000000000
95573  -42.983  22.900  31.060 0.0000000000
95574  -43.203  23.386  30.597 0.0000000000
95575  -43.690  23.341  31.121 0.0000000000
95576  -44.335  23.769  31.183 0.0000000000
95577  -44.933  24.186  31.272 0.0000000000
95578  -40.623  27.509  33.950 0.0000000000
95579  -41.079  27.574  33.440 0.0000000000
95580  -40.343  27.774  33.380 0.0000000000
95587  -33.631  26.489  41.428 0.0000000000
95588  -33.943  26.352  40.794 0.0000000000
95589  -33.496  26.729  40.924 0.0000000000
95590  -33.331  26.979  40.562 0.0000000000
95591  -33.142  27.271  40.257 0.0000000000
99872  -42.056  18.896  40.222 0.0000000000
99873  -42.364  18.387  40.525 0.0000000000
99874  -42.425  18.271  39.941 0.0000000000
99875  -42.402  17.488  39.680 0.0000000000
99876  -42.129  16.790  39.337 0.0000000000
99877  -41.711  16.117  39.001 0.0000000000
99878  -41.843  16.694  38.730 0.0000000000
99879  -41.542  16.607  38.167 0.0000000000
99880  -41.145  16.547  37.605 0.0000000000
99881  -40.768  16.535  37.096 0.0000000000
99882  -41.291  17.187  37.301 0.0000000000
99883  -41.566  17.815  36.981 0.0000000000
99884  -41.850  18.423  36.674 0.0000000000
99885  -42.767  21.166  36.886 0.0000000000
99886  -42.895  20.613  36.725 0.0000000000
99887  -43.184  21.097  36.532 0.0000000000
99888  -43.481  21.019  36.180 0.0000000000
99889  -43.676  20.920  35.821 0.0000000000
99890  -43.741  20.843  35.427 0.0000000000
99891  -44.146  21.445  35.677 0.0000000000
99892  -44.637  22.018  35.471 0.0000000000
99893  -45.005  22.610  35.263 0.0000000000
99894  -45.256  23.152  34.954 0.0000000000
99895  -45.133  23.088  35.443 0.0000000000
99896  -44.996  23.622  35.674 0.0000000000
99897  -44.802  24.025  35.866 0.0000000000
99898  -41.689  24.337  36.568 0.0000000000
99899  -42.391  24.504  36.360 0.0000000000
99900  -41.776  24.766  36.278 0.0000000000
99901  -41.787  25.241  36.055 0.0000000000
99902  -41.704  25.699  35.821 0.0000000000
99903  -41.577  26.162  35.565 0.0000000000
99904  -40.962  25.928  35.765 0.0000000000
99905  -40.176  26.116  35.676 0.0000000000
99906  -39.387  26.279  35.597 0.0000000000
103132  -37.782  21.516  43.217 0.0000000000
103133  -37.756  22.036  42.891 0.0000000000
103134  -37.704  22.398  42.494 0.0000000000
103135  -37.511  22.448  43.204 0.0000000000
103136  -37.209  22.918  43.442 0.0000000000
103137  -36.954  23.385  43.764 0.0000000000
103141  -34.869  24.531  45.281 0.0000000000
103142  -34.672  24.907  44.602 0.0000000000
103143  -34.345  25.241  43.943 0.0000000000
103144  -34.091  24.945  44.485 0.0000000000
103145  -33.573  24.817  44.152 0.0000000000
103146  -33.157  24.636  43.660 0.0000000000
108087  -38.077  7.514  41.063 0.0000000000
108088  -37.916  7.395  40.449 0.0000000000
108094  -38.910  10.753  38.263 0.0000000000
108095  -39.261  10.801  38.729 0.0000000000
108096  -38.722  10.149  38.298 0.0000000000
108097  -38.553  9.551  38.449 0.0000000000
108098  -38.393  8.926  38.706 0.0000000000
108099  -38.212  8.153  38.948 0.0000000000
108100  -38.006  8.036  38.389 0.0000000000
108101  -37.682  7.324  37.962 0.0000000000
108102  -37.314  6.525  37.633 0.0000000000
108103  -37.024  5.790  37.337 0.0000000000
108104  -37.035  6.491  37.151 0.0000000000
108107  -35.798  7.542  34.850 0.0000000000
108108  -35.747  7.008  34.986 0.0000000000
108109  -35.480  6.745  34.583 0.0000000000
108129  -39.499  16.757  35.083 0.0000000000
108130  -38.909  16.180  34.863 0.0000000000
108131  -39.261  16.728  34.603 0.0000000000
108132  -38.990  16.675  34.090 0.0000000000
108133  -38.721  16.590  33.569 0.0000000000
108134  -39.470  17.789  32.208 0.0000000000
108135  -39.081  17.245  32.355 0.0000000000
108136  -38.796  17.189  31.892 0.0000000000
108137  -38.079  16.574  31.621 0.0000000000
108138  -37.348  16.025  31.372 0.0000000000
108139  -36.648  15.450  31.167 0.0000000000
108140  -37.064  16.027  31.032 0.0000000000
108169  -45.539  25.188  33.352 0.0000000000
108170  -45.606  25.176  32.741 0.0000000000
108171  -45.360  25.714  32.869 0.0000000000
108172  -45.171  26.185  32.394 0.0000000000
108173  -44.911  26.589  31.907 0.0000000000
108174  -42.914  28.059  31.476 0.0000000000
108175  -43.490  27.871  31.408 0.0000000000
108176  -43.351  28.128  30.924 0.0000000000
108196  -37.370  23.462  40.488 0.0000000000
108197  -37.742  23.339  39.835 0.0000000000
108198  -37.178  23.654  39.925 0.0000000000
108199  -36.987  23.861  39.419 0.0000000000
108200  -36.776  24.045  38.852 0.0000000000
108201  -34.849  25.817  38.287 0.0000000000
108202  -35.309  25.371  37.959 0.0000000000
108203  -35.148  25.855  37.616 0.0000000000
108204  -35.549  25.945  37.023 0.0000000000
108205  -36.056  26.079  36.482 0.0000000000
108206  -36.656  26.241  36.024 0.0000000000
108207  -36.011  26.582  36.347 0.0000000000
108208  -35.996  27.097  36.230 0.0000000000
108209  -35.983  27.550  36.132 0.0000000000
108210  -31.318  28.618  39.470 0.0000000000
108211  -31.823  28.437  39.707 0.0000000000
108212  -31.673  28.923  39.513 0.0000000000
108213  -32.046  29.290  39.510 0.0000000000
108214  -32.395  29.484  39.282 0.0000000000
116718  -41.096  19.233  41.473 0.0000000000
116719  -41.296  19.283  40.946 0.0000000000
116720  -40.393  20.029  40.594 0.0000000000
116721  -41.000  19.704  40.537 0.0000000000
116722  -41.536  19.329  40.395 0.0000000000
116723  -41.782  19.316  39.886 0.0000000000
116724  -42.013  19.250  39.246 0.0000000000
116725  -42.167  19.189  38.657 0.0000000000
116726  -42.306  19.201  38.099 0.0000000000
116727  -42.115  19.718  38.295 0.0000000000
116728  -42.102  20.233  37.906 0.0000000000
116729  -42.227  20.758  37.547 0.0000000000
116730  -41.446  21.109  38.092 0.0000000000
116731  -41.873  21.170  37.683 0.0000000000
116732  -42.360  21.222  37.241 0.0000000000
116733  -42.580  21.659  36.989 0.0000000000
116734  -42.952  22.099  36.811 0.0000000000
116735  -43.346  22.560  36.694 0.0000000000
116736  -43.707  22.958  36.607 0.0000000000
116737  -43.029  22.944  36.819 0.0000000000
116738  -42.668  23.287  36.897 0.0000000000
116739  -42.176  23.636  36.942 0.0000000000
116740  -41.378  23.089  37.528 0.0000000000
116741  -41.501  23.511  37.271 0.0000000000
116742  -41.602  23.921  36.900 0.0000000000
116743  -40.997  24.158  36.821 0.0000000000
116744  -40.347  24.336  36.717 0.0000000000
116745  -39.708  24.463  36.612 0.0000000000
123113  -40.026  12.386  39.026 0.0000000000
123114  -39.475  11.859  38.633 0.0000000000
123115  -39.313  12.189  37.931 0.0000000000
123116  -39.170  11.724  38.097 0.0000000000
123117  -39.044  11.202  38.158 0.0000000000
123118  -38.560  10.575  37.749 0.0000000000
123119  -38.042  9.890  37.296 0.0000000000
123120  -37.560  9.159  36.930 0.0000000000
123121  -37.045  8.438  36.607 0.0000000000
123122  -37.194  9.020  36.457 0.0000000000
123123  -36.861  8.827  36.003 0.0000000000
123124  -36.496  8.553  35.596 0.0000000000
123125  -37.163  9.825  35.727 0.0000000000
123126  -36.678  9.086  35.411 0.0000000000
123127  -36.194  8.301  35.145 0.0000000000
123128  -35.847  8.059  34.698 0.0000000000
123135  -36.227  11.127  34.094 0.0000000000
123139  -35.638  12.702  32.913 0.0000000000
123140  -35.851  13.409  32.721 0.0000000000
123141  -41.265  18.697  34.266 0.0000000000
123142  -40.558  18.137  34.032 0.0000000000
123143  -41.013  18.642  33.900 0.0000000000
123144  -40.753  18.551  33.398 0.0000000000
123145  -40.475  18.482  32.942 0.0000000000
123146  -41.511  19.605  33.058 0.0000000000
123147  -40.823  19.057  32.787 0.0000000000
123148  -40.184  18.430  32.509 0.0000000000
123149  -39.816  18.474  32.082 0.0000000000
123150  -39.459  18.540  31.645 0.0000000000
123151  -39.050  18.673  31.229 0.0000000000
123152  -38.621  18.870  30.849 0.0000000000
123153  -39.276  19.398  31.075 0.0000000000
123156  -41.078  21.248  31.191 0.0000000000
123166  -43.339  23.829  30.103 0.0000000000
123172  -43.722  26.635  33.948 0.0000000000
123173  -44.081  26.750  33.361 0.0000000000
123174  -43.382  26.996  33.454 0.0000000000
123175  -43.033  27.353  32.976 0.0000000000
123176  -42.746  27.678  32.485 0.0000000000
123177  -41.557  27.705  32.972 0.0000000000
123178  -42.087  27.851  32.467 0.0000000000
123179  -42.488  27.969  31.999 0.0000000000
123180  -42.271  28.271  31.503 0.0000000000
123193  -35.453  24.917  41.184 0.0000000000
123194  -35.700  24.677  40.423 0.0000000000
123195  -35.224  25.098  40.580 0.0000000000
123196  -34.990  25.283  39.974 0.0000000000
123197  -34.774  25.523  39.398 0.0000000000
123198  -34.155  26.195  40.174 0.0000000000
123199  -34.354  26.024  39.542 0.0000000000
123200  -34.577  25.915  38.910 0.0000000000
123201  -34.398  26.384  38.567 0.0000000000
123202  -34.283  26.847  38.330 0.0000000000
123203  -34.231  27.295  38.179 0.0000000000
132761  -42.599  17.821  40.747 0.0000000000
132768  -40.881  14.152  38.971 0.0000000000
132769  -40.515  14.040  38.364 0.0000000000
132770  -41.243  15.398  38.601 0.0000000000
132771  -40.713  14.680  38.182 0.0000000000
132772  -40.172  13.954  37.815 0.0000000000
132773  -39.823  13.910  37.242 0.0000000000
132774  -39.414  13.875  36.722 0.0000000000
132775  -39.036  13.920  36.249 0.0000000000
132776  -38.642  13.978  35.831 0.0000000000
132777  -39.157  14.654  36.194 0.0000000000
132778  -39.296  15.345  36.086 0.0000000000
132779  -39.470  16.047  35.880 0.0000000000
132780  -40.408  16.590  36.563 0.0000000000
132781  -40.089  16.660  36.063 0.0000000000
132782  -39.739  16.741  35.532 0.0000000000
132783  -40.158  17.327  35.244 0.0000000000
132784  -40.583  17.883  35.055 0.0000000000
132785  -41.069  18.365  34.801 0.0000000000
132786  -42.357  19.191  37.550 0.0000000000
132787  -42.304  19.106  36.948 0.0000000000
132788  -42.153  19.016  36.385 0.0000000000
132789  -42.786  20.107  36.486 0.0000000000
132790  -42.473  19.533  36.207 0.0000000000
132791  -41.974  18.940  35.870 0.0000000000
132792  -41.780  18.942  35.431 0.0000000000
132793  -41.619  18.863  35.046 0.0000000000
132794  -41.504  18.791  34.624 0.0000000000
132795  -41.904  19.231  34.472 0.0000000000
132796  -42.269  19.634  34.317 0.0000000000
132797  -42.801  20.143  34.198 0.0000000000
132798  -43.660  20.782  35.016 0.0000000000
132799  -43.528  20.736  34.559 0.0000000000
132800  -43.282  20.704  34.066 0.0000000000
132801  -43.755  21.315  33.870 0.0000000000
132802  -44.249  21.893  33.558 0.0000000000
132803  -44.670  22.541  33.175 0.0000000000
132804  -44.977  23.050  32.766 0.0000000000
132805  -45.187  23.077  33.298 0.0000000000
132806  -45.500  23.634  33.456 0.0000000000
132807  -45.629  24.197  33.648 0.0000000000
132808  -45.447  23.692  34.657 0.0000000000
132809  -45.576  24.233  34.334 0.0000000000
132810  -45.624  24.702  33.831 0.0000000000
132811  -45.461  25.175  33.973 0.0000000000
132812  -45.121  25.653  34.151 0.0000000000
132813  -44.674  25.995  34.283 0.0000000000
132814  -44.004  23.414  36.407 0.0000000000
132815  -44.234  23.921  36.173 0.0000000000
132816  -44.395  24.469  35.894 0.0000000000
132817  -43.093  24.700  36.193 0.0000000000
132818  -43.810  24.867  35.936 0.0000000000
132819  -44.392  24.988  35.597 0.0000000000
132820  -44.346  25.481  35.233 0.0000000000
132821  -44.232  25.907  34.848 0.0000000000
132822  -44.052  26.250  34.454 0.0000000000
132823  -43.271  26.560  34.400 0.0000000000
132824  -42.450  26.802  34.397 0.0000000000
132825  -41.649  27.021  34.438 0.0000000000
132826  -41.425  26.595  35.222 0.0000000000
132827  -41.120  26.901  34.873 0.0000000000
132828  -40.854  27.204  34.446 0.0000000000
132829  -40.101  27.373  34.371 0.0000000000
132832  -31.876  26.519  40.620 0.0000000000
132833  -32.093  26.985  40.697 0.0000000000
132834  -31.697  26.967  40.332 0.0000000000
132835  -31.462  27.306  39.905 0.0000000000
132836  -31.255  27.723  39.574 0.0000000000
132838  -30.861  27.752  39.165 0.0000000000
132839  -31.054  28.190  39.310 0.0000000000
132840  -30.825  28.702  39.117 0.0000000000
139570  -39.582  19.736  42.203 0.0000000000
139571  -39.241  20.182  41.833 0.0000000000
139573  -38.759  20.535  42.008 0.0000000000
139574  -39.032  20.604  41.408 0.0000000000
139575  -38.916  21.053  41.000 0.0000000000
139576  -38.876  21.473  40.572 0.0000000000
139577  -38.888  21.897  40.120 0.0000000000
139578  -38.985  22.255  39.713 0.0000000000
139579  -38.564  22.227  40.387 0.0000000000
139580  -38.213  22.549  40.691 0.0000000000
139581  -37.884  22.930  40.892 0.0000000000
139582  -37.664  22.731  42.039 0.0000000000
139583  -37.620  23.034  41.584 0.0000000000
139584  -37.536  23.283  41.056 0.0000000000
139585  -37.138  23.671  41.177 0.0000000000
139586  -36.724  24.030  41.386 0.0000000000
139587  -36.220  24.365  41.511 0.0000000000
139589  -36.739  23.364  44.522 0.0000000000
139590  -36.620  23.738  44.030 0.0000000000
139592  -36.225  24.088  44.312 0.0000000000
139593  -36.464  24.084  43.464 0.0000000000
139594  -36.227  24.357  42.862 0.0000000000
139595  -35.964  24.546  42.291 0.0000000000
139596  -35.708  24.716  41.732 0.0000000000
139597  -35.180  25.100  41.899 0.0000000000
139598  -34.708  25.513  42.005 0.0000000000
139599  -34.224  25.925  42.002 0.0000000000
139600  -34.079  25.611  43.274 0.0000000000
139601  -33.887  25.963  42.619 0.0000000000
139602  -33.757  26.275  42.003 0.0000000000
139603  -33.306  26.442  41.942 0.0000000000
139604  -32.853  26.431  41.669 0.0000000000
139605  -32.439  26.287  41.386 0.0000000000
139625  -33.044  23.977  43.888 0.0000000000
139626  -32.848  24.337  43.140 0.0000000000
139628  -32.526  24.051  42.579 0.0000000000
139629  -32.639  24.785  42.420 0.0000000000
139630  -32.440  25.266  41.776 0.0000000000
139631  -32.246  25.705  41.263 0.0000000000
139632  -32.056  26.106  40.927 0.0000000000
139633  -31.730  25.973  40.481 0.0000000000
149617  -39.583  10.848  39.250 0.0000000000
149624  -38.235  7.813  40.246 0.0000000000
149625  -37.788  7.226  39.857 0.0000000000
149626  -38.008  7.553  39.070 0.0000000000
149627  -37.716  7.054  39.259 0.0000000000
149628  -37.481  6.606  39.487 0.0000000000
149629  -37.199  5.941  39.117 0.0000000000
149635  -36.836  4.984  37.050 0.0000000000
149641  -36.615  7.685  36.306 0.0000000000
149644  -35.795  6.416  35.126 0.0000000000
149686  -38.233  14.078  35.413 0.0000000000
149687  -37.844  14.162  34.970 0.0000000000
149688  -37.502  14.210  34.478 0.0000000000
149689  -38.260  15.553  34.608 0.0000000000
149690  -37.707  14.924  34.295 0.0000000000
149691  -37.112  14.257  33.946 0.0000000000
149692  -36.749  14.287  33.413 0.0000000000
149693  -36.439  14.200  32.952 0.0000000000
149694  -36.135  14.032  32.500 0.0000000000
149695  -39.852  17.605  33.686 0.0000000000
149696  -39.145  17.012  33.354 0.0000000000
149697  -38.453  16.501  33.088 0.0000000000
149698  -38.653  16.767  32.482 0.0000000000
149699  -38.207  16.349  32.632 0.0000000000
149700  -37.787  15.897  32.793 0.0000000000
149701  -37.101  15.324  32.521 0.0000000000
149702  -36.490  14.610  32.273 0.0000000000
149703  -35.881  13.901  32.045 0.0000000000
149704  -35.627  13.774  31.586 0.0000000000
149707  -36.035  14.818  30.864 0.0000000000
149722  -38.201  19.008  30.448 0.0000000000
149767  -45.114  23.555  32.338 0.0000000000
149768  -45.232  24.153  31.869 0.0000000000
149769  -45.265  24.683  31.391 0.0000000000
149770  -45.508  25.205  32.066 0.0000000000
149771  -45.364  25.186  31.467 0.0000000000
149772  -45.195  25.174  30.886 0.0000000000
149773  -45.057  25.602  30.509 0.0000000000
149776  -44.379  26.876  32.688 0.0000000000
149777  -44.543  26.968  32.097 0.0000000000
149778  -44.661  26.956  31.436 0.0000000000
149779  -43.996  27.593  31.242 0.0000000000
149780  -44.451  27.261  31.005 0.0000000000
149781  -44.703  26.854  30.791 0.0000000000
149782  -44.814  26.842  30.285 0.0000000000
149821  -39.103  22.605  39.322 0.0000000000
149822  -39.189  22.880  38.921 0.0000000000
149823  -39.183  23.157  38.472 0.0000000000
149824  -38.101  23.293  39.157 0.0000000000
149825  -38.584  23.341  38.529 0.0000000000
149826  -39.172  23.458  38.030 0.0000000000
149827  -39.099  23.783  37.480 0.0000000000
149828  -39.052  24.157  37.007 0.0000000000
149829  -39.043  24.578  36.599 0.0000000000
149830  -35.960  24.469  39.726 0.0000000000
149831  -36.251  24.361  38.977 0.0000000000
149832  -36.589  24.276  38.272 0.0000000000
149833  -35.844  24.928  37.716 0.0000000000
149834  -36.403  24.536  37.713 0.0000000000
149835  -37.101  24.205  37.542 0.0000000000
149836  -37.666  24.434  36.955 0.0000000000
149837  -38.312  24.722  36.548 0.0000000000
149838  -38.961  25.034  36.290 0.0000000000
149839  -38.856  25.544  36.046 0.0000000000
149840  -38.725  26.009  35.796 0.0000000000
149841  -38.613  26.459  35.553 0.0000000000
149842  -37.257  26.418  35.734 0.0000000000
149843  -37.890  26.672  35.547 0.0000000000
149844  -38.471  26.903  35.278 0.0000000000
149845  -38.320  27.312  34.939 0.0000000000
149848  -32.346  27.298  40.614 0.0000000000
149849  -32.627  27.499  40.356 0.0000000000
149850  -32.957  27.634  40.041 0.0000000000
149851  -32.327  28.232  39.888 0.0000000000
149852  -32.788  28.033  39.880 0.0000000000
149853  -33.242  27.690  39.610 0.0000000000
149854  -33.493  27.692  39.122 0.0000000000
149855  -33.815  27.753  38.613 0.0000000000
149856  -34.138  27.793  38.120 0.0000000000
149858  -32.260  30.057  38.904 0.0000000000
149859  -32.730  29.613  38.891 0.0000000000
149861  -33.061  29.711  38.484 0.0000000000
149862  -33.215  29.197  38.765 0.0000000000
149863  -33.669  28.771  38.488 0.0000000000
149864  -34.059  28.313  38.067 0.0000000000
149865  -34.492  27.868  37.634 0.0000000000
149866  -34.928  27.925  37.109 0.0000000000
149867  -35.421  27.926  36.516 0.0000000000
149868  -35.946  27.990  36.005 0.0000000000
149870  -35.823  28.427  35.691 0.0000000000
149871  -36.439  28.125  35.480 0.0000000000
149872  -36.888  28.162  34.858 0.0000000000
