#!ascii label  , from subject fsaverage vox2ras=TkReg coords=white
1934
24  -38.056  50.015  -3.407 0.0000000000
55  -30.349  46.402  10.774 0.0000000000
256  -34.273  37.870  -8.670 0.0000000000
257  -32.782  49.744  -10.710 0.0000000000
265  -39.025  44.027  4.493 0.0000000000
387  -33.555  50.683  4.499 0.0000000000
388  -28.384  51.177  -4.580 0.0000000000
389  -23.417  50.248  2.035 0.0000000000
735  -41.422  47.220  -7.398 0.0000000000
736  -38.132  46.654  -10.203 0.0000000000
737  -37.494  51.859  -7.162 0.0000000000
745  -37.759  46.626  1.181 0.0000000000
746  -37.991  39.880  0.031 0.0000000000
747  -38.835  43.191  -4.451 0.0000000000
885  -31.693  48.389  7.307 0.0000000000
886  -28.874  48.082  2.411 0.0000000000
887  -26.347  47.281  5.638 0.0000000000
898  -36.577  49.469  9.206 0.0000000000
1133  -21.554  52.362  -5.307 0.0000000000
1134  -25.613  57.025  -8.809 0.0000000000
1468  -24.533  47.117  9.924 0.0000000000
1469  -24.412  48.651  14.419 0.0000000000
1614  -32.925  43.193  -10.837 0.0000000000
1632  -44.751  37.742  0.872 0.0000000000
1863  -36.756  52.629  1.520 0.0000000000
1864  -34.253  53.962  -2.749 0.0000000000
1865  -31.681  50.964  -0.317 0.0000000000
1866  -24.982  49.803  -1.697 0.0000000000
1867  -20.236  54.958  -0.925 0.0000000000
1882  -38.918  49.581  5.644 0.0000000000
2191  -32.378  54.302  -8.131 0.0000000000
2655  -39.769  48.744  -5.365 0.0000000000
2656  -40.162  49.919  -7.364 0.0000000000
2657  -38.912  51.858  -5.340 0.0000000000
2665  -37.512  48.538  -0.993 0.0000000000
2666  -37.408  45.256  -1.920 0.0000000000
2667  -38.656  47.072  -3.996 0.0000000000
2668  -39.893  45.274  -6.021 0.0000000000
2805  -30.976  47.377  8.970 0.0000000000
2806  -29.101  47.451  6.372 0.0000000000
2807  -28.249  46.154  8.006 0.0000000000
2818  -33.198  49.008  10.532 0.0000000000
3406  -25.765  45.992  13.359 0.0000000000
3648  -34.720  47.920  -9.219 0.0000000000
3649  -35.273  45.062  -10.373 0.0000000000
3650  -32.561  46.092  -10.936 0.0000000000
3651  -30.549  43.661  -12.071 0.0000000000
3652  -30.619  47.783  -11.579 0.0000000000
3678  -40.222  38.228  -1.774 0.0000000000
3679  -41.284  38.199  0.422 0.0000000000
4095  -34.956  52.311  3.435 0.0000000000
4096  -34.201  52.514  0.796 0.0000000000
4097  -32.701  50.888  2.219 0.0000000000
4098  -25.724  48.000  1.811 0.0000000000
4099  -26.954  48.139  0.035 0.0000000000
4100  -23.706  49.479  0.134 0.0000000000
4101  -22.087  51.756  -1.354 0.0000000000
4102  -21.674  52.607  0.502 0.0000000000
4103  -23.516  50.114  10.525 0.0000000000
4104  -23.413  49.407  7.752 0.0000000000
4135  -35.032  49.472  6.422 0.0000000000
4136  -37.751  49.781  7.436 0.0000000000
4137  -36.348  50.853  5.125 0.0000000000
4138  -37.575  51.123  3.659 0.0000000000
4838  -31.546  52.277  -3.520 0.0000000000
4839  -33.624  52.976  -5.658 0.0000000000
4840  -30.332  52.194  -6.317 0.0000000000
5933  -40.690  47.822  -9.336 0.0000000000
5934  -37.890  49.226  -8.814 0.0000000000
5935  -34.907  51.085  -8.793 0.0000000000
5949  -38.309  45.155  3.120 0.0000000000
5950  -37.555  42.172  2.153 0.0000000000
5951  -37.124  43.447  0.332 0.0000000000
5952  -37.930  41.239  -2.269 0.0000000000
5953  -40.149  39.497  -4.135 0.0000000000
5955  -40.215  41.344  -6.344 0.0000000000
6201  -32.451  49.177  5.585 0.0000000000
6202  -31.193  49.733  3.608 0.0000000000
6203  -30.032  48.816  5.108 0.0000000000
6204  -27.621  48.040  4.206 0.0000000000
6205  -25.069  48.932  3.789 0.0000000000
6224  -38.238  48.309  11.197 0.0000000000
6225  -35.773  49.958  11.265 0.0000000000
6226  -33.957  48.942  8.460 0.0000000000
6647  -25.006  51.893  -5.301 0.0000000000
6648  -26.749  53.751  -6.923 0.0000000000
6649  -23.542  54.241  -7.512 0.0000000000
7264  -27.289  45.686  9.935 0.0000000000
7266  -24.034  47.758  12.211 0.0000000000
7267  -23.350  51.000  13.144 0.0000000000
7605  -35.535  42.325  -10.853 0.0000000000
7606  -33.456  40.484  -9.724 0.0000000000
7646  -39.135  39.575  1.801 0.0000000000
8211  -37.198  51.420  -0.870 0.0000000000
8212  -36.930  53.085  -2.709 0.0000000000
8213  -35.586  53.488  -0.734 0.0000000000
8214  -32.710  52.854  -1.410 0.0000000000
8215  -29.872  51.624  -2.097 0.0000000000
8216  -30.305  48.926  0.898 0.0000000000
8217  -28.558  49.670  -1.158 0.0000000000
8218  -26.623  50.782  -3.062 0.0000000000
8219  -23.295  51.300  -3.484 0.0000000000
8220  -20.810  53.571  -2.922 0.0000000000
8222  -25.286  46.845  7.547 0.0000000000
8223  -23.920  48.999  5.504 0.0000000000
8224  -23.610  51.498  4.095 0.0000000000
8261  -39.050  44.628  6.500 0.0000000000
8262  -38.292  47.541  9.229 0.0000000000
8263  -38.909  47.241  7.210 0.0000000000
8264  -39.364  46.383  4.850 0.0000000000
8265  -38.558  48.105  3.301 0.0000000000
8266  -37.739  49.718  1.523 0.0000000000
9133  -36.452  53.560  -5.071 0.0000000000
9134  -35.133  53.486  -7.570 0.0000000000
9135  -33.631  53.818  -10.333 0.0000000000
9136  -28.850  56.092  -8.179 0.0000000000
9137  -30.815  56.156  -10.344 0.0000000000
9139  -28.286  50.210  -10.627 0.0000000000
9140  -25.386  47.799  -9.927 0.0000000000
10335  -38.859  49.354  -4.483 0.0000000000
10336  -39.499  50.357  -5.439 0.0000000000
10337  -38.665  50.818  -4.368 0.0000000000
10345  -37.713  49.306  -2.312 0.0000000000
10346  -37.886  47.790  -2.596 0.0000000000
10347  -38.462  48.507  -3.695 0.0000000000
10348  -39.157  47.887  -4.666 0.0000000000
10485  -30.725  46.904  9.891 0.0000000000
10486  -29.699  46.662  8.502 0.0000000000
10487  -29.343  46.172  9.316 0.0000000000
10495  -31.309  46.721  12.478 0.0000000000
10497  -31.560  47.312  11.673 0.0000000000
10498  -31.871  47.817  10.717 0.0000000000
11328  -33.541  48.869  -9.833 0.0000000000
11329  -33.578  47.072  -10.062 0.0000000000
11330  -32.509  47.900  -10.780 0.0000000000
11331  -31.589  46.903  -11.456 0.0000000000
11332  -31.657  48.789  -11.349 0.0000000000
11355  -39.259  43.275  5.340 0.0000000000
11357  -38.775  42.655  4.143 0.0000000000
11358  -41.583  37.613  -2.554 0.0000000000
11359  -41.983  37.499  -1.513 0.0000000000
11360  -43.298  36.972  -2.191 0.0000000000
11775  -34.231  51.520  4.050 0.0000000000
11776  -33.716  51.813  2.902 0.0000000000
11777  -33.055  51.109  3.596 0.0000000000
11778  -24.429  48.930  1.832 0.0000000000
11779  -24.717  48.604  0.887 0.0000000000
11780  -23.395  49.677  1.108 0.0000000000
11781  -22.587  50.799  0.354 0.0000000000
11782  -22.538  51.331  1.332 0.0000000000
11815  -34.241  49.896  5.253 0.0000000000
11816  -35.684  50.189  5.747 0.0000000000
11817  -34.868  50.756  4.762 0.0000000000
11818  -35.548  51.501  4.278 0.0000000000
12503  -35.704  37.368  -9.244 0.0000000000
12505  -34.665  36.470  -8.550 0.0000000000
12518  -30.163  51.451  -4.006 0.0000000000
12519  -31.143  51.698  -4.868 0.0000000000
12520  -29.439  51.517  -5.447 0.0000000000
13725  -41.776  46.545  -8.602 0.0000000000
13727  -41.375  47.765  -8.456 0.0000000000
13728  -38.903  51.100  -7.371 0.0000000000
13729  -39.185  49.790  -8.278 0.0000000000
13730  -37.689  50.569  -8.008 0.0000000000
13731  -36.148  49.953  -8.405 0.0000000000
13732  -36.152  51.301  -7.948 0.0000000000
13755  -38.014  45.749  2.294 0.0000000000
13756  -37.563  44.305  1.811 0.0000000000
13757  -37.439  45.110  0.784 0.0000000000
13758  -38.000  44.252  -3.297 0.0000000000
13759  -37.492  43.321  -2.236 0.0000000000
13760  -38.363  42.315  -3.431 0.0000000000
13761  -39.013  40.374  -3.248 0.0000000000
13762  -39.311  41.360  -4.445 0.0000000000
13763  -40.088  40.436  -5.270 0.0000000000
13764  -39.455  42.343  -5.400 0.0000000000
13765  -40.648  46.317  -6.692 0.0000000000
13767  -41.324  45.530  -7.887 0.0000000000
14175  -32.069  48.719  6.385 0.0000000000
14176  -31.133  49.119  5.427 0.0000000000
14177  -30.806  48.393  6.019 0.0000000000
14178  -27.768  47.130  6.035 0.0000000000
14179  -28.303  47.843  5.436 0.0000000000
14180  -26.950  47.712  4.983 0.0000000000
14181  -26.297  48.177  3.886 0.0000000000
14182  -25.632  48.160  4.698 0.0000000000
14213  -36.833  49.807  12.565 0.0000000000
14214  -35.315  50.133  12.388 0.0000000000
14215  -32.491  48.595  8.965 0.0000000000
14216  -33.518  49.048  9.537 0.0000000000
14217  -32.868  48.718  7.973 0.0000000000
14218  -33.270  48.838  6.915 0.0000000000
14918  -23.300  52.012  -5.398 0.0000000000
14919  -24.195  52.955  -6.462 0.0000000000
14920  -22.442  52.928  -6.598 0.0000000000
15978  -24.920  47.282  13.861 0.0000000000
15979  -24.772  46.717  12.823 0.0000000000
15980  -24.095  48.256  13.343 0.0000000000
15981  -23.599  49.422  12.656 0.0000000000
15982  -23.761  49.787  13.897 0.0000000000
16705  -38.256  45.520  -10.977 0.0000000000
16706  -34.043  44.106  -10.643 0.0000000000
16707  -35.432  43.634  -10.727 0.0000000000
16708  -34.244  42.742  -10.720 0.0000000000
16709  -34.392  41.378  -10.445 0.0000000000
16710  -33.102  41.886  -10.284 0.0000000000
16712  -31.850  42.105  -10.581 0.0000000000
16793  -37.497  40.998  1.038 0.0000000000
16794  -37.994  40.650  1.864 0.0000000000
16795  -38.485  39.631  0.918 0.0000000000
16796  -43.095  38.116  0.598 0.0000000000
18045  -37.076  52.015  0.316 0.0000000000
18046  -36.586  52.817  -0.732 0.0000000000
18047  -36.210  53.060  0.287 0.0000000000
18048  -32.970  51.715  0.175 0.0000000000
18049  -33.605  52.627  -0.430 0.0000000000
18050  -32.223  52.010  -0.926 0.0000000000
18051  -31.305  52.338  -1.721 0.0000000000
18052  -30.763  51.384  -1.212 0.0000000000
18053  -30.176  48.794  2.934 0.0000000000
18054  -30.901  49.232  2.166 0.0000000000
18055  -29.562  48.357  1.588 0.0000000000
18056  -25.872  48.785  -0.862 0.0000000000
18057  -27.716  48.772  -0.617 0.0000000000
18058  -26.701  49.471  -1.509 0.0000000000
18059  -27.572  50.259  -2.048 0.0000000000
18060  -25.769  50.273  -2.417 0.0000000000
18061  -24.968  50.821  -3.450 0.0000000000
18062  -24.091  50.587  -2.625 0.0000000000
18063  -21.065  53.267  -1.056 0.0000000000
18064  -21.400  52.690  -2.067 0.0000000000
18065  -20.565  54.341  -1.833 0.0000000000
18067  -19.855  56.060  -1.778 0.0000000000
18068  -25.782  46.085  9.827 0.0000000000
18069  -26.293  46.155  8.788 0.0000000000
18070  -24.937  46.946  8.704 0.0000000000
18071  -22.698  50.574  6.832 0.0000000000
18072  -23.519  49.149  6.595 0.0000000000
18073  -22.975  50.327  5.712 0.0000000000
18074  -23.653  50.179  4.715 0.0000000000
18075  -22.851  51.687  4.957 0.0000000000
18083  -21.840  55.841  2.607 0.0000000000
18084  -21.292  55.163  1.663 0.0000000000
18165  -37.377  49.077  10.349 0.0000000000
18166  -38.355  47.894  10.162 0.0000000000
18167  -37.651  48.781  9.382 0.0000000000
18168  -38.537  49.980  6.616 0.0000000000
18169  -38.669  48.716  7.576 0.0000000000
18170  -39.198  48.390  6.474 0.0000000000
18171  -39.281  46.866  6.103 0.0000000000
18172  -39.339  47.888  5.314 0.0000000000
18173  -38.984  47.162  4.165 0.0000000000
18174  -38.890  48.885  4.470 0.0000000000
18175  -37.107  51.910  2.690 0.0000000000
18176  -37.777  50.477  2.629 0.0000000000
18177  -37.526  51.295  1.589 0.0000000000
18178  -37.505  50.615  0.414 0.0000000000
20273  -35.858  53.926  -2.614 0.0000000000
20274  -36.857  53.533  -3.877 0.0000000000
20275  -35.359  53.973  -3.936 0.0000000000
20276  -32.981  53.071  -7.048 0.0000000000
20277  -34.504  53.411  -6.629 0.0000000000
20278  -33.943  53.918  -8.029 0.0000000000
20279  -34.603  53.777  -9.050 0.0000000000
20280  -33.348  54.798  -9.236 0.0000000000
20281  -26.119  55.560  -7.704 0.0000000000
20282  -27.768  54.935  -7.536 0.0000000000
20283  -27.263  56.770  -8.372 0.0000000000
20286  -29.655  55.458  -11.055 0.0000000000
20289  -29.590  51.300  -11.222 0.0000000000
20290  -28.198  52.219  -10.856 0.0000000000
20292  -25.297  49.830  -10.265 0.0000000000
23211  -40.644  47.985  -6.333 0.0000000000
23212  -40.987  48.620  -7.396 0.0000000000
23213  -40.336  49.494  -6.285 0.0000000000
23214  -39.661  51.091  -6.388 0.0000000000
23215  -38.506  52.182  -6.389 0.0000000000
23229  -37.428  47.533  0.087 0.0000000000
23230  -37.320  46.000  -0.385 0.0000000000
23231  -37.405  46.975  -1.409 0.0000000000
23232  -37.923  46.210  -3.002 0.0000000000
23233  -38.739  45.198  -4.402 0.0000000000
23234  -39.326  44.291  -5.317 0.0000000000
23235  -39.399  46.243  -5.061 0.0000000000
23236  -39.922  47.119  -5.597 0.0000000000
23481  -31.354  47.918  8.205 0.0000000000
23482  -30.424  47.858  6.836 0.0000000000
23483  -30.063  47.253  7.620 0.0000000000
23484  -28.695  46.708  7.141 0.0000000000
23485  -27.264  46.540  6.767 0.0000000000
23504  -34.023  49.637  12.110 0.0000000000
23505  -32.947  48.755  11.510 0.0000000000
23506  -32.139  48.192  9.779 0.0000000000
24565  -25.270  47.777  14.863 0.0000000000
24998  -36.447  47.171  -9.633 0.0000000000
24999  -36.655  45.946  -10.373 0.0000000000
25000  -35.025  46.392  -9.789 0.0000000000
25001  -33.757  45.520  -10.358 0.0000000000
25002  -32.702  44.522  -11.112 0.0000000000
25003  -31.722  43.448  -11.420 0.0000000000
25004  -31.649  45.037  -11.712 0.0000000000
25005  -30.601  45.721  -11.868 0.0000000000
25052  -39.036  38.949  -0.935 0.0000000000
25053  -39.497  38.713  0.136 0.0000000000
25054  -40.677  37.992  -0.674 0.0000000000
25055  -42.438  37.643  -0.414 0.0000000000
25056  -44.177  37.624  -0.239 0.0000000000
25058  -45.385  36.971  -0.964 0.0000000000
25803  -35.912  52.826  2.570 0.0000000000
25804  -35.475  52.968  1.266 0.0000000000
25805  -34.605  52.508  2.224 0.0000000000
25806  -33.477  51.692  1.551 0.0000000000
25807  -32.396  50.761  0.886 0.0000000000
25808  -27.317  47.704  2.005 0.0000000000
25809  -27.934  47.880  1.111 0.0000000000
25810  -26.278  47.955  0.838 0.0000000000
25811  -25.218  48.582  -0.045 0.0000000000
25812  -24.243  49.508  -0.843 0.0000000000
25813  -23.396  50.573  -1.654 0.0000000000
25814  -22.956  50.659  -0.605 0.0000000000
25815  -21.736  52.112  -0.409 0.0000000000
25816  -20.827  53.806  -0.180 0.0000000000
25817  -23.856  48.591  10.190 0.0000000000
25818  -23.976  48.311  8.810 0.0000000000
25819  -23.428  49.701  9.104 0.0000000000
25875  -35.749  49.397  7.821 0.0000000000
25876  -37.106  49.535  8.326 0.0000000000
25877  -36.391  49.954  7.030 0.0000000000
25878  -37.154  50.428  6.316 0.0000000000
25879  -37.763  50.609  5.629 0.0000000000
25880  -38.284  50.496  4.705 0.0000000000
25881  -37.009  51.248  4.529 0.0000000000
25882  -36.273  52.072  3.627 0.0000000000
27140  -32.769  53.342  -3.126 0.0000000000
27141  -33.918  53.619  -4.217 0.0000000000
27142  -32.561  52.560  -4.511 0.0000000000
27143  -32.063  52.201  -5.899 0.0000000000
27144  -31.331  53.231  -7.211 0.0000000000
29203  -39.573  47.309  -9.939 0.0000000000
29204  -40.429  48.793  -8.341 0.0000000000
29205  -39.447  48.445  -9.094 0.0000000000
29206  -37.995  47.885  -9.517 0.0000000000
29207  -36.275  48.531  -8.984 0.0000000000
29208  -34.731  49.549  -8.972 0.0000000000
29209  -33.794  50.641  -9.905 0.0000000000
29241  -38.598  44.637  3.819 0.0000000000
29242  -38.201  43.226  3.306 0.0000000000
29243  -37.790  43.728  2.647 0.0000000000
29244  -37.263  42.654  1.324 0.0000000000
29245  -37.165  41.538  0.061 0.0000000000
29246  -37.160  44.351  -0.782 0.0000000000
29247  -37.192  42.296  -1.095 0.0000000000
29248  -37.742  40.403  -1.093 0.0000000000
29249  -38.872  39.511  -2.087 0.0000000000
29250  -40.114  38.708  -2.943 0.0000000000
29253  -41.210  38.835  -4.854 0.0000000000
29254  -40.945  39.590  -6.069 0.0000000000
29255  -41.016  40.479  -7.284 0.0000000000
29256  -39.812  43.303  -6.390 0.0000000000
29829  -32.968  49.874  4.994 0.0000000000
29830  -32.279  50.441  4.195 0.0000000000
29831  -31.634  49.747  4.835 0.0000000000
29832  -30.527  49.282  4.438 0.0000000000
29833  -29.531  48.624  3.830 0.0000000000
29834  -29.572  48.139  5.759 0.0000000000
29835  -29.024  48.386  4.724 0.0000000000
29836  -28.321  48.057  3.312 0.0000000000
29837  -26.743  47.836  2.918 0.0000000000
29838  -25.364  48.466  2.796 0.0000000000
29839  -24.293  49.512  2.794 0.0000000000
29883  -37.960  48.365  12.416 0.0000000000
29884  -37.171  49.534  11.394 0.0000000000
29885  -36.192  49.617  10.221 0.0000000000
29886  -34.307  49.613  11.052 0.0000000000
29887  -34.782  49.444  9.979 0.0000000000
29888  -35.248  49.240  8.867 0.0000000000
29889  -34.471  49.024  7.355 0.0000000000
29890  -33.734  49.188  5.904 0.0000000000
30848  -32.805  38.310  -8.261 0.0000000000
30869  -26.619  51.514  -4.977 0.0000000000
30870  -27.521  52.179  -5.967 0.0000000000
30871  -25.852  52.656  -6.224 0.0000000000
30872  -25.216  54.271  -7.228 0.0000000000
30873  -24.603  55.763  -8.175 0.0000000000
30875  -22.899  55.489  -8.641 0.0000000000
32331  -30.103  45.816  11.515 0.0000000000
32332  -28.947  45.769  10.255 0.0000000000
32333  -28.499  45.348  10.997 0.0000000000
32334  -26.760  45.440  10.718 0.0000000000
32335  -25.283  46.094  10.744 0.0000000000
32336  -25.974  45.511  12.427 0.0000000000
32337  -24.933  46.341  11.793 0.0000000000
32338  -24.233  47.333  11.038 0.0000000000
32339  -23.716  48.948  11.444 0.0000000000
32340  -23.468  50.638  11.884 0.0000000000
32341  -23.320  52.349  12.174 0.0000000000
32347  -24.015  50.015  15.107 0.0000000000
32349  -23.295  52.655  13.580 0.0000000000
33253  -35.234  38.732  -9.466 0.0000000000
33259  -36.772  41.842  -11.255 0.0000000000
33262  -33.894  39.125  -9.105 0.0000000000
33263  -32.465  39.589  -8.865 0.0000000000
33266  -30.607  42.120  -11.338 0.0000000000
33370  -39.777  39.424  2.909 0.0000000000
33371  -40.083  38.877  1.122 0.0000000000
34935  -37.438  50.714  -2.207 0.0000000000
34936  -37.654  51.631  -2.962 0.0000000000
34937  -36.959  52.305  -1.886 0.0000000000
34938  -36.203  53.553  -1.579 0.0000000000
34939  -34.914  53.831  -1.690 0.0000000000
34940  -34.909  53.109  0.044 0.0000000000
34941  -34.192  53.373  -1.017 0.0000000000
34942  -33.364  53.548  -1.916 0.0000000000
34943  -31.984  52.927  -2.374 0.0000000000
34944  -30.650  52.155  -2.719 0.0000000000
34945  -29.267  51.325  -3.322 0.0000000000
34946  -31.961  50.291  2.928 0.0000000000
34947  -31.641  49.847  1.490 0.0000000000
34948  -31.100  49.842  0.275 0.0000000000
34949  -28.669  48.345  0.382 0.0000000000
34950  -29.517  49.167  -0.215 0.0000000000
34951  -30.171  50.219  -0.730 0.0000000000
34952  -29.243  50.699  -1.610 0.0000000000
34953  -28.363  50.946  -2.634 0.0000000000
34954  -27.457  51.121  -3.806 0.0000000000
34955  -25.785  51.229  -4.148 0.0000000000
34956  -24.175  51.489  -4.365 0.0000000000
34957  -22.515  51.838  -4.404 0.0000000000
34958  -22.577  51.423  -2.437 0.0000000000
34959  -21.857  52.147  -3.230 0.0000000000
34960  -20.979  52.738  -4.041 0.0000000000
34964  -27.759  45.862  8.982 0.0000000000
34965  -26.767  46.205  7.750 0.0000000000
34966  -25.821  46.921  6.536 0.0000000000
34967  -24.196  47.993  7.590 0.0000000000
34968  -24.544  47.872  6.485 0.0000000000
34969  -25.080  47.890  5.530 0.0000000000
34970  -24.538  48.949  4.656 0.0000000000
34971  -24.246  50.031  3.826 0.0000000000
34972  -23.642  50.958  3.060 0.0000000000
34979  -22.898  53.138  4.275 0.0000000000
34980  -23.100  52.716  3.314 0.0000000000
34981  -22.777  52.012  2.363 0.0000000000
34982  -21.936  53.303  1.583 0.0000000000
34983  -20.889  54.499  0.766 0.0000000000
34984  -20.047  55.689  -0.107 0.0000000000
35081  -39.365  44.447  5.529 0.0000000000
35082  -38.441  46.766  10.958 0.0000000000
35083  -38.307  46.485  9.831 0.0000000000
35084  -38.222  46.246  8.791 0.0000000000
35085  -38.143  48.714  8.499 0.0000000000
35086  -38.497  47.398  8.219 0.0000000000
35088  -38.865  45.859  6.712 0.0000000000
35089  -39.230  45.590  5.750 0.0000000000
35090  -39.173  45.180  4.733 0.0000000000
35091  -38.935  45.763  3.940 0.0000000000
35092  -38.512  46.437  3.269 0.0000000000
35093  -38.146  47.237  2.254 0.0000000000
35094  -38.392  49.797  3.576 0.0000000000
35095  -37.997  48.931  2.366 0.0000000000
35096  -37.749  48.131  1.331 0.0000000000
35097  -37.551  49.056  0.364 0.0000000000
35098  -37.464  50.036  -0.910 0.0000000000
37639  -37.914  52.333  -4.073 0.0000000000
37640  -37.707  52.990  -5.076 0.0000000000
37641  -37.133  52.961  -6.151 0.0000000000
37642  -34.974  53.711  -5.237 0.0000000000
37643  -35.797  53.420  -6.239 0.0000000000
37644  -36.182  52.679  -7.133 0.0000000000
37645  -35.244  52.526  -8.386 0.0000000000
37646  -34.327  52.424  -9.711 0.0000000000
37647  -33.227  51.882  -10.771 0.0000000000
37648  -28.467  52.913  -6.718 0.0000000000
37649  -29.443  53.962  -7.400 0.0000000000
37650  -30.520  54.995  -8.119 0.0000000000
37652  -29.987  56.654  -9.091 0.0000000000
37653  -31.659  55.717  -9.144 0.0000000000
37654  -32.407  55.098  -10.456 0.0000000000
37656  -31.916  50.983  -11.370 0.0000000000
37658  -29.626  49.042  -11.155 0.0000000000
37659  -28.337  47.941  -10.476 0.0000000000
37661  -26.874  48.984  -10.122 0.0000000000
41055  -38.448  49.652  -3.962 0.0000000000
41056  -38.764  50.066  -4.455 0.0000000000
41057  -38.353  50.362  -3.889 0.0000000000
41065  -37.860  49.629  -2.886 0.0000000000
41066  -38.055  48.871  -3.057 0.0000000000
41067  -38.244  49.168  -3.578 0.0000000000
41068  -38.630  48.892  -4.096 0.0000000000
41205  -30.540  46.667  10.348 0.0000000000
41206  -30.064  46.521  9.619 0.0000000000
41207  -29.874  46.293  10.050 0.0000000000
41215  -30.851  46.550  11.655 0.0000000000
41216  -31.394  47.000  12.135 0.0000000000
41217  -30.988  46.821  11.216 0.0000000000
41218  -31.171  47.068  10.766 0.0000000000
42048  -33.096  49.290  -10.303 0.0000000000
42049  -33.023  48.360  -10.346 0.0000000000
42050  -32.623  48.796  -10.740 0.0000000000
42051  -32.095  48.315  -11.088 0.0000000000
42052  -32.229  49.236  -11.073 0.0000000000
42075  -39.225  43.648  4.877 0.0000000000
42076  -39.078  42.989  4.730 0.0000000000
42077  -38.915  43.347  4.309 0.0000000000
42495  -33.894  51.124  4.241 0.0000000000
42496  -33.598  51.352  3.827 0.0000000000
42497  -33.288  50.958  4.104 0.0000000000
42498  -23.856  49.542  1.941 0.0000000000
42499  -23.874  49.296  1.477 0.0000000000
42500  -23.351  49.965  1.577 0.0000000000
42501  -22.896  50.429  1.188 0.0000000000
42502  -22.951  50.719  1.702 0.0000000000
42535  -33.857  50.278  4.882 0.0000000000
42536  -34.533  50.317  5.020 0.0000000000
42537  -34.167  50.713  4.636 0.0000000000
42538  -34.500  51.161  4.400 0.0000000000
43223  -35.021  37.597  -8.949 0.0000000000
43224  -35.208  36.907  -8.908 0.0000000000
43225  -34.483  37.152  -8.561 0.0000000000
43238  -29.386  51.132  -4.267 0.0000000000
43239  -29.858  51.287  -4.702 0.0000000000
43240  -28.949  51.316  -4.999 0.0000000000
44445  -41.610  46.843  -7.995 0.0000000000
44446  -41.697  47.109  -8.483 0.0000000000
44447  -41.485  47.523  -7.927 0.0000000000
44448  -38.240  51.520  -7.293 0.0000000000
44449  -38.380  50.864  -7.738 0.0000000000
44450  -37.610  51.212  -7.607 0.0000000000
44451  -36.852  50.854  -7.929 0.0000000000
44452  -36.829  51.544  -7.537 0.0000000000
44475  -37.930  46.168  1.724 0.0000000000
44476  -37.707  45.421  1.587 0.0000000000
44477  -37.626  45.885  0.993 0.0000000000
44478  -38.351  43.737  -3.899 0.0000000000
44479  -38.111  43.289  -3.404 0.0000000000
44480  -38.600  42.807  -3.972 0.0000000000
44481  -38.855  41.834  -3.949 0.0000000000
44482  -39.051  42.288  -4.515 0.0000000000
44483  -39.408  41.844  -4.921 0.0000000000
44484  -39.148  42.806  -4.950 0.0000000000
44485  -41.101  46.817  -7.043 0.0000000000
44486  -41.003  45.918  -7.267 0.0000000000
44487  -41.402  46.422  -7.627 0.0000000000
44488  -41.630  46.090  -8.235 0.0000000000
44895  -31.892  48.547  6.843 0.0000000000
44896  -31.405  48.610  6.201 0.0000000000
44897  -31.249  48.339  6.619 0.0000000000
44898  -27.040  47.144  5.822 0.0000000000
44899  -27.332  47.462  5.513 0.0000000000
44900  -26.631  47.506  5.288 0.0000000000
44901  -26.265  47.865  4.795 0.0000000000
44902  -25.983  47.704  5.109 0.0000000000
44935  -32.108  48.463  8.146 0.0000000000
44936  -32.693  48.691  8.492 0.0000000000
44937  -32.312  48.581  7.662 0.0000000000
44938  -32.512  48.677  7.161 0.0000000000
45638  -22.434  52.154  -5.394 0.0000000000
45639  -22.837  52.456  -6.039 0.0000000000
45640  -21.969  52.520  -5.996 0.0000000000
46698  -24.638  47.941  14.111 0.0000000000
46699  -24.482  47.723  13.607 0.0000000000
46700  -24.239  48.475  13.873 0.0000000000
46701  -23.886  49.042  13.596 0.0000000000
46702  -24.061  49.211  14.187 0.0000000000
47423  -38.931  46.439  -10.534 0.0000000000
47424  -38.985  45.883  -10.929 0.0000000000
47425  -38.208  46.094  -10.621 0.0000000000
47426  -33.466  43.653  -10.803 0.0000000000
47427  -34.155  43.431  -10.709 0.0000000000
47428  -33.557  43.020  -10.745 0.0000000000
47429  -33.639  42.332  -10.596 0.0000000000
47430  -33.014  42.546  -10.689 0.0000000000
47431  -32.509  42.021  -10.393 0.0000000000
47432  -32.415  42.693  -10.843 0.0000000000
47513  -37.656  40.422  0.505 0.0000000000
47514  -37.910  40.266  0.953 0.0000000000
47515  -38.244  39.741  0.500 0.0000000000
47516  -43.935  38.106  0.737 0.0000000000
47517  -43.434  38.297  1.190 0.0000000000
47518  -44.201  37.981  1.345 0.0000000000
47519  -44.317  37.632  1.941 0.0000000000
47520  -44.864  37.419  1.460 0.0000000000
47521  -45.302  36.740  1.531 0.0000000000
47522  -45.378  37.215  0.994 0.0000000000
48765  -36.954  52.313  0.889 0.0000000000
48766  -36.695  52.661  0.354 0.0000000000
48767  -36.485  52.830  0.875 0.0000000000
48768  -32.351  51.331  -0.109 0.0000000000
48769  -32.647  51.864  -0.433 0.0000000000
48770  -31.965  51.484  -0.668 0.0000000000
48771  -31.504  51.694  -1.079 0.0000000000
48772  -31.251  51.142  -0.796 0.0000000000
48773  -29.558  48.396  2.658 0.0000000000
48774  -29.897  48.504  2.189 0.0000000000
48775  -29.196  48.128  1.980 0.0000000000
48776  -25.443  49.321  -1.277 0.0000000000
48777  -26.299  49.143  -1.197 0.0000000000
48778  -25.864  49.591  -1.641 0.0000000000
48779  -26.289  49.920  -1.957 0.0000000000
48780  -25.387  50.047  -2.066 0.0000000000
48781  -24.913  50.366  -2.543 0.0000000000
48782  -24.509  50.232  -2.136 0.0000000000
48783  -20.636  54.110  -0.978 0.0000000000
48784  -20.818  53.819  -1.390 0.0000000000
48785  -20.381  54.701  -1.358 0.0000000000
48786  -20.193  55.204  -1.803 0.0000000000
48787  -20.034  55.558  -1.323 0.0000000000
48788  -25.097  46.517  9.838 0.0000000000
48789  -25.373  46.505  9.299 0.0000000000
48790  -24.749  47.053  9.338 0.0000000000
48885  -36.946  49.306  9.794 0.0000000000
48886  -37.493  48.927  9.860 0.0000000000
48887  -37.150  49.214  9.327 0.0000000000
48888  -38.769  49.797  6.162 0.0000000000
48889  -38.990  49.219  6.602 0.0000000000
48890  -39.145  49.001  6.076 0.0000000000
48891  -39.341  48.157  5.910 0.0000000000
48892  -39.193  48.732  5.499 0.0000000000
48893  -39.160  48.384  4.925 0.0000000000
48894  -38.944  49.291  5.064 0.0000000000
48895  -36.920  52.300  2.138 0.0000000000
48896  -37.429  51.641  2.125 0.0000000000
48897  -37.266  52.029  1.539 0.0000000000
48898  -37.327  51.684  0.928 0.0000000000
50993  -35.068  54.026  -2.651 0.0000000000
50994  -35.591  54.011  -3.253 0.0000000000
50995  -34.767  54.048  -3.368 0.0000000000
50996  -32.728  53.580  -7.707 0.0000000000
50997  -33.455  53.570  -7.592 0.0000000000
50998  -33.200  54.089  -8.118 0.0000000000
50999  -33.701  54.361  -8.670 0.0000000000
51000  -32.881  54.667  -8.630 0.0000000000
51001  -25.887  56.368  -8.196 0.0000000000
51002  -26.680  56.216  -8.014 0.0000000000
51003  -26.401  56.931  -8.566 0.0000000000
54045  -40.165  48.416  -5.785 0.0000000000
54046  -40.531  48.734  -6.303 0.0000000000
54047  -40.077  49.209  -5.825 0.0000000000
54048  -39.283  51.129  -5.379 0.0000000000
54049  -39.653  50.765  -5.895 0.0000000000
54050  -39.321  51.538  -5.880 0.0000000000
54051  -39.130  51.719  -6.404 0.0000000000
54052  -38.795  52.115  -5.880 0.0000000000
54075  -37.446  48.046  -0.431 0.0000000000
54076  -37.375  47.248  -0.678 0.0000000000
54077  -37.485  47.766  -1.199 0.0000000000
54078  -38.247  47.477  -3.303 0.0000000000
54079  -37.891  47.067  -2.762 0.0000000000
54080  -38.273  46.652  -3.522 0.0000000000
54081  -38.310  45.711  -3.718 0.0000000000
54082  -38.727  46.166  -4.245 0.0000000000
54083  -39.080  45.730  -4.728 0.0000000000
54084  -39.026  46.678  -4.547 0.0000000000
54085  -39.525  48.260  -4.963 0.0000000000
54086  -39.538  47.505  -5.108 0.0000000000
54087  -39.898  47.924  -5.423 0.0000000000
54088  -40.303  47.577  -5.933 0.0000000000
54495  -31.155  47.626  8.573 0.0000000000
54496  -30.716  47.565  7.897 0.0000000000
54497  -30.527  47.248  8.281 0.0000000000
54498  -28.969  46.328  8.229 0.0000000000
54499  -29.178  46.628  7.784 0.0000000000
54500  -28.472  46.403  7.551 0.0000000000
54501  -28.003  46.538  6.927 0.0000000000
54502  -27.776  46.300  7.358 0.0000000000
54535  -31.430  47.580  9.828 0.0000000000
54536  -32.002  48.006  10.230 0.0000000000
54537  -31.558  47.791  9.386 0.0000000000
54538  -31.738  48.012  9.025 0.0000000000
57023  -35.564  47.457  -9.415 0.0000000000
57024  -35.702  46.783  -9.710 0.0000000000
57025  -34.888  47.113  -9.543 0.0000000000
57026  -33.047  46.648  -10.526 0.0000000000
57027  -33.653  46.255  -10.231 0.0000000000
57028  -33.122  45.796  -10.624 0.0000000000
57029  -33.197  45.033  -10.718 0.0000000000
57030  -32.614  45.272  -11.049 0.0000000000
57031  -32.158  44.758  -11.397 0.0000000000
57032  -32.104  45.582  -11.346 0.0000000000
57033  -31.104  47.341  -11.585 0.0000000000
57034  -31.114  46.330  -11.725 0.0000000000
57035  -30.582  46.773  -11.679 0.0000000000
57036  -30.079  46.140  -11.653 0.0000000000
57037  -30.091  47.240  -11.478 0.0000000000
57113  -39.641  38.573  -1.382 0.0000000000
57114  -39.819  38.407  -0.832 0.0000000000
57115  -40.442  38.074  -1.223 0.0000000000
57116  -42.839  37.313  -1.370 0.0000000000
57117  -42.176  37.534  -0.943 0.0000000000
57118  -43.083  37.398  -0.857 0.0000000000
57119  -43.355  37.588  -0.357 0.0000000000
57120  -43.934  37.366  -0.733 0.0000000000
57121  -44.742  37.302  -0.613 0.0000000000
57122  -44.547  37.078  -1.067 0.0000000000
58365  -35.408  52.671  3.032 0.0000000000
58366  -35.256  52.765  2.457 0.0000000000
58367  -34.761  52.446  2.890 0.0000000000
58368  -33.246  51.413  2.577 0.0000000000
58369  -33.603  51.778  2.215 0.0000000000
58370  -33.095  51.295  1.878 0.0000000000
58371  -32.940  51.239  1.197 0.0000000000
58372  -32.540  50.777  1.521 0.0000000000
58373  -26.495  47.778  1.880 0.0000000000
58374  -26.782  47.796  1.415 0.0000000000
58375  -25.976  47.915  1.302 0.0000000000
58376  -24.147  49.013  0.493 0.0000000000
58377  -24.947  48.586  0.432 0.0000000000
58378  -24.407  48.983  0.039 0.0000000000
58379  -24.700  49.004  -0.452 0.0000000000
58380  -23.928  49.455  -0.346 0.0000000000
58381  -23.568  50.039  -0.715 0.0000000000
58382  -23.329  50.037  -0.234 0.0000000000
58383  -22.130  51.675  0.428 0.0000000000
58384  -22.192  51.477  -0.053 0.0000000000
58385  -21.696  52.310  0.050 0.0000000000
58386  -21.287  52.920  -0.282 0.0000000000
58387  -21.235  53.208  0.133 0.0000000000
58388  -23.643  49.345  10.340 0.0000000000
58389  -23.634  49.190  9.630 0.0000000000
58390  -23.459  49.893  9.811 0.0000000000
58485  -35.401  49.413  7.170 0.0000000000
58486  -36.061  49.656  7.442 0.0000000000
58487  -35.713  49.697  6.753 0.0000000000
58488  -36.012  50.552  5.470 0.0000000000
58489  -36.406  50.370  6.058 0.0000000000
58490  -36.741  50.606  5.768 0.0000000000
58491  -37.495  50.570  6.032 0.0000000000
58492  -37.070  50.792  5.445 0.0000000000
58493  -37.377  50.941  5.101 0.0000000000
58494  -36.687  51.078  4.861 0.0000000000
58495  -35.194  51.959  3.945 0.0000000000
58496  -35.880  51.860  4.009 0.0000000000
58497  -35.578  52.284  3.575 0.0000000000
58498  -36.034  52.449  3.151 0.0000000000
60593  -32.149  52.804  -3.335 0.0000000000
60594  -32.673  52.927  -3.830 0.0000000000
60595  -32.033  52.390  -4.000 0.0000000000
60596  -30.768  51.734  -5.631 0.0000000000
60597  -31.598  51.905  -5.375 0.0000000000
60598  -31.216  52.102  -6.098 0.0000000000
60599  -31.711  52.580  -6.595 0.0000000000
60600  -30.821  52.716  -6.754 0.0000000000
64218  -41.199  47.403  -9.470 0.0000000000
64219  -41.337  46.991  -9.994 0.0000000000
64220  -40.831  47.359  -9.901 0.0000000000
64221  -40.313  47.116  -10.172 0.0000000000
64222  -40.203  47.643  -9.653 0.0000000000
64223  -40.587  49.255  -7.408 0.0000000000
64224  -40.769  48.765  -7.907 0.0000000000
64225  -40.300  49.374  -7.893 0.0000000000
64226  -38.570  49.557  -8.611 0.0000000000
64227  -39.336  49.125  -8.686 0.0000000000
64228  -38.693  48.879  -8.990 0.0000000000
64229  -38.774  48.190  -9.368 0.0000000000
64230  -37.939  48.580  -9.204 0.0000000000
64231  -37.128  48.193  -9.255 0.0000000000
64232  -37.070  48.857  -8.918 0.0000000000
64233  -35.441  50.527  -8.494 0.0000000000
64234  -35.412  49.816  -8.651 0.0000000000
64235  -34.782  50.361  -8.842 0.0000000000
64236  -34.185  50.079  -9.330 0.0000000000
64237  -34.360  50.882  -9.356 0.0000000000
64305  -38.425  44.901  3.472 0.0000000000
64306  -38.157  44.199  3.248 0.0000000000
64307  -37.992  44.452  2.898 0.0000000000
64308  -37.304  43.896  1.087 0.0000000000
64309  -37.356  43.535  1.585 0.0000000000
64310  -37.179  43.014  0.853 0.0000000000
64311  -37.154  42.101  0.666 0.0000000000
64312  -37.063  42.468  0.149 0.0000000000
64313  -37.294  45.654  -1.142 0.0000000000
64314  -37.233  45.204  -0.592 0.0000000000
64315  -37.250  44.807  -1.387 0.0000000000
64316  -37.649  42.302  -2.324 0.0000000000
64317  -37.335  42.822  -1.670 0.0000000000
64318  -37.501  41.762  -1.726 0.0000000000
64319  -37.373  41.285  -1.134 0.0000000000
64320  -37.789  40.775  -1.691 0.0000000000
64321  -38.239  39.937  -1.604 0.0000000000
64322  -38.332  40.330  -2.191 0.0000000000
64323  -39.582  39.925  -3.692 0.0000000000
64324  -39.514  39.492  -3.104 0.0000000000
64325  -40.117  39.051  -3.538 0.0000000000
64326  -40.715  38.333  -3.359 0.0000000000
64327  -40.704  38.692  -3.955 0.0000000000
64328  -41.308  38.383  -4.287 0.0000000000
64329  -40.653  39.166  -4.507 0.0000000000
64330  -40.154  40.872  -5.784 0.0000000000
64331  -40.481  39.965  -5.661 0.0000000000
64332  -40.514  40.415  -6.241 0.0000000000
64333  -40.918  39.979  -6.725 0.0000000000
64334  -40.580  40.891  -6.839 0.0000000000
64335  -39.609  44.793  -5.667 0.0000000000
64336  -39.532  43.816  -5.876 0.0000000000
64337  -39.833  44.287  -6.239 0.0000000000
65565  -32.710  49.500  5.297 0.0000000000
65566  -32.276  49.843  4.942 0.0000000000
65567  -32.000  49.513  5.244 0.0000000000
65568  -30.602  48.920  5.237 0.0000000000
65569  -30.821  49.225  4.968 0.0000000000
65570  -30.287  49.023  4.764 0.0000000000
65571  -30.042  48.952  4.140 0.0000000000
65572  -29.774  48.794  4.530 0.0000000000
65573  -29.758  47.646  6.602 0.0000000000
65574  -29.944  47.943  6.257 0.0000000000
65575  -29.311  47.797  6.038 0.0000000000
65576  -27.963  48.005  4.829 0.0000000000
65577  -28.653  48.129  5.077 0.0000000000
65578  -28.364  48.232  4.442 0.0000000000
65579  -28.690  48.272  4.014 0.0000000000
65580  -27.994  48.044  3.759 0.0000000000
65581  -27.586  47.817  3.062 0.0000000000
65582  -27.246  47.925  3.543 0.0000000000
65583  -25.639  48.493  3.820 0.0000000000
65584  -25.810  48.249  3.331 0.0000000000
65585  -25.194  48.734  3.289 0.0000000000
65586  -24.784  48.991  2.772 0.0000000000
65587  -24.686  49.228  3.262 0.0000000000
65680  -36.282  50.004  11.897 0.0000000000
65681  -37.017  49.662  11.963 0.0000000000
65682  -36.486  49.911  11.349 0.0000000000
65683  -36.665  49.638  10.835 0.0000000000
65684  -36.007  49.790  10.747 0.0000000000
65685  -33.605  49.289  11.338 0.0000000000
65686  -34.173  49.641  11.589 0.0000000000
65687  -33.738  49.337  10.821 0.0000000000
65688  -33.749  49.001  9.011 0.0000000000
65689  -34.141  49.262  9.814 0.0000000000
65690  -34.368  49.183  9.260 0.0000000000
65691  -34.981  49.341  9.423 0.0000000000
65692  -34.580  49.078  8.665 0.0000000000
65693  -34.847  49.101  8.121 0.0000000000
65694  -34.219  48.935  7.899 0.0000000000
65695  -32.882  48.921  6.173 0.0000000000
65696  -33.494  48.964  6.362 0.0000000000
65697  -33.103  49.156  5.736 0.0000000000
65698  -33.337  49.498  5.395 0.0000000000
67793  -25.819  51.672  -5.153 0.0000000000
67794  -26.223  52.027  -5.637 0.0000000000
67795  -25.395  52.233  -5.775 0.0000000000
67796  -23.857  53.609  -6.983 0.0000000000
67797  -24.687  53.562  -6.890 0.0000000000
67798  -24.411  54.321  -7.367 0.0000000000
67799  -24.895  55.027  -7.658 0.0000000000
67800  -24.115  55.039  -7.865 0.0000000000
70973  -26.412  45.479  13.232 0.0000000000
70974  -26.570  45.257  12.787 0.0000000000
70975  -25.851  45.735  12.896 0.0000000000
70976  -24.328  47.191  12.544 0.0000000000
70977  -24.811  46.520  12.339 0.0000000000
70978  -24.417  46.997  11.998 0.0000000000
70979  -24.518  46.806  11.406 0.0000000000
70980  -24.091  47.504  11.624 0.0000000000
70981  -23.917  48.107  11.233 0.0000000000
70982  -23.792  48.334  11.834 0.0000000000
70983  -23.465  50.242  12.931 0.0000000000
70984  -23.507  50.029  12.281 0.0000000000
70985  -23.384  50.815  12.493 0.0000000000
70986  -23.368  51.486  12.031 0.0000000000
70987  -23.306  51.637  12.664 0.0000000000
73156  -35.939  45.512  -10.326 0.0000000000
73157  -36.697  45.308  -10.662 0.0000000000
73158  -36.000  44.836  -10.591 0.0000000000
73159  -35.464  42.955  -10.814 0.0000000000
73160  -36.085  43.404  -10.909 0.0000000000
73161  -36.060  42.722  -10.986 0.0000000000
73162  -36.667  42.497  -11.178 0.0000000000
73163  -36.171  42.047  -11.069 0.0000000000
73164  -36.238  41.389  -11.067 0.0000000000
73165  -35.593  41.628  -10.869 0.0000000000
73166  -33.919  40.927  -10.110 0.0000000000
73167  -34.551  40.669  -10.247 0.0000000000
73168  -34.127  40.247  -9.855 0.0000000000
73169  -34.353  39.594  -9.566 0.0000000000
73170  -33.669  39.794  -9.426 0.0000000000
73171  -33.185  39.327  -8.947 0.0000000000
73172  -32.977  40.021  -9.282 0.0000000000
73178  -31.168  43.526  -11.892 0.0000000000
73179  -31.173  42.812  -11.505 0.0000000000
73180  -30.560  42.860  -11.803 0.0000000000
73418  -37.827  42.694  2.739 0.0000000000
73419  -38.104  42.505  3.138 0.0000000000
73420  -37.772  41.975  2.551 0.0000000000
73421  -38.481  40.016  1.770 0.0000000000
73422  -38.286  40.535  2.281 0.0000000000
73423  -38.795  39.977  2.238 0.0000000000
73424  -39.106  39.870  2.791 0.0000000000
73425  -39.477  39.546  2.315 0.0000000000
73426  -40.394  38.396  0.289 0.0000000000
73427  -39.779  38.760  0.649 0.0000000000
73428  -40.706  38.513  0.802 0.0000000000
77175  -37.293  51.076  -1.510 0.0000000000
77176  -37.219  51.520  -2.028 0.0000000000
77177  -37.028  51.888  -1.390 0.0000000000
77178  -36.149  53.280  -0.697 0.0000000000
77179  -36.367  53.188  -1.208 0.0000000000
77180  -35.892  53.556  -1.153 0.0000000000
77181  -35.666  53.722  -1.568 0.0000000000
77182  -35.297  53.701  -1.177 0.0000000000
77183  -34.805  52.795  1.063 0.0000000000
77184  -35.186  53.070  0.665 0.0000000000
77185  -34.552  52.834  0.412 0.0000000000
77186  -33.171  52.735  -0.956 0.0000000000
77187  -33.882  52.988  -0.714 0.0000000000
77188  -33.429  53.169  -1.178 0.0000000000
77189  -33.757  53.523  -1.466 0.0000000000
77190  -33.006  53.245  -1.642 0.0000000000
77191  -32.630  53.251  -2.160 0.0000000000
77192  -32.296  52.943  -1.842 0.0000000000
77193  -30.585  52.019  -1.883 0.0000000000
77194  -30.926  52.364  -2.153 0.0000000000
77195  -30.221  51.955  -2.395 0.0000000000
77196  -29.983  51.705  -3.041 0.0000000000
77197  -29.543  51.534  -2.684 0.0000000000
77198  -31.681  50.163  3.938 0.0000000000
77199  -32.059  50.521  3.634 0.0000000000
77200  -31.549  49.981  3.239 0.0000000000
77201  -30.645  49.023  1.504 0.0000000000
77202  -31.275  49.517  1.811 0.0000000000
77203  -31.034  49.350  1.138 0.0000000000
77204  -31.402  49.791  0.846 0.0000000000
77205  -30.693  49.366  0.578 0.0000000000
77206  -27.448  47.931  0.545 0.0000000000
77207  -28.267  48.024  0.689 0.0000000000
77208  -27.813  48.184  0.186 0.0000000000
77209  -28.138  49.170  -0.892 0.0000000000
77210  -28.633  48.911  -0.425 0.0000000000
77211  -29.054  49.401  -0.697 0.0000000000
77212  -29.868  49.682  -0.475 0.0000000000
77213  -29.429  49.924  -0.952 0.0000000000
77214  -29.706  50.501  -1.168 0.0000000000
77215  -28.925  50.197  -1.397 0.0000000000
77216  -27.034  50.633  -2.538 0.0000000000
77217  -27.950  50.611  -2.251 0.0000000000
77218  -27.499  50.832  -2.863 0.0000000000
77219  -27.931  51.052  -3.235 0.0000000000
77220  -27.056  50.960  -3.417 0.0000000000
77221  -26.608  51.116  -3.988 0.0000000000
77222  -26.218  50.953  -3.586 0.0000000000
77223  -24.154  51.024  -3.510 0.0000000000
77224  -24.587  51.159  -3.917 0.0000000000
77225  -23.754  51.347  -3.946 0.0000000000
77226  -23.344  51.625  -4.414 0.0000000000
77227  -22.866  51.576  -3.914 0.0000000000
77228  -22.712  51.119  -1.555 0.0000000000
77229  -22.967  51.004  -2.077 0.0000000000
77230  -22.321  51.583  -1.872 0.0000000000
77231  -21.119  53.129  -2.482 0.0000000000
77232  -21.625  52.386  -2.639 0.0000000000
77233  -21.290  52.780  -3.066 0.0000000000
77234  -21.490  52.504  -3.662 0.0000000000
77235  -20.923  53.172  -3.492 0.0000000000
77236  -20.431  53.473  -3.864 0.0000000000
77237  -20.444  53.941  -3.359 0.0000000000
77243  -28.105  45.649  10.070 0.0000000000
77244  -28.337  45.791  9.622 0.0000000000
77245  -27.527  45.748  9.463 0.0000000000
77246  -25.770  46.457  8.167 0.0000000000
77247  -26.519  46.119  8.268 0.0000000000
77248  -26.013  46.431  7.642 0.0000000000
77249  -26.291  46.483  7.113 0.0000000000
77250  -25.576  46.864  7.047 0.0000000000
77251  -23.678  48.860  8.263 0.0000000000
77252  -24.082  48.145  8.199 0.0000000000
77253  -23.760  48.701  7.666 0.0000000000
77254  -23.641  49.050  5.993 0.0000000000
77255  -23.986  48.474  6.508 0.0000000000
77256  -24.185  48.431  5.968 0.0000000000
77257  -24.773  47.867  5.965 0.0000000000
77258  -24.476  48.386  5.487 0.0000000000
77259  -24.785  48.414  5.069 0.0000000000
77260  -24.239  48.959  5.054 0.0000000000
77261  -23.608  50.806  4.388 0.0000000000
77262  -24.013  50.117  4.278 0.0000000000
77263  -23.979  50.732  3.954 0.0000000000
77264  -24.002  50.474  3.430 0.0000000000
77265  -23.666  51.257  3.567 0.0000000000
77284  -22.462  54.226  3.015 0.0000000000
77285  -22.921  53.593  3.456 0.0000000000
77286  -22.723  53.304  2.943 0.0000000000
77287  -22.902  52.351  2.827 0.0000000000
77288  -22.538  52.984  2.461 0.0000000000
77289  -22.373  52.650  2.001 0.0000000000
77290  -22.176  53.663  2.087 0.0000000000
77530  -38.896  44.167  6.863 0.0000000000
77531  -38.914  43.577  6.751 0.0000000000
77532  -39.233  44.079  6.460 0.0000000000
77533  -39.331  43.984  5.942 0.0000000000
77534  -39.284  44.532  6.033 0.0000000000
77535  -38.436  47.595  11.682 0.0000000000
77536  -38.387  46.823  11.564 0.0000000000
77537  -38.596  47.564  11.073 0.0000000000
77538  -38.283  47.690  9.695 0.0000000000
77539  -38.467  47.164  10.028 0.0000000000
77540  -38.382  47.010  9.534 0.0000000000
77541  -38.225  46.358  9.294 0.0000000000
77542  -38.287  46.893  9.017 0.0000000000
77543  -37.433  49.697  7.878 0.0000000000
77544  -37.691  49.222  8.454 0.0000000000
77545  -38.005  49.284  8.031 0.0000000000
77546  -38.841  47.980  7.431 0.0000000000
77547  -38.616  48.051  7.918 0.0000000000
77548  -38.709  47.333  7.743 0.0000000000
77549  -38.518  46.730  8.002 0.0000000000
77550  -38.703  46.635  7.457 0.0000000000
77551  -38.682  45.960  7.224 0.0000000000
77552  -38.902  46.518  6.933 0.0000000000
77553  -39.349  46.663  5.499 0.0000000000
77554  -39.225  46.248  5.876 0.0000000000
77555  -39.303  46.030  5.323 0.0000000000
77556  -39.272  45.405  5.256 0.0000000000
77557  -39.253  45.748  4.787 0.0000000000
77558  -39.079  45.461  4.324 0.0000000000
77559  -39.162  46.059  4.371 0.0000000000
77560  -38.783  47.628  3.755 0.0000000000
77561  -38.731  46.801  3.701 0.0000000000
77562  -38.604  47.224  3.256 0.0000000000
77563  -38.365  46.839  2.788 0.0000000000
77564  -38.360  47.650  2.765 0.0000000000
77565  -37.929  50.849  4.174 0.0000000000
77566  -38.376  50.153  4.139 0.0000000000
77567  -38.035  50.553  3.648 0.0000000000
77568  -37.738  50.116  2.081 0.0000000000
77569  -37.927  49.738  2.563 0.0000000000
77570  -37.793  49.317  1.977 0.0000000000
77571  -37.850  48.513  1.816 0.0000000000
77572  -37.752  48.915  1.427 0.0000000000
77573  -37.664  48.557  0.880 0.0000000000
77574  -37.665  49.362  0.956 0.0000000000
77575  -37.391  51.025  -0.232 0.0000000000
77576  -37.472  50.320  -0.242 0.0000000000
77577  -37.390  50.718  -0.873 0.0000000000
77578  -37.408  50.409  -1.551 0.0000000000
83858  -37.326  52.395  -2.810 0.0000000000
83859  -37.851  51.947  -3.544 0.0000000000
83860  -37.391  52.699  -3.405 0.0000000000
83861  -36.687  53.600  -4.464 0.0000000000
83862  -37.292  53.228  -4.508 0.0000000000
83863  -37.084  53.274  -5.032 0.0000000000
83864  -37.449  52.985  -5.630 0.0000000000
83865  -36.813  53.277  -5.616 0.0000000000
83866  -33.783  53.282  -4.937 0.0000000000
83867  -34.476  53.696  -4.761 0.0000000000
83868  -34.253  53.434  -5.439 0.0000000000
83869  -34.856  53.501  -7.151 0.0000000000
83870  -35.147  53.538  -6.433 0.0000000000
83871  -35.490  53.384  -6.869 0.0000000000
83872  -36.066  53.156  -6.687 0.0000000000
83873  -35.628  53.105  -7.313 0.0000000000
83874  -35.681  52.574  -7.723 0.0000000000
83875  -35.261  53.110  -8.027 0.0000000000
83876  -34.158  53.880  -9.782 0.0000000000
83877  -34.525  53.207  -9.459 0.0000000000
83878  -34.032  53.104  -10.105 0.0000000000
83879  -33.806  52.226  -10.290 0.0000000000
83880  -33.475  52.888  -10.643 0.0000000000
83881  -27.110  52.888  -6.532 0.0000000000
83882  -27.977  52.546  -6.371 0.0000000000
83883  -27.569  53.353  -6.837 0.0000000000
83884  -28.352  55.525  -7.900 0.0000000000
83885  -28.595  54.443  -7.484 0.0000000000
83886  -29.100  55.032  -7.812 0.0000000000
83887  -29.928  54.481  -7.734 0.0000000000
83888  -29.646  55.584  -8.140 0.0000000000
83892  -30.015  56.562  -10.270 0.0000000000
83893  -29.622  57.059  -9.723 0.0000000000
83894  -30.425  56.628  -9.712 0.0000000000
83895  -30.801  56.173  -9.096 0.0000000000
83896  -31.297  56.134  -9.770 0.0000000000
83897  -32.154  55.611  -9.831 0.0000000000
83898  -31.642  55.681  -10.442 0.0000000000
83906  -28.967  50.792  -10.928 0.0000000000
83907  -29.618  50.191  -11.162 0.0000000000
83908  -28.999  49.679  -10.853 0.0000000000
83909  -29.008  48.511  -10.849 0.0000000000
83910  -28.319  49.110  -10.500 0.0000000000
83914  -25.343  48.813  -10.116 0.0000000000
83915  -26.077  49.415  -10.147 0.0000000000
83916  -26.125  48.385  -9.993 0.0000000000
83917  -26.914  47.925  -9.955 0.0000000000
83918  -26.168  47.378  -9.777 0.0000000000
83919  -26.180  46.331  -9.622 0.0000000000
83920  -25.431  46.790  -9.709 0.0000000000
92331  -39.336  49.051  -4.970 0.0000000000
92332  -39.654  49.536  -5.420 0.0000000000
92333  -39.227  49.826  -4.965 0.0000000000
92334  -39.096  50.600  -4.917 0.0000000000
92335  -38.906  51.346  -4.839 0.0000000000
92349  -37.573  48.938  -1.694 0.0000000000
92350  -37.618  48.140  -1.829 0.0000000000
92351  -37.831  48.532  -2.463 0.0000000000
92352  -38.204  48.170  -3.169 0.0000000000
92353  -38.601  47.848  -3.819 0.0000000000
92354  -38.915  47.527  -4.338 0.0000000000
92355  -38.808  48.213  -4.184 0.0000000000
92356  -39.023  48.607  -4.563 0.0000000000
92601  -30.840  47.105  9.395 0.0000000000
92602  -30.352  46.974  8.712 0.0000000000
92603  -30.209  46.752  9.186 0.0000000000
92604  -29.511  46.407  8.923 0.0000000000
92605  -28.766  46.131  8.669 0.0000000000
92626  -31.316  47.338  10.291 0.0000000000
94118  -34.079  48.405  -9.439 0.0000000000
94119  -34.146  47.496  -9.570 0.0000000000
94120  -33.486  47.918  -9.911 0.0000000000
94121  -33.002  47.493  -10.409 0.0000000000
94122  -32.516  46.998  -10.841 0.0000000000
94123  -32.068  46.403  -11.196 0.0000000000
94124  -32.048  47.390  -11.128 0.0000000000
94125  -31.600  47.844  -11.386 0.0000000000
94126  -31.140  48.307  -11.542 0.0000000000
94172  -40.924  37.917  -2.184 0.0000000000
94173  -41.087  37.751  -1.612 0.0000000000
94174  -41.758  37.517  -1.998 0.0000000000
94175  -42.627  37.264  -1.851 0.0000000000
94176  -43.430  37.014  -1.691 0.0000000000
94177  -44.306  36.855  -1.619 0.0000000000
94178  -44.157  36.769  -2.077 0.0000000000
94923  -34.585  51.913  3.810 0.0000000000
94924  -34.319  52.091  3.243 0.0000000000
94925  -33.949  51.723  3.567 0.0000000000
94926  -33.385  51.461  3.269 0.0000000000
94927  -32.870  51.098  2.960 0.0000000000
94928  -25.045  48.396  1.784 0.0000000000
94929  -25.219  48.187  1.291 0.0000000000
94930  -24.543  48.642  1.319 0.0000000000
94931  -24.009  49.090  0.972 0.0000000000
94932  -23.529  49.489  0.615 0.0000000000
94933  -23.118  50.076  0.235 0.0000000000
94934  -22.974  50.190  0.720 0.0000000000
94935  -22.508  51.047  0.820 0.0000000000
94936  -22.125  51.990  0.931 0.0000000000
94937  -23.426  51.013  10.707 0.0000000000
94938  -23.363  50.728  9.973 0.0000000000
94939  -23.343  51.644  10.145 0.0000000000
94995  -34.664  49.614  5.750 0.0000000000
94996  -35.348  49.799  6.019 0.0000000000
94997  -34.961  50.019  5.478 0.0000000000
94998  -35.288  50.440  5.206 0.0000000000
94999  -35.614  50.814  4.913 0.0000000000
95000  -35.960  51.129  4.667 0.0000000000
95001  -35.200  51.129  4.512 0.0000000000
95002  -34.858  51.540  4.184 0.0000000000
96260  -30.887  51.818  -3.743 0.0000000000
96261  -31.425  51.902  -4.137 0.0000000000
96262  -30.681  51.515  -4.406 0.0000000000
96263  -30.333  51.459  -5.152 0.0000000000
96264  -29.879  51.847  -5.897 0.0000000000
98436  -41.499  47.277  -9.019 0.0000000000
98437  -41.079  47.862  -8.884 0.0000000000
98438  -39.546  50.575  -7.397 0.0000000000
98439  -39.724  49.966  -7.884 0.0000000000
98440  -39.031  50.464  -7.845 0.0000000000
98441  -38.445  50.208  -8.170 0.0000000000
98442  -37.781  49.877  -8.405 0.0000000000
98443  -37.039  49.514  -8.583 0.0000000000
98444  -36.938  50.206  -8.246 0.0000000000
98445  -36.128  50.636  -8.168 0.0000000000
98446  -35.460  51.224  -8.288 0.0000000000
98487  -38.162  45.440  2.769 0.0000000000
98488  -37.897  44.699  2.508 0.0000000000
98489  -37.782  45.016  2.093 0.0000000000
98490  -37.492  44.686  1.327 0.0000000000
98491  -37.256  44.302  0.558 0.0000000000
98492  -37.663  44.792  -2.620 0.0000000000
98493  -37.428  44.306  -2.119 0.0000000000
98494  -37.707  43.783  -2.812 0.0000000000
98495  -37.874  42.782  -2.873 0.0000000000
98496  -38.145  41.747  -2.841 0.0000000000
98497  -38.489  40.763  -2.763 0.0000000000
98498  -38.649  41.282  -3.360 0.0000000000
98499  -39.165  40.867  -3.845 0.0000000000
98500  -39.707  40.365  -4.286 0.0000000000
98501  -40.105  39.974  -4.717 0.0000000000
98502  -39.730  40.883  -4.841 0.0000000000
98503  -39.798  41.352  -5.344 0.0000000000
98504  -39.838  41.827  -5.865 0.0000000000
98505  -40.184  45.752  -6.368 0.0000000000
98506  -40.137  44.761  -6.593 0.0000000000
98507  -40.554  45.345  -6.923 0.0000000000
99243  -32.243  48.939  5.988 0.0000000000
99244  -31.765  49.163  5.520 0.0000000000
99245  -31.585  48.891  5.857 0.0000000000
99246  -30.985  48.746  5.702 0.0000000000
99247  -30.396  48.575  5.544 0.0000000000
99248  -28.463  47.262  6.225 0.0000000000
99249  -28.683  47.635  5.894 0.0000000000
99250  -28.028  47.516  5.723 0.0000000000
99251  -27.611  47.790  5.177 0.0000000000
99252  -27.282  47.917  4.608 0.0000000000
99253  -26.989  48.016  4.030 0.0000000000
99254  -26.629  47.920  4.431 0.0000000000
99255  -25.924  48.161  4.271 0.0000000000
99256  -25.337  48.540  4.254 0.0000000000
99313  -36.054  50.073  12.465 0.0000000000
99314  -35.524  50.088  11.800 0.0000000000
99315  -32.839  48.790  9.724 0.0000000000
99316  -33.339  49.065  10.036 0.0000000000
99317  -33.001  48.846  9.241 0.0000000000
99318  -33.180  48.825  8.737 0.0000000000
99319  -33.392  48.818  8.223 0.0000000000
99320  -33.620  48.829  7.700 0.0000000000
99321  -33.059  48.780  7.495 0.0000000000
99322  -32.681  48.776  6.656 0.0000000000
100580  -24.154  51.911  -5.344 0.0000000000
100581  -24.570  52.369  -5.895 0.0000000000
100582  -23.734  52.410  -5.973 0.0000000000
100583  -23.333  52.953  -6.547 0.0000000000
100584  -23.006  53.510  -7.095 0.0000000000
102488  -25.280  46.622  13.600 0.0000000000
102489  -25.249  46.313  13.079 0.0000000000
102490  -24.782  46.988  13.332 0.0000000000
102491  -24.375  47.451  13.074 0.0000000000
102492  -24.010  48.016  12.792 0.0000000000
102493  -23.771  48.592  12.435 0.0000000000
102494  -23.791  48.815  13.017 0.0000000000
102495  -23.631  49.624  13.286 0.0000000000
102496  -23.500  50.401  13.556 0.0000000000
103798  -34.619  44.604  -10.488 0.0000000000
103799  -35.378  44.335  -10.573 0.0000000000
103800  -34.757  43.867  -10.632 0.0000000000
103801  -34.842  43.171  -10.701 0.0000000000
103802  -34.903  42.529  -10.756 0.0000000000
103803  -34.931  41.870  -10.694 0.0000000000
103804  -34.304  42.047  -10.576 0.0000000000
103805  -33.767  41.620  -10.340 0.0000000000
103806  -33.259  41.178  -9.968 0.0000000000
103807  -32.794  40.708  -9.569 0.0000000000
103808  -32.618  41.369  -9.964 0.0000000000
103811  -29.971  44.017  -11.901 0.0000000000
103812  -29.911  43.039  -11.878 0.0000000000
103813  -29.325  43.540  -11.522 0.0000000000
103955  -37.403  41.587  1.572 0.0000000000
103956  -37.673  41.405  1.986 0.0000000000
103957  -37.717  40.821  1.467 0.0000000000
103958  -38.217  40.142  1.378 0.0000000000
103959  -38.829  39.589  1.372 0.0000000000
103960  -42.179  38.118  0.516 0.0000000000
103961  -41.617  38.402  0.943 0.0000000000
103962  -42.580  38.391  1.045 0.0000000000
106209  -37.166  51.720  -0.209 0.0000000000
106210  -36.918  52.164  -0.778 0.0000000000
106211  -36.825  52.369  -0.196 0.0000000000
106212  -36.391  52.891  -0.200 0.0000000000
106213  -35.875  53.229  -0.238 0.0000000000
106214  -33.631  52.145  0.496 0.0000000000
106215  -33.951  52.542  0.135 0.0000000000
106216  -33.319  52.216  -0.154 0.0000000000
106217  -32.917  52.332  -0.716 0.0000000000
106218  -32.463  52.464  -1.188 0.0000000000
106219  -32.015  52.601  -1.575 0.0000000000
106220  -31.757  52.208  -1.329 0.0000000000
106221  -31.013  51.964  -1.445 0.0000000000
106222  -30.287  51.605  -1.607 0.0000000000
106223  -30.691  49.304  3.282 0.0000000000
106224  -31.063  49.482  2.883 0.0000000000
106225  -30.520  48.979  2.521 0.0000000000
106226  -30.272  48.728  1.835 0.0000000000
106227  -29.942  48.603  1.229 0.0000000000
106228  -26.433  48.462  -0.428 0.0000000000
106229  -27.322  48.427  -0.311 0.0000000000
106230  -26.783  48.752  -0.782 0.0000000000
106231  -27.184  49.096  -1.070 0.0000000000
106232  -27.622  49.505  -1.345 0.0000000000
106233  -28.068  49.941  -1.609 0.0000000000
106234  -27.190  49.849  -1.795 0.0000000000
106235  -26.687  50.239  -2.253 0.0000000000
106236  -26.124  50.558  -2.726 0.0000000000
106237  -25.759  50.743  -3.236 0.0000000000
106238  -25.292  50.558  -2.913 0.0000000000
106239  -24.515  50.684  -3.054 0.0000000000
106240  -23.729  50.947  -3.095 0.0000000000
106241  -21.508  52.472  -1.174 0.0000000000
106242  -21.733  52.253  -1.687 0.0000000000
106243  -21.223  53.010  -1.526 0.0000000000
106244  -20.960  53.497  -1.910 0.0000000000
106245  -20.680  53.979  -2.354 0.0000000000
106246  -20.409  54.381  -2.841 0.0000000000
106247  -20.386  54.802  -2.311 0.0000000000
106250  -26.520  45.836  9.852 0.0000000000
106251  -26.788  45.894  9.379 0.0000000000
106252  -26.065  46.120  9.308 0.0000000000
106253  -25.590  46.506  8.730 0.0000000000
106254  -25.115  46.915  8.117 0.0000000000
106255  -23.050  49.968  7.273 0.0000000000
106256  -23.425  49.288  7.182 0.0000000000
106257  -23.079  49.840  6.699 0.0000000000
106258  -23.176  49.686  6.095 0.0000000000
106259  -23.435  49.636  5.579 0.0000000000
106260  -23.742  49.585  5.098 0.0000000000
106261  -23.273  50.261  5.186 0.0000000000
106262  -23.234  50.894  4.855 0.0000000000
106263  -23.223  51.578  4.544 0.0000000000
106276  -22.247  55.170  3.056 0.0000000000
106277  -22.006  54.871  2.568 0.0000000000
106278  -21.832  54.573  2.099 0.0000000000
106279  -21.572  55.513  2.134 0.0000000000
106423  -38.600  44.276  7.288 0.0000000000
106424  -38.767  44.757  6.933 0.0000000000
106425  -37.846  48.804  10.782 0.0000000000
106426  -38.348  48.154  10.641 0.0000000000
106427  -37.906  48.542  10.283 0.0000000000
106428  -37.979  48.341  9.803 0.0000000000
106429  -38.078  48.215  9.349 0.0000000000
106430  -38.176  49.952  7.034 0.0000000000
106431  -38.350  49.415  7.587 0.0000000000
106432  -38.658  49.346  7.092 0.0000000000
106433  -38.950  48.601  7.049 0.0000000000
106434  -39.090  47.839  6.904 0.0000000000
106435  -39.108  47.088  6.664 0.0000000000
106436  -39.273  47.601  6.311 0.0000000000
106437  -39.368  47.363  5.715 0.0000000000
106438  -39.383  47.077  5.099 0.0000000000
106439  -39.187  46.748  4.530 0.0000000000
106440  -39.180  47.525  4.721 0.0000000000
106441  -38.973  48.020  4.318 0.0000000000
106442  -38.752  48.507  3.860 0.0000000000
106443  -37.283  51.536  3.187 0.0000000000
106444  -37.704  50.813  3.164 0.0000000000
106445  -37.511  51.224  2.661 0.0000000000
106446  -37.633  50.887  2.135 0.0000000000
106447  -37.644  50.504  1.602 0.0000000000
106448  -37.615  50.155  1.012 0.0000000000
106449  -37.517  50.944  1.012 0.0000000000
106450  -37.341  51.336  0.369 0.0000000000
110219  -36.493  53.628  -2.670 0.0000000000
110220  -36.915  53.313  -3.309 0.0000000000
110221  -36.331  53.754  -3.254 0.0000000000
110222  -36.145  53.840  -3.863 0.0000000000
110223  -35.979  53.834  -4.491 0.0000000000
110224  -33.305  52.856  -6.356 0.0000000000
110225  -34.042  53.201  -6.135 0.0000000000
110226  -33.731  53.204  -6.875 0.0000000000
110227  -34.170  53.548  -7.421 0.0000000000
110228  -34.577  53.729  -7.822 0.0000000000
110229  -34.839  53.598  -8.306 0.0000000000
110230  -34.345  54.012  -8.516 0.0000000000
110231  -34.055  54.318  -9.205 0.0000000000
110232  -33.651  54.509  -9.894 0.0000000000
110233  -26.423  54.676  -7.298 0.0000000000
110234  -27.222  54.379  -7.198 0.0000000000
110235  -26.937  55.353  -7.584 0.0000000000
110236  -27.516  55.967  -7.932 0.0000000000
110237  -28.078  56.483  -8.250 0.0000000000
110241  -29.505  56.251  -10.671 0.0000000000
110242  -30.282  55.906  -10.783 0.0000000000
110243  -31.039  55.493  -10.897 0.0000000000
110244  -30.375  55.096  -11.180 0.0000000000
110249  -28.909  51.820  -11.032 0.0000000000
110250  -28.232  51.261  -10.747 0.0000000000
110254  -24.580  49.201  -10.301 0.0000000000
110255  -24.617  48.190  -10.096 0.0000000000
110256  -24.690  47.226  -9.891 0.0000000000
110257  -23.979  47.637  -10.128 0.0000000000
115599  -41.070  47.620  -6.876 0.0000000000
115600  -41.282  47.945  -7.374 0.0000000000
115601  -40.945  48.306  -6.849 0.0000000000
115602  -40.670  49.022  -6.824 0.0000000000
115603  -40.333  49.747  -6.851 0.0000000000
115604  -39.901  49.985  -5.873 0.0000000000
115605  -40.061  50.256  -6.352 0.0000000000
115606  -39.913  50.486  -6.877 0.0000000000
115607  -39.374  51.234  -6.926 0.0000000000
115608  -38.725  51.743  -6.894 0.0000000000
115609  -38.082  52.145  -6.835 0.0000000000
115641  -37.514  47.097  0.648 0.0000000000
115642  -37.431  46.356  0.424 0.0000000000
115643  -37.359  46.763  -0.153 0.0000000000
115644  -37.327  46.459  -0.910 0.0000000000
115645  -37.401  46.144  -1.644 0.0000000000
115646  -37.586  47.394  -2.013 0.0000000000
115647  -37.600  46.596  -2.221 0.0000000000
115648  -37.643  45.727  -2.429 0.0000000000
115649  -37.970  45.226  -3.151 0.0000000000
115650  -38.354  44.699  -3.833 0.0000000000
115651  -38.737  44.169  -4.414 0.0000000000
115652  -39.024  43.752  -4.900 0.0000000000
115653  -39.062  44.743  -4.840 0.0000000000
115654  -39.378  45.259  -5.182 0.0000000000
115655  -39.652  45.755  -5.517 0.0000000000
115656  -39.266  47.163  -4.838 0.0000000000
115657  -39.603  46.668  -5.318 0.0000000000
115658  -39.928  46.228  -5.834 0.0000000000
115659  -40.286  46.691  -6.140 0.0000000000
115660  -40.768  47.211  -6.476 0.0000000000
116229  -31.530  48.200  7.777 0.0000000000
116230  -31.080  48.099  7.052 0.0000000000
116231  -30.928  47.857  7.528 0.0000000000
116232  -30.268  47.574  7.238 0.0000000000
116233  -29.576  47.328  6.934 0.0000000000
116234  -29.883  46.921  8.031 0.0000000000
116235  -29.390  46.968  7.357 0.0000000000
116236  -28.921  47.073  6.736 0.0000000000
116237  -28.226  46.871  6.531 0.0000000000
116238  -27.492  46.769  6.336 0.0000000000
116239  -26.752  46.810  6.174 0.0000000000
116284  -33.482  49.226  11.825 0.0000000000
116285  -33.065  48.925  11.064 0.0000000000
116287  -32.552  48.445  10.643 0.0000000000
116288  -32.671  48.621  10.177 0.0000000000
116289  -32.303  48.406  9.407 0.0000000000
116290  -31.915  48.264  8.647 0.0000000000
117269  -20.614  52.744  -5.150 0.0000000000
117270  -21.061  52.705  -5.918 0.0000000000
117271  -20.184  53.007  -5.784 0.0000000000
118752  -27.008  45.348  13.611 0.0000000000
118753  -26.340  45.756  13.657 0.0000000000
118755  -26.294  46.003  14.103 0.0000000000
118756  -25.755  46.256  13.818 0.0000000000
118757  -25.356  46.910  14.047 0.0000000000
118758  -25.081  47.526  14.326 0.0000000000
118759  -24.861  48.217  14.658 0.0000000000
119768  -37.299  46.905  -9.903 0.0000000000
119769  -37.392  46.317  -10.304 0.0000000000
119770  -36.580  46.551  -9.963 0.0000000000
119771  -35.840  46.157  -10.037 0.0000000000
119772  -35.192  45.756  -10.103 0.0000000000
119773  -34.260  46.692  -9.804 0.0000000000
119774  -34.412  45.996  -10.078 0.0000000000
119775  -34.525  45.313  -10.265 0.0000000000
119776  -33.887  44.826  -10.532 0.0000000000
119777  -33.319  44.307  -10.858 0.0000000000
119778  -32.817  43.843  -10.971 0.0000000000
119779  -32.318  43.327  -11.071 0.0000000000
119780  -32.244  43.990  -11.277 0.0000000000
119781  -31.714  44.171  -11.649 0.0000000000
119782  -31.169  44.401  -11.972 0.0000000000
119783  -31.615  45.945  -11.584 0.0000000000
119784  -31.135  45.335  -11.896 0.0000000000
119785  -30.601  44.663  -12.117 0.0000000000
119786  -30.048  45.085  -11.826 0.0000000000
119894  -38.463  39.383  -0.417 0.0000000000
119895  -38.703  39.233  0.079 0.0000000000
119896  -39.227  38.828  -0.349 0.0000000000
119897  -40.058  38.372  -0.274 0.0000000000
119898  -40.942  38.045  -0.151 0.0000000000
119899  -41.297  37.708  -1.067 0.0000000000
119900  -41.532  37.769  -0.511 0.0000000000
119901  -41.847  37.874  0.020 0.0000000000
119902  -42.782  37.837  0.084 0.0000000000
119903  -43.643  37.870  0.203 0.0000000000
119904  -44.460  37.795  0.318 0.0000000000
119905  -45.235  37.529  0.425 0.0000000000
119906  -44.960  37.505  -0.118 0.0000000000
119909  -45.161  36.775  -1.479 0.0000000000
121647  -36.367  52.753  2.048 0.0000000000
121648  -36.161  52.954  1.404 0.0000000000
121649  -35.720  52.950  1.930 0.0000000000
121650  -35.029  52.778  1.775 0.0000000000
121651  -34.404  52.517  1.477 0.0000000000
121652  -34.136  52.171  2.553 0.0000000000
121653  -33.985  52.199  1.855 0.0000000000
121654  -33.833  52.131  1.168 0.0000000000
121655  -33.259  51.686  0.847 0.0000000000
121656  -32.662  51.242  0.521 0.0000000000
121657  -32.098  50.822  0.244 0.0000000000
121658  -28.134  47.845  2.183 0.0000000000
121659  -28.428  47.919  1.723 0.0000000000
121660  -27.616  47.806  1.574 0.0000000000
121661  -27.119  47.829  0.985 0.0000000000
121662  -26.608  48.019  0.427 0.0000000000
121663  -25.483  48.219  0.851 0.0000000000
121664  -25.770  48.249  0.386 0.0000000000
121665  -26.100  48.262  -0.072 0.0000000000
121666  -25.555  48.653  -0.474 0.0000000000
121667  -25.031  49.068  -0.894 0.0000000000
121668  -24.601  49.624  -1.289 0.0000000000
121669  -24.152  50.132  -1.691 0.0000000000
121670  -23.812  50.054  -1.226 0.0000000000
121671  -23.149  50.593  -1.147 0.0000000000
121672  -22.502  51.239  -1.034 0.0000000000
121673  -22.741  50.714  -0.148 0.0000000000
121674  -22.299  51.370  -0.592 0.0000000000
121675  -21.900  51.936  -0.879 0.0000000000
121676  -21.371  52.694  -0.720 0.0000000000
121677  -20.950  53.511  -0.621 0.0000000000
121678  -20.490  54.405  -0.539 0.0000000000
121679  -24.154  47.827  10.055 0.0000000000
121680  -24.264  47.714  9.420 0.0000000000
121681  -23.924  48.461  9.516 0.0000000000
121682  -23.661  49.001  8.917 0.0000000000
121683  -23.403  49.548  8.384 0.0000000000
121684  -23.264  50.452  9.295 0.0000000000
121685  -23.160  50.259  8.593 0.0000000000
121686  -23.114  50.119  7.883 0.0000000000
121687  -22.726  50.736  7.451 0.0000000000
121815  -36.172  49.449  8.551 0.0000000000
121816  -36.820  49.475  8.755 0.0000000000
121817  -36.424  49.595  8.127 0.0000000000
121818  -36.736  49.775  7.690 0.0000000000
121819  -37.074  49.963  7.241 0.0000000000
121820  -36.082  50.009  6.318 0.0000000000
121821  -36.802  50.194  6.617 0.0000000000
121822  -37.494  50.254  6.857 0.0000000000
121823  -37.875  50.330  6.502 0.0000000000
121824  -38.220  50.401  6.155 0.0000000000
121825  -38.410  50.268  5.701 0.0000000000
121826  -38.552  50.030  5.166 0.0000000000
121827  -38.026  50.604  5.196 0.0000000000
121828  -37.676  50.962  4.652 0.0000000000
121829  -37.355  51.268  4.125 0.0000000000
121830  -36.310  51.449  4.391 0.0000000000
121831  -36.623  51.621  4.056 0.0000000000
121832  -36.997  51.632  3.643 0.0000000000
121833  -36.679  52.056  3.185 0.0000000000
121834  -36.496  52.543  2.722 0.0000000000
124766  -33.488  53.743  -2.900 0.0000000000
124767  -34.044  53.848  -3.484 0.0000000000
124768  -33.341  53.439  -3.650 0.0000000000
124769  -33.215  53.092  -4.377 0.0000000000
124770  -33.087  52.767  -5.070 0.0000000000
124771  -31.880  52.083  -4.659 0.0000000000
124772  -32.402  52.275  -5.176 0.0000000000
124773  -32.866  52.506  -5.761 0.0000000000
124774  -32.531  52.578  -6.475 0.0000000000
124775  -32.200  53.076  -7.148 0.0000000000
124776  -31.846  53.742  -7.720 0.0000000000
124777  -25.268  57.500  -9.427 0.0000000000
124778  -26.116  57.408  -9.167 0.0000000000
124779  -25.763  57.731  -9.778 0.0000000000
129732  -39.644  46.785  -10.396 0.0000000000
129733  -38.865  46.991  -10.107 0.0000000000
129734  -41.207  48.210  -7.914 0.0000000000
129735  -40.938  48.302  -8.394 0.0000000000
129736  -40.564  48.272  -8.795 0.0000000000
129737  -39.903  49.324  -8.316 0.0000000000
129738  -40.002  48.713  -8.737 0.0000000000
129739  -40.119  48.173  -9.175 0.0000000000
129740  -39.513  47.883  -9.506 0.0000000000
129741  -38.849  47.566  -9.734 0.0000000000
129742  -38.033  47.232  -9.804 0.0000000000
129743  -37.157  47.491  -9.554 0.0000000000
129744  -36.336  47.837  -9.294 0.0000000000
129745  -35.494  48.251  -9.116 0.0000000000
129746  -36.200  49.286  -8.711 0.0000000000
129747  -35.416  49.029  -8.847 0.0000000000
129748  -34.707  48.727  -9.073 0.0000000000
129749  -34.085  49.240  -9.334 0.0000000000
129750  -33.639  49.735  -9.830 0.0000000000
129751  -33.289  50.212  -10.300 0.0000000000
129837  -38.834  44.370  4.140 0.0000000000
129838  -38.635  43.670  3.906 0.0000000000
129839  -38.354  43.931  3.532 0.0000000000
129840  -37.967  43.455  2.982 0.0000000000
129841  -37.619  42.938  2.381 0.0000000000
129842  -37.663  43.970  2.253 0.0000000000
129843  -37.471  43.210  2.000 0.0000000000
129844  -37.352  42.397  1.754 0.0000000000
129845  -37.287  41.800  1.159 0.0000000000
129846  -37.270  41.226  0.577 0.0000000000
129847  -37.469  40.661  0.023 0.0000000000
129848  -37.379  45.604  0.181 0.0000000000
129849  -37.209  44.772  0.001 0.0000000000
129850  -37.110  43.895  -0.201 0.0000000000
129851  -37.258  43.865  -1.536 0.0000000000
129852  -37.146  43.410  -0.956 0.0000000000
129853  -37.072  42.903  -0.351 0.0000000000
129854  -37.129  41.886  -0.463 0.0000000000
129855  -37.324  40.930  -0.538 0.0000000000
129856  -37.746  40.044  -0.511 0.0000000000
129857  -38.305  39.630  -1.019 0.0000000000
129858  -38.911  39.179  -1.517 0.0000000000
129859  -39.526  38.789  -1.948 0.0000000000
129860  -38.881  39.914  -2.673 0.0000000000
129861  -39.466  39.081  -2.518 0.0000000000
129862  -40.151  38.451  -2.368 0.0000000000
129863  -40.778  38.084  -2.772 0.0000000000
129870  -40.585  39.609  -5.085 0.0000000000
129876  -39.325  43.325  -5.403 0.0000000000
129877  -39.594  42.811  -5.903 0.0000000000
129878  -39.903  42.323  -6.383 0.0000000000
129879  -40.083  43.772  -6.847 0.0000000000
129880  -40.108  42.839  -6.880 0.0000000000
129881  -40.286  41.869  -6.873 0.0000000000
129882  -40.729  41.384  -7.374 0.0000000000
131433  -33.241  50.280  4.748 0.0000000000
131434  -32.943  50.568  4.370 0.0000000000
131435  -32.587  50.215  4.641 0.0000000000
131436  -31.873  50.168  4.530 0.0000000000
131437  -31.360  49.848  4.283 0.0000000000
131438  -31.384  49.397  5.129 0.0000000000
131439  -31.076  49.516  4.647 0.0000000000
131440  -30.847  49.505  3.997 0.0000000000
131441  -30.351  49.102  3.690 0.0000000000
131442  -29.849  48.670  3.388 0.0000000000
131443  -29.258  48.326  3.095 0.0000000000
131444  -30.607  48.117  6.400 0.0000000000
131445  -30.169  48.247  5.885 0.0000000000
131446  -29.798  48.459  5.424 0.0000000000
131447  -28.972  48.010  5.619 0.0000000000
131448  -29.299  48.301  5.296 0.0000000000
131449  -29.549  48.603  4.954 0.0000000000
131450  -29.301  48.492  4.274 0.0000000000
131451  -28.963  48.323  3.553 0.0000000000
131452  -28.593  48.022  2.844 0.0000000000
131453  -27.839  47.791  2.623 0.0000000000
131454  -27.027  47.737  2.468 0.0000000000
131455  -26.228  47.869  2.363 0.0000000000
131456  -26.503  47.989  3.406 0.0000000000
131457  -26.015  48.051  2.850 0.0000000000
131458  -25.499  48.151  2.289 0.0000000000
131459  -24.902  48.669  2.268 0.0000000000
131460  -24.357  49.197  2.314 0.0000000000
131461  -23.905  49.848  2.403 0.0000000000
131578  -38.175  47.561  12.297 0.0000000000
131579  -38.145  48.348  11.788 0.0000000000
131581  -37.679  49.099  11.957 0.0000000000
131582  -37.757  48.972  11.322 0.0000000000
131583  -37.282  49.300  10.876 0.0000000000
131584  -36.804  49.461  10.341 0.0000000000
131585  -36.342  49.449  9.699 0.0000000000
131587  -34.806  49.926  11.768 0.0000000000
131588  -35.031  49.843  11.184 0.0000000000
131589  -33.895  49.303  10.280 0.0000000000
131590  -34.531  49.520  10.483 0.0000000000
131591  -35.302  49.746  10.691 0.0000000000
131592  -35.490  49.578  10.124 0.0000000000
131593  -35.682  49.441  9.580 0.0000000000
131594  -35.930  49.383  9.048 0.0000000000
131595  -35.500  49.279  8.318 0.0000000000
131596  -35.112  49.206  7.588 0.0000000000
131597  -34.723  49.176  6.834 0.0000000000
131598  -33.848  48.885  7.116 0.0000000000
131599  -34.099  49.042  6.578 0.0000000000
131600  -34.379  49.302  6.125 0.0000000000
131601  -33.989  49.529  5.546 0.0000000000
131602  -33.566  49.870  5.080 0.0000000000
134198  -33.543  38.092  -8.443 0.0000000000
134199  -33.712  37.416  -8.232 0.0000000000
134200  -32.954  37.678  -8.023 0.0000000000
134255  -27.463  51.343  -4.794 0.0000000000
134256  -27.962  51.583  -5.286 0.0000000000
134257  -27.039  51.854  -5.541 0.0000000000
134258  -26.664  52.442  -6.134 0.0000000000
134259  -26.321  53.154  -6.645 0.0000000000
134260  -25.021  52.880  -6.367 0.0000000000
134261  -25.509  53.396  -6.773 0.0000000000
134262  -25.990  54.036  -7.034 0.0000000000
134263  -25.661  54.891  -7.457 0.0000000000
134264  -25.366  55.708  -7.914 0.0000000000
134265  -25.110  56.463  -8.467 0.0000000000
134266  -21.537  52.926  -6.600 0.0000000000
134267  -22.063  53.409  -7.182 0.0000000000
134268  -22.632  54.073  -7.665 0.0000000000
134270  -22.316  54.650  -8.252 0.0000000000
134271  -23.216  54.896  -8.061 0.0000000000
134272  -23.780  55.687  -8.421 0.0000000000
134273  -24.296  56.476  -8.766 0.0000000000
134274  -24.762  57.052  -9.098 0.0000000000
134275  -24.357  57.520  -9.731 0.0000000000
138255  -30.239  46.141  11.171 0.0000000000
138256  -29.734  46.047  10.501 0.0000000000
138257  -29.514  45.738  10.852 0.0000000000
138258  -28.709  45.528  10.595 0.0000000000
138259  -27.851  45.486  10.440 0.0000000000
138261  -27.630  45.335  10.819 0.0000000000
138262  -26.982  45.561  10.282 0.0000000000
138263  -26.182  45.790  10.293 0.0000000000
138264  -25.478  46.111  10.300 0.0000000000
138265  -24.872  46.569  10.344 0.0000000000
138269  -25.319  46.071  12.605 0.0000000000
138273  -24.683  46.668  10.858 0.0000000000
138274  -24.363  47.190  10.471 0.0000000000
138275  -24.007  47.900  10.641 0.0000000000
138276  -23.790  48.727  10.827 0.0000000000
138277  -23.674  49.519  11.045 0.0000000000
138278  -23.633  49.214  12.039 0.0000000000
138279  -23.592  49.796  11.658 0.0000000000
138280  -23.548  50.398  11.243 0.0000000000
138281  -23.457  51.312  11.418 0.0000000000
138291  -25.068  48.467  15.247 0.0000000000
138292  -24.617  48.916  15.016 0.0000000000
138300  -24.365  49.544  15.367 0.0000000000
138301  -24.211  49.391  14.810 0.0000000000
138302  -23.894  49.917  14.509 0.0000000000
138303  -23.607  50.502  14.192 0.0000000000
138304  -23.405  51.139  13.805 0.0000000000
138306  -23.345  51.905  14.039 0.0000000000
138307  -23.317  51.801  13.350 0.0000000000
138308  -23.329  52.531  12.842 0.0000000000
138418  -30.729  46.233  11.996 0.0000000000
140922  -35.456  38.056  -9.319 0.0000000000
140923  -34.784  38.291  -9.088 0.0000000000
140933  -37.454  45.724  -10.717 0.0000000000
140936  -36.083  44.106  -10.781 0.0000000000
140945  -35.006  41.175  -10.609 0.0000000000
140949  -34.585  38.936  -9.298 0.0000000000
140950  -34.078  38.519  -8.864 0.0000000000
140951  -33.379  38.692  -8.666 0.0000000000
140954  -32.280  40.225  -9.250 0.0000000000
140960  -31.753  42.789  -11.053 0.0000000000
140963  -29.924  42.257  -11.577 0.0000000000
141254  -38.559  42.978  3.724 0.0000000000
141257  -37.944  41.219  2.396 0.0000000000
141263  -38.961  39.171  0.543 0.0000000000
141264  -39.200  39.162  1.009 0.0000000000
141265  -39.539  39.220  1.452 0.0000000000
141266  -41.033  38.719  1.288 0.0000000000
141267  -40.422  39.048  1.559 0.0000000000
141268  -39.940  39.295  1.951 0.0000000000
141269  -40.290  39.233  2.534 0.0000000000
141290  -45.918  37.072  0.558 0.0000000000
145827  -37.728  50.354  -2.808 0.0000000000
145828  -37.904  50.828  -3.162 0.0000000000
145829  -37.526  51.171  -2.610 0.0000000000
145830  -37.280  51.981  -2.413 0.0000000000
145831  -36.953  52.728  -2.312 0.0000000000
145832  -36.739  52.614  -1.298 0.0000000000
145833  -36.637  53.015  -1.782 0.0000000000
145834  -36.547  53.331  -2.171 0.0000000000
145835  -36.046  53.716  -2.077 0.0000000000
145836  -35.409  53.891  -2.089 0.0000000000
145837  -34.545  53.983  -2.225 0.0000000000
145838  -35.910  53.094  0.762 0.0000000000
145839  -35.576  53.191  0.197 0.0000000000
145840  -35.269  53.344  -0.367 0.0000000000
145841  -34.250  52.891  -0.183 0.0000000000
145842  -34.586  53.195  -0.526 0.0000000000
145843  -34.921  53.498  -0.856 0.0000000000
145844  -34.545  53.688  -1.351 0.0000000000
145845  -34.109  53.787  -1.819 0.0000000000
145846  -33.785  53.786  -2.307 0.0000000000
145847  -33.049  53.489  -2.503 0.0000000000
145848  -32.366  53.113  -2.735 0.0000000000
145849  -31.739  52.687  -2.934 0.0000000000
145850  -31.610  52.673  -2.014 0.0000000000
145851  -31.314  52.566  -2.516 0.0000000000
145852  -31.090  52.237  -3.065 0.0000000000
145853  -30.429  51.797  -3.376 0.0000000000
145854  -29.697  51.421  -3.660 0.0000000000
145855  -28.850  51.229  -3.933 0.0000000000
145856  -32.699  50.760  3.924 0.0000000000
145857  -32.496  50.766  3.299 0.0000000000
145858  -32.348  50.608  2.616 0.0000000000
145859  -31.441  49.743  2.526 0.0000000000
145860  -31.832  50.040  2.190 0.0000000000
145861  -32.173  50.357  1.856 0.0000000000
145862  -32.026  50.282  1.200 0.0000000000
145863  -31.792  50.280  0.587 0.0000000000
145864  -31.379  50.417  0.012 0.0000000000
145865  -28.760  48.067  1.328 0.0000000000
145866  -29.163  48.293  0.961 0.0000000000
145867  -29.508  48.596  0.626 0.0000000000
145868  -28.210  48.501  -0.131 0.0000000000
145869  -29.076  48.715  0.069 0.0000000000
145870  -29.911  49.009  0.328 0.0000000000
145871  -30.351  49.481  0.033 0.0000000000
145872  -30.634  50.029  -0.236 0.0000000000
145873  -30.937  50.596  -0.486 0.0000000000
145874  -30.478  50.821  -0.960 0.0000000000
145875  -29.999  51.048  -1.372 0.0000000000
145876  -29.534  51.222  -1.819 0.0000000000
145877  -28.429  50.403  -1.826 0.0000000000
145878  -28.755  50.871  -2.043 0.0000000000
145879  -29.169  51.205  -2.386 0.0000000000
145880  -28.793  51.210  -2.980 0.0000000000
145881  -28.361  51.218  -3.587 0.0000000000
145882  -27.896  51.219  -4.197 0.0000000000
145883  -27.012  51.239  -4.390 0.0000000000
145884  -26.203  51.379  -4.563 0.0000000000
145885  -25.388  51.537  -4.704 0.0000000000
145886  -25.397  51.023  -3.782 0.0000000000
145887  -24.967  51.349  -4.289 0.0000000000
145888  -24.569  51.663  -4.805 0.0000000000
145889  -23.757  51.753  -4.871 0.0000000000
145890  -22.910  51.867  -4.931 0.0000000000
145891  -22.050  52.096  -4.872 0.0000000000
145892  -23.677  50.523  -2.180 0.0000000000
145893  -23.298  50.949  -2.587 0.0000000000
145894  -22.872  51.315  -3.003 0.0000000000
145895  -21.953  51.980  -2.229 0.0000000000
145896  -22.203  51.781  -2.816 0.0000000000
145897  -22.505  51.663  -3.377 0.0000000000
145898  -22.145  51.968  -3.821 0.0000000000
145899  -21.716  52.196  -4.298 0.0000000000
145900  -21.215  52.495  -4.689 0.0000000000
145901  -20.499  53.052  -4.477 0.0000000000
145904  -20.023  54.726  -3.291 0.0000000000
145910  -29.148  45.994  9.810 0.0000000000
145911  -28.529  45.942  9.143 0.0000000000
145912  -28.004  45.987  8.491 0.0000000000
145913  -27.019  45.933  8.867 0.0000000000
145914  -27.259  45.993  8.347 0.0000000000
145915  -27.511  46.131  7.859 0.0000000000
145916  -27.031  46.352  7.237 0.0000000000
145917  -26.527  46.653  6.637 0.0000000000
145918  -26.028  47.003  6.047 0.0000000000
145919  -24.416  47.602  8.762 0.0000000000
145920  -24.554  47.485  8.137 0.0000000000
145921  -24.678  47.395  7.524 0.0000000000
145922  -23.853  48.568  7.088 0.0000000000
145923  -24.348  47.927  7.026 0.0000000000
145924  -24.921  47.361  7.012 0.0000000000
145925  -25.167  47.346  6.499 0.0000000000
145926  -25.384  47.380  5.985 0.0000000000
145927  -25.701  47.526  5.547 0.0000000000
145928  -25.380  48.002  5.111 0.0000000000
145929  -25.064  48.520  4.688 0.0000000000
145930  -24.814  48.975  4.231 0.0000000000
145931  -24.134  49.539  4.647 0.0000000000
145932  -24.390  49.504  4.228 0.0000000000
145933  -24.602  49.465  3.745 0.0000000000
145934  -24.311  49.804  3.315 0.0000000000
145935  -24.010  50.171  2.902 0.0000000000
145936  -23.540  50.607  2.559 0.0000000000
145956  -22.843  52.401  4.595 0.0000000000
145957  -23.238  52.306  4.203 0.0000000000
145959  -23.107  52.948  3.833 0.0000000000
145960  -23.316  52.114  3.691 0.0000000000
145961  -23.316  51.832  3.183 0.0000000000
145962  -23.209  51.444  2.731 0.0000000000
145963  -23.079  51.083  2.232 0.0000000000
145964  -22.623  51.638  1.889 0.0000000000
145965  -22.216  52.331  1.476 0.0000000000
145966  -21.759  52.986  1.064 0.0000000000
145967  -21.637  54.240  1.638 0.0000000000
145968  -21.435  53.888  1.169 0.0000000000
145969  -21.256  53.560  0.643 0.0000000000
145970  -20.791  54.165  0.305 0.0000000000
145971  -20.377  54.754  -0.102 0.0000000000
145972  -20.123  55.290  -0.497 0.0000000000
145980  -19.844  56.212  -0.528 0.0000000000
145981  -19.901  55.823  -0.897 0.0000000000
145982  -19.777  56.438  -1.344 0.0000000000
146260  -39.367  43.848  5.424 0.0000000000
146261  -39.270  44.287  5.006 0.0000000000
146265  -38.547  47.425  10.515 0.0000000000
146271  -37.404  49.209  8.905 0.0000000000
146272  -37.862  48.709  8.926 0.0000000000
146273  -38.182  48.106  8.856 0.0000000000
146274  -38.389  48.706  8.031 0.0000000000
146275  -38.394  48.075  8.389 0.0000000000
146276  -38.359  47.451  8.720 0.0000000000
146277  -38.370  46.809  8.512 0.0000000000
146281  -38.683  45.319  7.045 0.0000000000
146282  -38.923  45.222  6.581 0.0000000000
146283  -39.084  46.410  6.422 0.0000000000
146284  -39.072  45.763  6.226 0.0000000000
146285  -39.166  45.069  6.129 0.0000000000
146286  -39.283  44.974  5.644 0.0000000000
146287  -39.280  44.878  5.145 0.0000000000
146288  -39.146  44.674  4.640 0.0000000000
146289  -38.964  44.942  4.261 0.0000000000
146290  -38.819  45.190  3.870 0.0000000000
146291  -38.682  45.488  3.562 0.0000000000
146292  -38.961  46.385  4.042 0.0000000000
146293  -38.676  46.063  3.647 0.0000000000
146294  -38.445  45.772  3.218 0.0000000000
146295  -38.282  46.097  2.804 0.0000000000
146296  -38.163  46.457  2.288 0.0000000000
146297  -37.963  46.913  1.763 0.0000000000
146298  -38.721  49.719  4.619 0.0000000000
146299  -38.659  49.347  4.028 0.0000000000
146300  -38.487  48.973  3.406 0.0000000000
146301  -37.997  50.111  3.103 0.0000000000
146302  -38.188  49.358  2.978 0.0000000000
146303  -38.259  48.537  2.776 0.0000000000
146304  -38.070  48.084  2.258 0.0000000000
146305  -37.918  47.688  1.809 0.0000000000
146306  -37.750  47.353  1.269 0.0000000000
146307  -37.590  47.806  0.745 0.0000000000
146308  -37.502  48.285  0.231 0.0000000000
146309  -37.514  48.793  -0.298 0.0000000000
146310  -37.547  49.840  0.435 0.0000000000
146311  -37.508  49.565  -0.252 0.0000000000
146312  -37.507  49.274  -0.946 0.0000000000
146313  -37.490  49.712  -1.622 0.0000000000
146314  -37.585  50.012  -2.246 0.0000000000
153742  -33.899  36.738  -8.188 0.0000000000
153877  -38.164  51.155  -3.685 0.0000000000
153878  -38.356  51.590  -4.204 0.0000000000
153879  -38.450  52.076  -4.676 0.0000000000
153880  -37.373  53.015  -3.965 0.0000000000
153881  -37.869  52.716  -4.585 0.0000000000
153882  -38.339  52.510  -5.213 0.0000000000
153883  -38.113  52.611  -5.727 0.0000000000
153884  -37.781  52.607  -6.213 0.0000000000
153885  -37.406  52.543  -6.676 0.0000000000
153886  -34.599  53.907  -4.065 0.0000000000
153887  -35.167  53.906  -4.576 0.0000000000
153888  -35.734  53.736  -5.134 0.0000000000
153889  -34.740  53.500  -5.923 0.0000000000
153890  -35.423  53.643  -5.767 0.0000000000
153891  -36.152  53.512  -5.629 0.0000000000
153892  -36.466  53.219  -6.145 0.0000000000
153893  -36.733  52.875  -6.565 0.0000000000
153894  -36.809  52.256  -7.075 0.0000000000
153895  -36.172  52.034  -7.526 0.0000000000
153896  -35.616  51.918  -8.085 0.0000000000
153897  -35.067  51.840  -8.639 0.0000000000
153898  -34.931  53.159  -8.786 0.0000000000
153899  -34.796  52.516  -9.053 0.0000000000
153900  -34.554  51.728  -9.265 0.0000000000
153901  -34.065  51.558  -9.863 0.0000000000
153902  -33.582  51.269  -10.384 0.0000000000
153903  -33.009  50.834  -10.742 0.0000000000
153904  -28.469  51.849  -5.715 0.0000000000
153905  -28.940  52.168  -6.150 0.0000000000
153906  -29.424  52.526  -6.543 0.0000000000
153907  -28.061  53.874  -7.160 0.0000000000
153908  -28.967  53.419  -7.053 0.0000000000
153909  -29.895  53.009  -6.914 0.0000000000
153910  -30.387  53.486  -7.304 0.0000000000
153911  -30.877  54.037  -7.712 0.0000000000
153912  -31.510  54.605  -8.128 0.0000000000
153913  -26.958  57.303  -8.933 0.0000000000
153914  -27.792  57.160  -8.752 0.0000000000
153915  -28.604  56.899  -8.648 0.0000000000
153917  -29.155  57.073  -9.144 0.0000000000
153918  -29.410  56.477  -8.586 0.0000000000
153919  -30.248  55.926  -8.577 0.0000000000
153920  -31.132  55.451  -8.587 0.0000000000
153921  -32.034  55.044  -8.611 0.0000000000
153922  -32.531  55.254  -9.192 0.0000000000
153923  -32.929  55.081  -9.864 0.0000000000
153924  -33.084  54.495  -10.437 0.0000000000
153925  -31.768  54.956  -10.958 0.0000000000
153926  -32.454  54.327  -10.939 0.0000000000
153927  -33.031  53.664  -10.845 0.0000000000
153928  -32.793  52.566  -11.065 0.0000000000
153929  -32.587  51.380  -11.162 0.0000000000
153930  -32.385  50.348  -11.098 0.0000000000
153931  -31.763  49.934  -11.373 0.0000000000
153932  -31.193  49.442  -11.526 0.0000000000
153933  -30.660  48.934  -11.537 0.0000000000
153935  -30.164  49.560  -11.388 0.0000000000
153936  -30.137  48.416  -11.422 0.0000000000
153937  -29.581  47.878  -11.183 0.0000000000
153941  -27.529  51.559  -10.600 0.0000000000
153942  -27.558  50.622  -10.483 0.0000000000
153944  -26.808  50.054  -10.259 0.0000000000
153945  -27.599  49.600  -10.314 0.0000000000
153946  -27.637  48.504  -10.228 0.0000000000
153952  -24.700  46.228  -9.705 0.0000000000
