#!ascii label  , from subject fsaverage vox2ras=TkReg coords=white
2172
13  -37.297  23.573  24.834 0.0000000000
58  -34.464  35.725  12.220 0.0000000000
263  -48.874  13.815  21.609 0.0000000000
264  -42.681  20.607  20.009 0.0000000000
266  -44.462  34.844  5.623 0.0000000000
391  -44.380  30.171  26.854 0.0000000000
392  -42.160  30.585  20.783 0.0000000000
525  -42.822  26.629  12.559 0.0000000000
742  -35.792  19.130  23.472 0.0000000000
743  -39.940  17.577  21.122 0.0000000000
744  -37.496  22.134  21.110 0.0000000000
892  -41.597  33.044  27.827 0.0000000000
893  -41.903  33.371  23.580 0.0000000000
1155  -38.151  32.452  17.720 0.0000000000
1156  -39.141  28.069  17.384 0.0000000000
1157  -36.470  30.627  12.870 0.0000000000
1626  -42.896  13.536  23.196 0.0000000000
1627  -46.326  16.781  21.354 0.0000000000
1629  -36.921  40.433  7.371 0.0000000000
1630  -37.799  34.940  7.610 0.0000000000
1631  -39.982  38.821  3.852 0.0000000000
1873  -41.584  26.923  26.614 0.0000000000
1874  -40.200  27.719  23.672 0.0000000000
1875  -44.207  31.186  23.850 0.0000000000
1876  -42.287  33.777  20.710 0.0000000000
1877  -37.420  36.287  17.076 0.0000000000
1880  -36.208  40.707  11.827 0.0000000000
1881  -38.102  44.979  8.417 0.0000000000
2031  -40.567  23.292  28.552 0.0000000000
2032  -44.672  26.397  29.242 0.0000000000
2033  -42.665  29.100  30.086 0.0000000000
2211  -48.299  12.014  15.197 0.0000000000
2217  -39.575  25.502  19.857 0.0000000000
2218  -44.082  24.260  17.490 0.0000000000
2220  -42.786  31.870  9.507 0.0000000000
2662  -35.982  21.548  23.857 0.0000000000
2663  -36.553  20.741  22.154 0.0000000000
2664  -36.695  23.144  22.761 0.0000000000
3075  -35.491  33.531  15.374 0.0000000000
3076  -36.009  31.154  15.534 0.0000000000
3077  -34.636  32.701  12.580 0.0000000000
3670  -41.311  18.964  20.368 0.0000000000
3671  -43.168  16.935  20.762 0.0000000000
3672  -44.534  18.615  19.752 0.0000000000
3674  -45.633  20.527  19.070 0.0000000000
3675  -38.666  42.340  6.117 0.0000000000
3676  -37.976  39.691  5.503 0.0000000000
3677  -38.487  41.248  3.860 0.0000000000
4117  -43.481  28.545  26.960 0.0000000000
4118  -42.731  29.285  25.719 0.0000000000
4119  -44.244  30.810  25.515 0.0000000000
4120  -41.319  35.144  22.238 0.0000000000
4121  -42.877  33.900  22.087 0.0000000000
4122  -41.419  35.292  20.429 0.0000000000
4123  -40.079  34.955  18.837 0.0000000000
4124  -39.447  36.714  18.761 0.0000000000
4133  -37.059  42.597  9.960 0.0000000000
4458  -43.009  24.683  28.812 0.0000000000
4462  -40.382  28.476  31.802 0.0000000000
4890  -46.948  12.273  20.447 0.0000000000
4892  -48.662  13.541  18.457 0.0000000000
4905  -41.763  29.312  22.545 0.0000000000
4906  -39.369  27.006  21.760 0.0000000000
4907  -40.293  28.387  20.744 0.0000000000
4908  -39.990  26.765  14.681 0.0000000000
4909  -41.018  25.645  16.754 0.0000000000
4910  -43.430  25.025  14.837 0.0000000000
4911  -46.839  24.297  16.091 0.0000000000
4912  -46.419  25.164  13.036 0.0000000000
4913  -41.116  35.061  6.587 0.0000000000
4914  -39.788  33.066  8.671 0.0000000000
4915  -43.672  33.514  7.827 0.0000000000
5945  -38.525  15.965  22.001 0.0000000000
5946  -37.295  18.303  22.146 0.0000000000
5947  -38.441  19.661  21.148 0.0000000000
5948  -39.796  20.936  20.429 0.0000000000
6214  -42.988  31.495  27.214 0.0000000000
6215  -43.128  32.036  25.267 0.0000000000
6216  -41.482  33.115  25.704 0.0000000000
6679  -50.810  14.974  18.908 0.0000000000
6687  -40.931  31.598  19.366 0.0000000000
6688  -40.549  29.616  19.288 0.0000000000
6689  -38.758  30.545  17.774 0.0000000000
6690  -37.675  29.207  15.285 0.0000000000
6691  -39.430  28.725  12.886 0.0000000000
6693  -47.226  33.259  6.674 0.0000000000
7634  -46.169  12.941  23.037 0.0000000000
7635  -41.556  15.366  21.865 0.0000000000
7636  -44.606  15.256  22.700 0.0000000000
7637  -47.866  15.153  23.058 0.0000000000
7641  -35.259  37.987  9.104 0.0000000000
7642  -35.068  35.158  9.376 0.0000000000
7643  -36.616  37.581  6.896 0.0000000000
7644  -38.980  37.000  5.487 0.0000000000
7645  -42.048  36.687  4.485 0.0000000000
7647  -42.525  38.543  2.625 0.0000000000
7648  -44.490  35.834  2.788 0.0000000000
8239  -39.403  25.221  25.922 0.0000000000
8240  -38.548  25.694  24.160 0.0000000000
8241  -40.677  27.535  25.372 0.0000000000
8242  -42.405  29.487  24.248 0.0000000000
8243  -43.564  31.030  22.260 0.0000000000
8244  -43.758  32.631  23.569 0.0000000000
8245  -43.842  32.598  22.002 0.0000000000
8246  -42.610  32.318  20.777 0.0000000000
8247  -40.528  33.215  19.124 0.0000000000
8248  -37.779  34.178  17.408 0.0000000000
8249  -35.722  36.032  14.990 0.0000000000
8257  -36.465  38.466  14.240 0.0000000000
8258  -35.360  38.354  11.743 0.0000000000
8259  -36.528  40.487  9.507 0.0000000000
8260  -37.977  42.656  7.838 0.0000000000
8640  -36.452  21.470  25.958 0.0000000000
8667  -38.790  23.487  26.766 0.0000000000
8668  -41.148  24.917  27.300 0.0000000000
8669  -43.208  26.486  27.687 0.0000000000
8670  -44.709  28.220  28.108 0.0000000000
8672  -44.543  28.012  29.771 0.0000000000
8673  -44.284  29.866  28.749 0.0000000000
8674  -42.398  31.123  29.103 0.0000000000
9198  -50.069  13.680  15.361 0.0000000000
9199  -49.413  11.978  12.333 0.0000000000
9213  -38.007  25.144  22.056 0.0000000000
9214  -38.798  23.791  20.480 0.0000000000
9215  -41.051  22.759  19.759 0.0000000000
9216  -39.743  26.988  18.880 0.0000000000
9217  -41.554  24.395  18.512 0.0000000000
9218  -43.741  22.561  19.229 0.0000000000
9219  -46.551  22.973  18.596 0.0000000000
9222  -36.515  32.722  10.213 0.0000000000
9223  -39.150  31.236  10.799 0.0000000000
9224  -42.647  29.310  11.155 0.0000000000
9225  -46.672  32.306  8.505 0.0000000000
9226  -46.219  30.061  10.031 0.0000000000
10342  -36.542  22.714  24.348 0.0000000000
10343  -36.294  22.390  23.273 0.0000000000
10344  -36.858  23.510  23.783 0.0000000000
10755  -34.694  34.497  13.864 0.0000000000
10756  -34.723  33.005  14.026 0.0000000000
10757  -34.291  34.087  12.376 0.0000000000
11350  -42.003  19.705  20.136 0.0000000000
11351  -42.903  18.744  19.932 0.0000000000
11352  -43.597  19.660  19.773 0.0000000000
11353  -45.110  19.566  19.435 0.0000000000
11354  -44.190  20.530  19.546 0.0000000000
11356  -38.713  41.847  5.089 0.0000000000
11797  -44.155  29.378  26.888 0.0000000000
11798  -43.781  29.711  26.284 0.0000000000
11799  -44.201  30.490  26.192 0.0000000000
11801  -41.500  35.233  21.292 0.0000000000
11803  -40.574  36.009  19.522 0.0000000000
12570  -47.967  12.908  21.047 0.0000000000
12571  -47.886  12.879  19.556 0.0000000000
12572  -48.825  13.687  20.124 0.0000000000
12585  -42.099  29.927  21.603 0.0000000000
12586  -41.008  28.861  21.559 0.0000000000
12587  -41.228  29.519  20.807 0.0000000000
12588  -41.312  26.610  13.557 0.0000000000
12589  -41.600  25.804  14.599 0.0000000000
12590  -43.096  25.716  13.583 0.0000000000
12591  -44.871  25.001  13.944 0.0000000000
12592  -44.656  25.811  12.722 0.0000000000
12593  -42.776  35.029  6.086 0.0000000000
12594  -42.321  34.177  7.282 0.0000000000
12595  -44.117  34.308  6.849 0.0000000000
13747  -35.848  17.886  23.197 0.0000000000
13748  -36.726  17.560  22.540 0.0000000000
13749  -36.414  18.749  22.738 0.0000000000
13750  -36.973  21.440  21.607 0.0000000000
13751  -37.344  20.179  21.575 0.0000000000
13752  -37.846  20.841  21.089 0.0000000000
13753  -39.070  20.326  20.747 0.0000000000
13754  -38.493  21.454  20.691 0.0000000000
14197  -42.160  32.189  27.453 0.0000000000
14198  -42.105  32.246  26.427 0.0000000000
14199  -41.501  33.125  26.791 0.0000000000
14985  -39.634  32.036  18.555 0.0000000000
14986  -39.882  31.138  18.575 0.0000000000
14987  -38.404  31.467  17.780 0.0000000000
14988  -35.911  30.682  14.124 0.0000000000
14989  -36.669  30.202  15.493 0.0000000000
14990  -36.963  29.859  14.100 0.0000000000
14991  -38.297  28.805  13.947 0.0000000000
14992  -37.926  29.816  12.927 0.0000000000
16767  -43.648  12.284  22.936 0.0000000000
16768  -45.251  12.158  22.571 0.0000000000
16769  -44.495  13.234  23.342 0.0000000000
16770  -39.219  16.801  21.569 0.0000000000
16771  -39.996  15.636  21.830 0.0000000000
16772  -40.744  16.436  21.293 0.0000000000
16773  -44.742  16.809  20.976 0.0000000000
16774  -43.958  16.040  21.605 0.0000000000
16775  -45.482  16.043  22.117 0.0000000000
16776  -46.252  15.165  23.019 0.0000000000
16777  -47.062  16.084  22.447 0.0000000000
16785  -36.265  39.308  8.222 0.0000000000
16786  -35.861  37.763  7.909 0.0000000000
16787  -36.635  39.128  7.092 0.0000000000
16788  -38.850  39.213  4.624 0.0000000000
16789  -38.268  38.276  5.444 0.0000000000
16790  -39.646  37.981  4.805 0.0000000000
16791  -40.632  36.835  5.085 0.0000000000
16792  -41.120  37.767  4.156 0.0000000000
16797  -42.017  38.641  1.472 0.0000000000
16798  -43.728  38.257  1.842 0.0000000000
16799  -43.648  37.262  2.816 0.0000000000
16800  -44.739  36.907  1.986 0.0000000000
16801  -45.654  35.362  1.880 0.0000000000
18112  -40.481  26.054  26.326 0.0000000000
18113  -39.979  26.385  25.630 0.0000000000
18114  -41.057  27.282  26.068 0.0000000000
18115  -43.573  30.222  24.865 0.0000000000
18116  -42.662  29.475  25.050 0.0000000000
18117  -43.418  30.302  24.097 0.0000000000
18118  -43.182  30.266  23.256 0.0000000000
18119  -44.001  31.178  23.066 0.0000000000
18120  -42.432  32.636  24.394 0.0000000000
18121  -43.429  32.322  24.428 0.0000000000
18122  -42.951  33.016  23.532 0.0000000000
18123  -42.781  33.880  21.497 0.0000000000
18124  -43.534  33.287  22.123 0.0000000000
18125  -43.115  33.224  21.433 0.0000000000
18126  -43.297  32.541  21.340 0.0000000000
18127  -42.488  33.043  20.708 0.0000000000
18128  -41.691  32.750  20.027 0.0000000000
18129  -41.444  33.549  19.945 0.0000000000
18130  -38.675  35.507  18.120 0.0000000000
18131  -38.956  34.564  18.162 0.0000000000
18132  -37.584  35.245  17.311 0.0000000000
18133  -36.547  34.992  16.379 0.0000000000
18134  -36.570  36.204  16.135 0.0000000000
18153  -36.039  40.644  12.928 0.0000000000
18155  -36.113  39.725  12.969 0.0000000000
18156  -35.801  38.456  13.071 0.0000000000
18157  -35.953  39.646  11.767 0.0000000000
18158  -35.819  39.447  10.484 0.0000000000
18159  -36.337  40.572  10.684 0.0000000000
18160  -37.619  43.792  9.074 0.0000000000
18161  -37.482  42.630  8.936 0.0000000000
18162  -38.108  43.759  8.085 0.0000000000
18163  -38.670  43.642  7.186 0.0000000000
18164  -38.526  44.850  7.404 0.0000000000
19126  -38.275  22.493  27.368 0.0000000000
19127  -39.664  23.439  27.639 0.0000000000
19128  -39.946  24.135  27.060 0.0000000000
19129  -40.892  24.070  27.819 0.0000000000
19130  -44.035  25.581  29.018 0.0000000000
19131  -43.183  25.614  28.149 0.0000000000
19132  -44.074  26.459  28.371 0.0000000000
19133  -44.131  27.383  27.924 0.0000000000
19134  -44.654  27.329  28.621 0.0000000000
19138  -42.778  28.378  30.946 0.0000000000
19139  -43.846  27.866  30.806 0.0000000000
19140  -43.798  28.667  30.064 0.0000000000
19141  -44.523  28.877  29.291 0.0000000000
19142  -43.640  29.541  29.474 0.0000000000
19143  -43.338  30.533  28.921 0.0000000000
19144  -42.546  30.079  29.533 0.0000000000
20433  -47.719  11.902  16.386 0.0000000000
20437  -48.361  11.074  13.736 0.0000000000
20438  -51.675  14.973  17.238 0.0000000000
20439  -50.480  14.509  17.165 0.0000000000
20475  -39.317  26.810  23.950 0.0000000000
20476  -38.202  25.532  23.099 0.0000000000
20477  -38.956  26.526  22.902 0.0000000000
20478  -39.267  26.308  20.768 0.0000000000
20479  -38.812  25.446  21.016 0.0000000000
20480  -39.353  24.641  20.263 0.0000000000
20481  -39.827  23.203  20.038 0.0000000000
20482  -40.274  24.046  19.625 0.0000000000
20483  -39.697  28.956  18.491 0.0000000000
20484  -39.944  28.459  19.246 0.0000000000
20485  -39.686  27.563  18.320 0.0000000000
20486  -42.571  24.888  17.004 0.0000000000
20487  -41.480  25.169  17.756 0.0000000000
20488  -42.814  24.224  18.033 0.0000000000
20489  -42.680  23.464  18.793 0.0000000000
20490  -44.047  23.469  18.492 0.0000000000
20491  -45.074  22.702  19.006 0.0000000000
20492  -45.328  23.636  18.037 0.0000000000
20498  -36.332  34.981  8.359 0.0000000000
20499  -35.539  33.846  9.875 0.0000000000
20500  -36.948  33.781  8.956 0.0000000000
20501  -41.220  32.498  9.060 0.0000000000
20502  -39.341  32.230  9.670 0.0000000000
20503  -40.931  31.631  10.076 0.0000000000
20504  -40.884  30.336  11.099 0.0000000000
20505  -42.649  30.660  10.487 0.0000000000
20506  -48.684  32.524  6.673 0.0000000000
20507  -47.035  32.858  7.816 0.0000000000
20508  -48.479  32.209  7.801 0.0000000000
20511  -47.843  28.964  9.735 0.0000000000
20512  -46.181  28.598  10.319 0.0000000000
23224  -35.795  20.370  23.594 0.0000000000
23225  -36.169  19.986  22.756 0.0000000000
23226  -36.083  21.154  22.928 0.0000000000
23227  -36.468  21.938  22.348 0.0000000000
23228  -36.900  22.708  21.839 0.0000000000
23494  -41.003  34.021  28.171 0.0000000000
23967  -36.667  32.813  16.665 0.0000000000
23968  -36.889  31.790  16.797 0.0000000000
23969  -35.608  32.259  15.471 0.0000000000
23970  -35.148  31.717  14.080 0.0000000000
23971  -35.460  31.484  12.713 0.0000000000
25037  -41.388  13.704  22.973 0.0000000000
25038  -40.608  18.321  20.690 0.0000000000
25039  -41.535  17.218  20.806 0.0000000000
25040  -42.262  17.974  20.263 0.0000000000
25041  -43.888  17.773  20.145 0.0000000000
25042  -45.463  17.592  20.276 0.0000000000
25047  -37.758  41.344  6.704 0.0000000000
25048  -37.326  40.106  6.386 0.0000000000
25049  -38.108  41.009  5.744 0.0000000000
25050  -38.491  40.495  4.715 0.0000000000
25051  -38.966  39.916  3.765 0.0000000000
25843  -42.586  27.713  26.842 0.0000000000
25844  -42.140  28.070  26.310 0.0000000000
25845  -43.042  28.896  26.360 0.0000000000
25846  -43.600  30.036  25.600 0.0000000000
25847  -44.251  31.035  24.645 0.0000000000
25848  -41.562  34.261  22.897 0.0000000000
25849  -42.463  33.749  22.792 0.0000000000
25850  -42.020  34.436  22.132 0.0000000000
25851  -42.235  34.561  21.365 0.0000000000
25852  -41.975  34.542  20.533 0.0000000000
25853  -41.240  34.426  19.688 0.0000000000
25854  -40.921  35.228  19.586 0.0000000000
25855  -39.706  35.805  18.818 0.0000000000
25856  -38.461  36.495  17.994 0.0000000000
25871  -36.527  41.529  10.831 0.0000000000
25872  -36.599  42.564  10.928 0.0000000000
25873  -37.200  43.848  10.135 0.0000000000
25874  -37.832  45.093  9.411 0.0000000000
26453  -41.510  23.139  29.512 0.0000000000
26454  -41.806  24.010  28.665 0.0000000000
26455  -42.783  23.872  29.596 0.0000000000
26461  -41.806  28.186  32.009 0.0000000000
26462  -41.490  28.731  30.821 0.0000000000
27236  -46.947  12.146  18.957 0.0000000000
27237  -47.789  12.620  17.948 0.0000000000
27238  -48.387  12.994  16.764 0.0000000000
27261  -41.133  28.584  23.211 0.0000000000
27262  -39.765  27.418  22.666 0.0000000000
27263  -40.474  28.147  22.262 0.0000000000
27264  -39.958  27.682  21.329 0.0000000000
27265  -39.558  27.090  20.285 0.0000000000
27266  -39.255  27.206  15.958 0.0000000000
27267  -39.793  26.653  16.933 0.0000000000
27268  -40.470  26.064  15.672 0.0000000000
27269  -42.099  25.264  15.767 0.0000000000
27270  -43.736  24.708  16.194 0.0000000000
27271  -45.379  24.270  16.839 0.0000000000
27272  -45.129  24.572  15.365 0.0000000000
27273  -46.671  24.563  14.604 0.0000000000
27275  -39.381  34.994  7.041 0.0000000000
27276  -38.631  33.839  8.308 0.0000000000
27277  -40.442  33.980  7.790 0.0000000000
27278  -41.716  33.325  8.234 0.0000000000
27279  -43.208  32.810  8.614 0.0000000000
29232  -37.250  16.404  22.446 0.0000000000
29233  -37.858  17.150  21.994 0.0000000000
29234  -38.558  17.934  21.618 0.0000000000
29235  -36.871  19.534  22.112 0.0000000000
29236  -37.890  19.026  21.617 0.0000000000
29237  -39.203  18.609  21.184 0.0000000000
29238  -39.824  19.275  20.778 0.0000000000
29239  -40.472  19.951  20.504 0.0000000000
29240  -41.169  20.675  20.216 0.0000000000
29860  -43.842  30.946  27.030 0.0000000000
29861  -43.749  31.199  26.172 0.0000000000
29862  -42.932  31.745  26.211 0.0000000000
29863  -42.175  32.426  25.382 0.0000000000
29864  -41.576  33.160  24.544 0.0000000000
29866  -40.895  33.965  24.931 0.0000000000
29867  -41.160  34.054  23.861 0.0000000000
29868  -40.991  35.055  23.218 0.0000000000
30942  -49.763  14.824  21.888 0.0000000000
30943  -49.806  14.582  20.457 0.0000000000
30944  -50.953  15.342  20.573 0.0000000000
30945  -51.997  15.573  19.030 0.0000000000
30963  -41.835  31.145  20.146 0.0000000000
30964  -41.357  30.102  20.078 0.0000000000
30965  -40.972  30.629  19.344 0.0000000000
30966  -39.928  30.123  18.527 0.0000000000
30967  -38.947  29.392  17.597 0.0000000000
30968  -37.297  30.816  16.792 0.0000000000
30969  -37.806  29.850  16.699 0.0000000000
30970  -38.413  28.548  16.386 0.0000000000
30971  -38.737  27.889  15.007 0.0000000000
30972  -39.659  27.695  13.780 0.0000000000
30973  -41.038  27.704  12.688 0.0000000000
30974  -45.584  34.136  4.588 0.0000000000
30975  -45.729  34.001  6.233 0.0000000000
30976  -47.012  33.280  5.026 0.0000000000
30977  -48.581  32.644  5.352 0.0000000000
33336  -45.765  11.693  21.287 0.0000000000
33337  -46.787  12.354  21.824 0.0000000000
33338  -47.641  13.115  22.391 0.0000000000
33339  -39.279  15.011  22.331 0.0000000000
33340  -40.738  14.716  22.431 0.0000000000
33341  -42.217  14.596  22.697 0.0000000000
33342  -42.360  16.128  21.347 0.0000000000
33343  -43.044  15.295  22.209 0.0000000000
33344  -43.719  14.442  23.114 0.0000000000
33345  -45.392  14.123  23.385 0.0000000000
33346  -46.991  13.898  23.328 0.0000000000
33347  -48.485  14.212  22.740 0.0000000000
33357  -34.599  36.865  10.526 0.0000000000
33358  -34.416  35.455  10.670 0.0000000000
33359  -34.926  36.578  9.054 0.0000000000
33360  -35.874  36.299  7.924 0.0000000000
33361  -37.110  36.157  7.099 0.0000000000
33362  -37.308  38.743  6.165 0.0000000000
33363  -37.615  37.254  6.103 0.0000000000
33364  -38.441  36.059  6.431 0.0000000000
33365  -39.994  35.949  5.937 0.0000000000
33366  -41.571  35.864  5.439 0.0000000000
33367  -43.173  35.708  4.901 0.0000000000
33368  -38.078  41.785  2.985 0.0000000000
33369  -38.543  40.418  2.734 0.0000000000
33372  -40.813  39.064  2.139 0.0000000000
33373  -41.181  38.629  3.265 0.0000000000
33374  -42.419  37.502  3.506 0.0000000000
33375  -43.378  36.298  3.623 0.0000000000
33376  -44.327  35.176  3.991 0.0000000000
33377  -45.513  34.485  2.994 0.0000000000
35017  -38.270  24.406  25.369 0.0000000000
35018  -37.831  24.653  24.478 0.0000000000
35019  -38.921  25.523  25.124 0.0000000000
35020  -39.582  26.634  24.830 0.0000000000
35021  -40.440  27.681  24.603 0.0000000000
35022  -41.810  28.422  25.681 0.0000000000
35023  -41.543  28.561  24.920 0.0000000000
35024  -41.284  28.583  24.119 0.0000000000
35025  -42.160  29.403  23.326 0.0000000000
35026  -42.752  30.132  22.437 0.0000000000
35027  -42.855  30.858  21.539 0.0000000000
35028  -43.905  31.445  25.389 0.0000000000
35029  -44.216  31.784  24.592 0.0000000000
35030  -44.398  32.026  23.656 0.0000000000
35031  -43.371  33.241  22.817 0.0000000000
35032  -44.073  32.706  22.734 0.0000000000
35033  -44.294  32.007  22.797 0.0000000000
35034  -43.877  31.888  22.119 0.0000000000
35035  -43.269  31.769  21.454 0.0000000000
35036  -42.570  31.517  20.847 0.0000000000
35037  -41.809  31.995  20.115 0.0000000000
35038  -40.765  32.413  19.270 0.0000000000
35039  -39.416  32.823  18.434 0.0000000000
35040  -40.359  34.050  19.020 0.0000000000
35041  -39.162  33.667  18.253 0.0000000000
35042  -37.911  33.239  17.507 0.0000000000
35043  -36.548  33.842  16.545 0.0000000000
35044  -35.531  34.736  15.274 0.0000000000
35045  -34.964  35.800  13.685 0.0000000000
35064  -39.218  37.909  18.657 0.0000000000
35066  -37.480  37.447  16.701 0.0000000000
35068  -36.998  38.484  15.273 0.0000000000
35069  -36.725  37.351  15.714 0.0000000000
35070  -36.043  37.292  14.584 0.0000000000
35071  -35.387  37.165  13.347 0.0000000000
35072  -34.786  37.055  11.946 0.0000000000
35073  -35.191  38.197  10.384 0.0000000000
35074  -35.956  39.366  9.274 0.0000000000
35075  -36.663  40.548  8.418 0.0000000000
35076  -36.914  41.559  9.746 0.0000000000
35077  -37.148  41.613  8.642 0.0000000000
35078  -37.355  41.506  7.592 0.0000000000
35079  -38.383  42.510  6.914 0.0000000000
35080  -39.149  43.507  6.341 0.0000000000
35087  -38.494  46.052  7.752 0.0000000000
36171  -35.321  19.228  24.308 0.0000000000
36172  -35.620  20.432  24.584 0.0000000000
36173  -36.164  21.607  24.923 0.0000000000
36174  -36.862  22.580  25.313 0.0000000000
36254  -37.542  22.542  26.385 0.0000000000
36255  -38.042  23.561  25.841 0.0000000000
36256  -39.075  24.272  26.313 0.0000000000
36257  -40.220  25.050  26.678 0.0000000000
36258  -41.359  25.897  26.943 0.0000000000
36259  -42.044  24.755  27.973 0.0000000000
36260  -42.222  25.715  27.494 0.0000000000
36261  -42.440  26.686  27.190 0.0000000000
36262  -43.370  27.508  27.412 0.0000000000
36263  -44.142  28.349  27.482 0.0000000000
36264  -44.718  29.190  27.544 0.0000000000
36269  -44.607  27.245  30.460 0.0000000000
36270  -44.807  27.269  29.485 0.0000000000
36271  -44.890  28.146  28.906 0.0000000000
36272  -44.864  29.048  28.350 0.0000000000
36273  -44.514  30.139  27.763 0.0000000000
36274  -43.726  30.788  27.962 0.0000000000
36275  -42.784  31.447  28.260 0.0000000000
36276  -42.022  32.136  28.554 0.0000000000
36278  -41.425  31.681  29.203 0.0000000000
37836  -49.638  14.373  18.801 0.0000000000
37837  -49.314  13.914  17.068 0.0000000000
37838  -49.009  13.014  15.377 0.0000000000
37840  -49.729  12.757  13.913 0.0000000000
37841  -48.843  12.036  13.846 0.0000000000
37842  -48.833  11.166  12.252 0.0000000000
37881  -37.472  24.513  23.422 0.0000000000
37882  -37.273  24.212  22.365 0.0000000000
37883  -37.507  23.645  21.443 0.0000000000
37884  -38.724  26.130  21.927 0.0000000000
37885  -38.182  24.587  21.187 0.0000000000
37886  -38.137  22.987  20.754 0.0000000000
37887  -39.118  22.337  20.346 0.0000000000
37888  -40.387  21.860  20.099 0.0000000000
37889  -41.820  21.602  19.931 0.0000000000
37890  -40.517  29.100  20.069 0.0000000000
37891  -39.707  27.821  19.810 0.0000000000
37892  -39.680  26.236  19.329 0.0000000000
37893  -40.249  26.219  17.885 0.0000000000
37894  -40.434  25.539  18.483 0.0000000000
37895  -40.412  24.810  19.081 0.0000000000
37896  -41.424  23.646  19.181 0.0000000000
37897  -42.393  22.576  19.438 0.0000000000
37898  -43.209  21.581  19.668 0.0000000000
37899  -44.588  21.620  19.327 0.0000000000
37900  -46.165  21.744  18.931 0.0000000000
37901  -47.617  21.952  18.438 0.0000000000
37902  -46.756  23.862  17.554 0.0000000000
37903  -47.953  23.181  18.057 0.0000000000
37908  -34.570  33.963  10.985 0.0000000000
37909  -35.291  32.634  11.309 0.0000000000
37910  -36.322  31.637  11.553 0.0000000000
37911  -37.948  32.905  9.393 0.0000000000
37912  -37.638  31.918  10.530 0.0000000000
37913  -37.654  30.847  11.771 0.0000000000
37914  -39.272  30.063  11.871 0.0000000000
37915  -40.970  28.956  11.880 0.0000000000
37916  -42.738  27.870  11.796 0.0000000000
37917  -45.599  33.573  7.504 0.0000000000
37918  -45.213  32.973  8.266 0.0000000000
37919  -44.652  32.146  9.023 0.0000000000
37920  -48.158  31.521  8.704 0.0000000000
37921  -46.386  31.433  9.445 0.0000000000
37922  -44.531  31.028  9.956 0.0000000000
37923  -44.420  29.703  10.511 0.0000000000
37924  -44.420  28.202  11.056 0.0000000000
37925  -44.572  26.841  11.768 0.0000000000
37926  -46.285  26.055  11.849 0.0000000000
41062  -36.908  23.153  24.582 0.0000000000
41063  -36.679  23.118  24.057 0.0000000000
41064  -37.049  23.569  24.294 0.0000000000
41475  -34.510  35.079  13.048 0.0000000000
41476  -34.417  34.295  13.121 0.0000000000
41477  -34.325  34.898  12.300 0.0000000000
42070  -42.337  20.127  20.082 0.0000000000
42071  -42.785  19.667  19.924 0.0000000000
42072  -43.122  20.143  19.903 0.0000000000
42073  -43.917  20.099  19.664 0.0000000000
42074  -43.427  20.562  19.811 0.0000000000
42517  -44.365  29.737  26.862 0.0000000000
42518  -44.177  29.932  26.569 0.0000000000
42519  -44.255  30.308  26.534 0.0000000000
43290  -48.415  13.318  21.347 0.0000000000
43291  -48.416  13.282  20.604 0.0000000000
43292  -48.913  13.721  20.859 0.0000000000
43305  -42.166  30.283  21.166 0.0000000000
43306  -41.697  29.759  21.212 0.0000000000
43307  -41.763  30.066  20.809 0.0000000000
43308  -42.051  26.592  13.057 0.0000000000
43309  -42.189  26.136  13.538 0.0000000000
43310  -42.921  26.141  13.058 0.0000000000
43311  -43.845  25.761  13.125 0.0000000000
43312  -43.738  26.198  12.598 0.0000000000
43313  -43.709  34.988  5.953 0.0000000000
43314  -43.468  34.690  6.494 0.0000000000
43315  -44.385  34.625  6.316 0.0000000000
44467  -35.791  18.526  23.387 0.0000000000
44468  -36.153  18.327  22.998 0.0000000000
44469  -36.045  18.934  23.080 0.0000000000
44470  -37.228  21.795  21.333 0.0000000000
44471  -37.383  21.159  21.312 0.0000000000
44472  -37.642  21.485  21.066 0.0000000000
44473  -38.129  21.150  20.871 0.0000000000
44474  -37.919  21.799  20.865 0.0000000000
44917  -41.865  32.584  27.635 0.0000000000
44918  -41.808  32.627  27.127 0.0000000000
44919  -41.556  33.099  27.297 0.0000000000
45705  -38.888  32.233  18.139 0.0000000000
45706  -39.007  31.767  18.182 0.0000000000
45707  -38.245  31.953  17.756 0.0000000000
45708  -36.136  30.590  13.473 0.0000000000
45709  -36.391  30.256  14.122 0.0000000000
45710  -36.669  30.202  13.465 0.0000000000
45711  -37.353  29.817  13.469 0.0000000000
45712  -37.148  30.241  12.902 0.0000000000
47485  -42.490  13.016  23.110 0.0000000000
47487  -43.293  12.901  23.186 0.0000000000
47488  -44.060  12.789  23.133 0.0000000000
47489  -43.675  13.424  23.294 0.0000000000
47490  -39.591  17.194  21.325 0.0000000000
47491  -39.959  16.609  21.398 0.0000000000
47492  -40.334  17.013  21.165 0.0000000000
47493  -45.552  16.788  21.170 0.0000000000
47494  -45.188  16.397  21.559 0.0000000000
47495  -45.905  16.420  21.739 0.0000000000
47496  -46.246  16.059  22.280 0.0000000000
47497  -46.651  16.447  21.933 0.0000000000
47498  -47.467  16.478  22.091 0.0000000000
47499  -47.086  16.802  21.550 0.0000000000
47505  -36.614  39.944  7.779 0.0000000000
47506  -36.441  39.269  7.689 0.0000000000
47507  -36.765  39.827  7.230 0.0000000000
47508  -39.442  38.997  4.204 0.0000000000
47509  -39.229  38.599  4.691 0.0000000000
47510  -39.922  38.421  4.342 0.0000000000
47511  -40.415  37.853  4.499 0.0000000000
47512  -40.553  38.315  4.025 0.0000000000
48832  -41.022  26.493  26.520 0.0000000000
48833  -40.765  26.672  26.220 0.0000000000
48834  -41.317  27.131  26.364 0.0000000000
48835  -43.917  30.710  24.412 0.0000000000
48836  -43.505  30.299  24.515 0.0000000000
48837  -43.841  30.746  23.991 0.0000000000
48838  -43.739  30.735  23.567 0.0000000000
48839  -44.110  31.202  23.446 0.0000000000
48840  -42.171  32.999  24.006 0.0000000000
48841  -42.672  32.794  23.949 0.0000000000
48842  -42.456  33.157  23.552 0.0000000000
48843  -42.570  33.866  21.087 0.0000000000
48844  -43.001  33.577  21.546 0.0000000000
48845  -42.712  33.504  21.097 0.0000000000
48846  -42.818  33.152  21.046 0.0000000000
48847  -42.367  33.414  20.710 0.0000000000
48848  -41.946  33.299  20.383 0.0000000000
48849  -41.898  33.672  20.358 0.0000000000
48850  -38.019  35.863  17.658 0.0000000000
48851  -38.148  35.380  17.728 0.0000000000
48852  -37.492  35.773  17.230 0.0000000000
48853  -37.026  35.694  16.792 0.0000000000
48854  -36.997  36.238  16.627 0.0000000000
48873  -36.073  40.659  12.377 0.0000000000
48874  -36.108  40.241  12.957 0.0000000000
48875  -36.083  40.217  12.406 0.0000000000
48876  -35.983  39.685  12.411 0.0000000000
48877  -36.125  40.201  11.816 0.0000000000
48878  -36.148  40.130  11.194 0.0000000000
48879  -36.285  40.650  11.296 0.0000000000
48880  -37.864  44.396  8.743 0.0000000000
48881  -37.840  43.768  8.581 0.0000000000
48882  -38.094  44.367  8.250 0.0000000000
48883  -38.349  44.334  7.745 0.0000000000
48884  -38.298  44.922  7.909 0.0000000000
49843  -40.264  22.731  28.934 0.0000000000
49845  -39.813  22.817  28.455 0.0000000000
49846  -39.392  22.920  28.012 0.0000000000
49847  -40.124  23.367  28.106 0.0000000000
49848  -40.279  23.766  27.714 0.0000000000
49849  -40.724  23.733  28.154 0.0000000000
49850  -44.417  25.987  29.131 0.0000000000
49851  -44.069  26.055  28.690 0.0000000000
49852  -44.434  26.410  28.800 0.0000000000
49853  -44.417  26.891  28.491 0.0000000000
49854  -44.654  26.864  28.919 0.0000000000
49858  -42.723  28.704  30.496 0.0000000000
49859  -43.293  28.513  30.490 0.0000000000
49860  -43.259  28.911  30.106 0.0000000000
49861  -43.739  29.081  29.783 0.0000000000
49862  -43.198  29.370  29.789 0.0000000000
49863  -43.111  29.839  29.546 0.0000000000
49864  -42.598  29.563  29.736 0.0000000000
51153  -48.039  12.003  15.819 0.0000000000
51155  -48.069  11.524  15.135 0.0000000000
51157  -48.329  11.536  14.468 0.0000000000
51195  -39.772  27.262  23.839 0.0000000000
51196  -39.121  26.682  23.424 0.0000000000
51197  -39.559  27.144  23.307 0.0000000000
51198  -39.353  25.911  20.317 0.0000000000
51199  -39.226  25.475  20.508 0.0000000000
51200  -39.494  25.106  20.116 0.0000000000
51201  -39.765  24.311  19.888 0.0000000000
51202  -39.850  24.758  19.680 0.0000000000
51203  -39.384  28.545  17.982 0.0000000000
51204  -39.703  28.334  18.464 0.0000000000
51205  -39.475  27.841  17.860 0.0000000000
51206  -43.323  24.570  17.229 0.0000000000
51207  -42.734  24.611  17.571 0.0000000000
51208  -43.448  24.248  17.759 0.0000000000
51209  -43.436  23.841  18.192 0.0000000000
51210  -44.086  23.885  18.016 0.0000000000
51211  -44.673  23.533  18.292 0.0000000000
51212  -44.741  23.910  17.790 0.0000000000
51218  -37.032  34.932  7.954 0.0000000000
51219  -36.581  34.361  8.686 0.0000000000
51220  -37.337  34.347  8.305 0.0000000000
51221  -42.006  32.226  9.271 0.0000000000
51222  -41.020  32.091  9.556 0.0000000000
51223  -41.835  31.730  9.763 0.0000000000
51224  -41.762  31.154  10.314 0.0000000000
51225  -42.690  31.312  10.021 0.0000000000
54067  -35.860  20.952  23.715 0.0000000000
54068  -35.935  20.764  23.241 0.0000000000
54069  -35.980  21.355  23.400 0.0000000000
54070  -36.467  22.767  22.979 0.0000000000
54071  -36.335  22.185  22.797 0.0000000000
54072  -36.525  22.547  22.529 0.0000000000
54073  -36.664  22.301  22.083 0.0000000000
54074  -36.728  22.943  22.283 0.0000000000
55305  -36.035  33.148  16.046 0.0000000000
55306  -36.105  32.556  16.097 0.0000000000
55307  -35.519  32.898  15.431 0.0000000000
55308  -34.585  32.808  13.290 0.0000000000
55309  -34.882  32.335  14.061 0.0000000000
55310  -34.868  32.161  13.337 0.0000000000
55311  -35.223  31.577  13.387 0.0000000000
55312  -35.006  32.057  12.670 0.0000000000
57090  -40.948  18.644  20.517 0.0000000000
57091  -41.424  18.140  20.480 0.0000000000
57092  -41.734  18.486  20.267 0.0000000000
57093  -43.733  18.689  19.817 0.0000000000
57094  -43.407  18.247  19.922 0.0000000000
57095  -44.215  18.180  19.924 0.0000000000
57096  -44.667  17.675  20.175 0.0000000000
57097  -44.999  18.068  19.915 0.0000000000
57098  -45.827  18.003  19.934 0.0000000000
57099  -45.336  18.544  19.700 0.0000000000
57100  -45.330  20.031  19.269 0.0000000000
57101  -45.880  19.540  19.287 0.0000000000
57102  -46.147  20.075  19.037 0.0000000000
57103  -46.938  20.122  18.827 0.0000000000
57104  -46.410  20.604  18.790 0.0000000000
57105  -38.248  41.809  6.422 0.0000000000
57106  -37.918  41.164  6.243 0.0000000000
57107  -38.326  41.717  5.921 0.0000000000
57108  -38.671  41.593  4.469 0.0000000000
57109  -38.542  41.194  4.831 0.0000000000
57110  -38.590  40.890  4.327 0.0000000000
57111  -38.679  40.222  4.225 0.0000000000
57112  -38.622  40.559  3.790 0.0000000000
58432  -43.067  28.140  26.907 0.0000000000
58433  -42.819  28.276  26.631 0.0000000000
58434  -43.225  28.707  26.669 0.0000000000
58435  -43.998  30.253  25.883 0.0000000000
58436  -43.665  29.889  25.945 0.0000000000
58437  -43.954  30.393  25.530 0.0000000000
58438  -43.977  30.528  25.114 0.0000000000
58439  -44.237  30.924  25.065 0.0000000000
58440  -41.449  34.700  22.579 0.0000000000
58441  -41.827  34.366  22.517 0.0000000000
58442  -41.669  34.741  22.162 0.0000000000
58443  -41.527  35.257  20.873 0.0000000000
58444  -41.859  34.896  21.303 0.0000000000
58445  -41.889  34.887  20.926 0.0000000000
58446  -42.216  34.548  20.991 0.0000000000
58447  -41.750  34.908  20.496 0.0000000000
58448  -41.492  34.893  20.041 0.0000000000
58449  -41.212  35.296  20.001 0.0000000000
58450  -40.027  36.330  19.145 0.0000000000
58451  -40.152  35.919  19.161 0.0000000000
58452  -39.555  36.230  18.789 0.0000000000
58453  -39.063  36.106  18.458 0.0000000000
58454  -38.947  36.610  18.399 0.0000000000
59458  -40.561  28.204  32.293 0.0000000000
59459  -41.282  28.055  32.451 0.0000000000
59460  -41.102  28.347  31.897 0.0000000000
59461  -41.612  28.464  31.444 0.0000000000
59462  -40.942  28.626  31.302 0.0000000000
59463  -40.816  28.897  30.711 0.0000000000
59464  -40.231  28.744  31.201 0.0000000000
60750  -46.435  11.929  20.144 0.0000000000
60751  -46.449  11.859  19.403 0.0000000000
60752  -46.946  12.215  19.715 0.0000000000
60753  -48.300  13.237  19.041 0.0000000000
60754  -47.838  12.803  18.757 0.0000000000
60755  -48.220  13.099  18.219 0.0000000000
60756  -48.121  12.818  17.364 0.0000000000
60757  -48.529  13.327  17.605 0.0000000000
60795  -41.461  28.948  22.874 0.0000000000
60796  -40.815  28.388  22.733 0.0000000000
60797  -41.116  28.730  22.380 0.0000000000
60798  -40.622  28.618  21.147 0.0000000000
60799  -40.430  28.231  21.488 0.0000000000
60800  -40.132  28.005  21.004 0.0000000000
60801  -39.725  27.403  20.802 0.0000000000
60802  -39.855  27.775  20.559 0.0000000000
60803  -39.582  26.924  15.293 0.0000000000
60804  -39.818  26.572  15.763 0.0000000000
60805  -40.237  26.374  15.158 0.0000000000
60806  -42.515  25.382  14.674 0.0000000000
60807  -41.838  25.492  15.175 0.0000000000
60808  -42.738  25.118  15.281 0.0000000000
60809  -42.933  24.957  15.933 0.0000000000
60810  -43.595  24.847  15.509 0.0000000000
60811  -44.420  24.630  15.788 0.0000000000
60812  -44.306  24.754  15.067 0.0000000000
60813  -45.632  25.076  13.481 0.0000000000
60814  -45.792  24.753  14.193 0.0000000000
60815  -46.546  24.852  13.783 0.0000000000
60816  -47.447  24.675  14.210 0.0000000000
60817  -47.317  24.955  13.420 0.0000000000
60818  -40.285  35.068  6.830 0.0000000000
60819  -39.883  34.461  7.456 0.0000000000
60820  -40.848  34.574  7.193 0.0000000000
60821  -42.954  33.819  7.570 0.0000000000
60822  -42.020  33.737  7.765 0.0000000000
60823  -42.639  33.441  7.986 0.0000000000
60824  -42.452  33.071  8.437 0.0000000000
60825  -43.413  33.167  8.239 0.0000000000
64285  -37.024  17.942  22.346 0.0000000000
64286  -37.270  17.370  22.269 0.0000000000
64287  -37.569  17.744  22.089 0.0000000000
64288  -38.203  17.549  21.831 0.0000000000
64289  -37.900  18.111  21.870 0.0000000000
64290  -36.372  20.353  22.423 0.0000000000
64291  -36.448  19.825  22.387 0.0000000000
64292  -36.676  20.148  22.094 0.0000000000
64293  -37.807  19.922  21.338 0.0000000000
64294  -37.599  19.600  21.596 0.0000000000
64295  -38.132  19.326  21.413 0.0000000000
64296  -38.498  18.790  21.414 0.0000000000
64297  -38.818  19.121  21.180 0.0000000000
64298  -39.533  18.941  20.968 0.0000000000
64299  -39.149  19.442  20.941 0.0000000000
64300  -39.425  20.627  20.583 0.0000000000
64301  -39.764  20.102  20.625 0.0000000000
64302  -40.093  20.401  20.467 0.0000000000
64303  -40.812  20.304  20.326 0.0000000000
64304  -40.453  20.795  20.293 0.0000000000
65632  -43.445  31.244  27.049 0.0000000000
65633  -43.367  31.334  26.609 0.0000000000
65634  -42.944  31.595  26.704 0.0000000000
65635  -41.764  32.692  26.086 0.0000000000
65636  -42.111  32.345  25.912 0.0000000000
65637  -41.797  32.727  25.544 0.0000000000
65638  -41.877  32.781  25.001 0.0000000000
65639  -41.506  33.104  25.129 0.0000000000
67995  -41.434  31.368  19.775 0.0000000000
67996  -41.481  30.847  19.755 0.0000000000
67997  -40.982  31.109  19.380 0.0000000000
67998  -39.327  30.856  18.193 0.0000000000
67999  -39.959  30.660  18.567 0.0000000000
68000  -39.409  30.354  18.201 0.0000000000
68001  -39.398  29.786  18.089 0.0000000000
68002  -38.868  30.010  17.719 0.0000000000
68003  -36.389  31.469  16.194 0.0000000000
68004  -37.082  31.271  16.821 0.0000000000
68005  -36.620  30.955  16.206 0.0000000000
68006  -37.158  29.736  15.418 0.0000000000
68007  -37.205  30.025  16.141 0.0000000000
68008  -37.657  29.535  16.020 0.0000000000
68009  -38.136  29.235  16.563 0.0000000000
68010  -38.046  28.850  15.846 0.0000000000
68011  -38.507  28.170  15.684 0.0000000000
68012  -38.187  28.522  15.140 0.0000000000
68013  -38.810  28.711  13.389 0.0000000000
68014  -38.958  28.199  13.880 0.0000000000
68015  -39.547  28.170  13.318 0.0000000000
68016  -40.338  27.657  13.197 0.0000000000
68017  -40.246  28.205  12.803 0.0000000000
73344  -45.047  11.464  21.662 0.0000000000
73345  -45.717  12.539  22.842 0.0000000000
73346  -46.038  12.167  22.263 0.0000000000
73347  -46.505  12.555  22.496 0.0000000000
73348  -47.215  12.620  22.104 0.0000000000
73349  -46.934  12.930  22.788 0.0000000000
73350  -38.228  15.631  22.285 0.0000000000
73352  -38.903  15.491  22.126 0.0000000000
73353  -40.740  15.504  21.871 0.0000000000
73354  -40.349  15.177  22.115 0.0000000000
73355  -41.115  15.056  22.204 0.0000000000
73356  -41.486  14.639  22.551 0.0000000000
73357  -41.923  15.003  22.308 0.0000000000
73358  -42.357  17.052  20.704 0.0000000000
73359  -41.961  16.661  21.016 0.0000000000
73360  -42.789  16.529  21.083 0.0000000000
73361  -44.290  15.656  22.152 0.0000000000
73362  -43.506  15.664  21.942 0.0000000000
73363  -43.831  15.243  22.460 0.0000000000
73364  -43.360  14.900  22.688 0.0000000000
73365  -44.138  14.843  22.984 0.0000000000
73366  -44.531  14.319  23.322 0.0000000000
73367  -44.972  14.738  23.136 0.0000000000
73368  -47.070  15.149  23.106 0.0000000000
73369  -46.648  14.570  23.289 0.0000000000
73370  -47.458  14.592  23.234 0.0000000000
73371  -47.804  14.076  23.073 0.0000000000
73372  -48.201  14.647  23.121 0.0000000000
73373  -48.906  14.802  22.728 0.0000000000
73374  -48.619  15.226  22.899 0.0000000000
73395  -34.912  37.439  9.750 0.0000000000
73396  -34.699  36.721  9.795 0.0000000000
73397  -35.067  37.316  9.035 0.0000000000
73398  -36.242  37.663  7.381 0.0000000000
73399  -35.784  36.995  7.861 0.0000000000
73400  -36.299  36.893  7.370 0.0000000000
73401  -36.449  36.196  7.458 0.0000000000
73402  -36.790  36.839  6.942 0.0000000000
73403  -37.586  39.950  5.922 0.0000000000
73404  -37.274  39.484  6.272 0.0000000000
73405  -37.642  39.254  5.847 0.0000000000
73406  -38.593  37.615  5.449 0.0000000000
73407  -37.935  37.831  5.759 0.0000000000
73408  -38.263  37.164  5.797 0.0000000000
73409  -38.011  36.642  6.239 0.0000000000
73410  -38.678  36.553  5.899 0.0000000000
73411  -39.168  36.045  6.131 0.0000000000
73412  -39.468  36.462  5.671 0.0000000000
73413  -41.335  36.760  4.835 0.0000000000
73414  -41.088  36.326  5.242 0.0000000000
73415  -41.833  36.282  4.996 0.0000000000
73416  -42.444  35.817  5.232 0.0000000000
73417  -42.582  36.200  4.663 0.0000000000
73429  -42.341  38.728  2.025 0.0000000000
73430  -41.407  38.875  1.791 0.0000000000
73431  -41.680  38.825  2.351 0.0000000000
73432  -41.055  38.939  2.701 0.0000000000
73433  -41.830  38.570  2.929 0.0000000000
73434  -41.844  38.125  3.387 0.0000000000
73435  -42.506  38.065  3.099 0.0000000000
73436  -44.058  36.543  2.792 0.0000000000
73437  -43.470  36.701  3.167 0.0000000000
73438  -43.932  36.093  3.222 0.0000000000
73439  -43.849  35.782  3.825 0.0000000000
73440  -44.395  35.426  3.347 0.0000000000
73441  -44.916  34.812  3.530 0.0000000000
73442  -44.969  35.126  2.881 0.0000000000
77377  -38.810  24.823  25.675 0.0000000000
77378  -38.584  24.968  25.240 0.0000000000
77379  -39.135  25.381  25.528 0.0000000000
77380  -40.293  26.994  25.520 0.0000000000
77381  -39.788  26.540  25.271 0.0000000000
77382  -40.127  27.093  25.131 0.0000000000
77383  -39.983  27.179  24.714 0.0000000000
77384  -40.544  27.616  24.989 0.0000000000
77385  -42.417  28.713  26.051 0.0000000000
77386  -41.914  28.287  26.013 0.0000000000
77387  -42.294  28.852  25.740 0.0000000000
77388  -42.511  29.487  24.674 0.0000000000
77389  -42.105  29.030  25.043 0.0000000000
77390  -41.949  29.045  24.652 0.0000000000
77391  -41.389  28.565  24.544 0.0000000000
77392  -41.843  29.025  24.225 0.0000000000
77393  -41.748  29.005  23.788 0.0000000000
77394  -42.313  29.451  23.820 0.0000000000
77395  -43.452  30.648  22.736 0.0000000000
77396  -42.985  30.211  22.856 0.0000000000
77397  -43.187  30.597  22.362 0.0000000000
77398  -42.856  30.532  21.967 0.0000000000
77399  -43.216  30.959  21.922 0.0000000000
77400  -43.445  31.652  25.717 0.0000000000
77401  -43.828  31.341  25.752 0.0000000000
77402  -43.552  31.779  25.301 0.0000000000
77403  -43.638  32.500  23.983 0.0000000000
77404  -43.865  32.094  24.496 0.0000000000
77405  -44.024  32.234  24.075 0.0000000000
77406  -44.292  31.914  24.124 0.0000000000
77407  -44.164  32.390  23.642 0.0000000000
77408  -42.691  33.868  22.471 0.0000000000
77409  -42.925  33.500  22.797 0.0000000000
77410  -43.133  33.621  22.488 0.0000000000
77411  -43.755  32.943  22.030 0.0000000000
77412  -43.820  32.990  22.403 0.0000000000
77413  -44.018  32.664  22.366 0.0000000000
77414  -44.255  32.401  22.736 0.0000000000
77415  -44.114  32.300  22.379 0.0000000000
77416  -44.143  31.938  22.464 0.0000000000
77417  -43.886  32.248  22.042 0.0000000000
77418  -42.970  32.449  21.065 0.0000000000
77419  -43.306  32.162  21.414 0.0000000000
77420  -42.951  32.062  21.113 0.0000000000
77421  -42.895  31.643  21.154 0.0000000000
77422  -42.590  31.934  20.823 0.0000000000
77423  -42.222  31.772  20.482 0.0000000000
77424  -42.216  32.130  20.459 0.0000000000
77425  -41.145  32.987  19.593 0.0000000000
77426  -41.254  32.616  19.677 0.0000000000
77427  -40.664  32.792  19.202 0.0000000000
77428  -40.113  32.611  18.839 0.0000000000
77429  -39.989  33.014  18.781 0.0000000000
77430  -40.671  34.718  19.235 0.0000000000
77431  -40.823  34.262  19.362 0.0000000000
77432  -40.226  34.525  18.911 0.0000000000
77433  -38.368  34.365  17.800 0.0000000000
77434  -39.059  34.103  18.218 0.0000000000
77435  -38.461  33.894  17.827 0.0000000000
77436  -38.554  33.466  17.872 0.0000000000
77437  -37.842  33.682  17.435 0.0000000000
77438  -37.210  33.484  17.021 0.0000000000
77439  -37.163  33.998  16.986 0.0000000000
77440  -36.038  35.489  15.717 0.0000000000
77441  -36.008  34.858  15.842 0.0000000000
77442  -35.600  35.365  15.118 0.0000000000
77443  -35.173  35.246  14.498 0.0000000000
77444  -35.336  35.905  14.357 0.0000000000
77501  -36.517  39.115  14.079 0.0000000000
77502  -36.751  39.116  14.550 0.0000000000
77503  -36.778  38.462  14.803 0.0000000000
77504  -36.886  37.896  15.520 0.0000000000
77505  -36.551  37.886  14.980 0.0000000000
77506  -36.378  37.342  15.179 0.0000000000
77507  -36.226  37.857  14.410 0.0000000000
77508  -35.528  38.425  12.396 0.0000000000
77509  -35.578  37.809  13.211 0.0000000000
77510  -35.266  37.745  12.548 0.0000000000
77511  -35.038  37.123  12.649 0.0000000000
77512  -35.045  37.699  11.833 0.0000000000
77513  -34.860  37.620  11.137 0.0000000000
77514  -35.218  38.266  11.066 0.0000000000
77515  -36.167  39.996  9.962 0.0000000000
77516  -35.864  39.416  9.871 0.0000000000
77517  -36.238  39.992  9.377 0.0000000000
77518  -36.366  39.928  8.833 0.0000000000
77519  -36.627  40.484  8.941 0.0000000000
77520  -36.811  42.020  10.404 0.0000000000
77521  -36.755  41.527  10.346 0.0000000000
77522  -37.050  42.036  9.866 0.0000000000
77523  -37.735  42.666  8.358 0.0000000000
77524  -37.354  42.131  8.786 0.0000000000
77525  -37.556  42.133  8.244 0.0000000000
77526  -37.252  41.596  8.107 0.0000000000
77527  -37.697  42.089  7.721 0.0000000000
77528  -37.905  42.019  7.248 0.0000000000
77529  -38.213  42.627  7.342 0.0000000000
80208  -35.436  19.839  24.449 0.0000000000
80209  -35.376  19.838  24.947 0.0000000000
80210  -36.063  20.939  25.789 0.0000000000
80211  -35.954  21.006  25.250 0.0000000000
80212  -36.296  21.561  25.447 0.0000000000
80213  -36.485  22.120  25.118 0.0000000000
80214  -36.682  22.062  25.646 0.0000000000
80413  -38.517  23.019  27.079 0.0000000000
80414  -37.901  22.530  26.861 0.0000000000
80415  -38.146  23.034  26.573 0.0000000000
80416  -37.822  23.064  26.077 0.0000000000
80417  -38.414  23.514  26.329 0.0000000000
80418  -38.545  23.897  26.085 0.0000000000
80419  -38.927  23.858  26.524 0.0000000000
80420  -40.500  24.507  27.131 0.0000000000
80421  -40.051  24.563  26.836 0.0000000000
80422  -40.656  24.952  26.984 0.0000000000
80423  -40.800  25.484  26.817 0.0000000000
80424  -41.278  25.432  27.136 0.0000000000
80425  -42.413  24.369  28.731 0.0000000000
80426  -41.956  24.400  28.297 0.0000000000
80427  -42.534  24.756  28.373 0.0000000000
80428  -43.163  26.032  27.875 0.0000000000
80429  -42.664  25.646  27.801 0.0000000000
80430  -42.728  26.095  27.591 0.0000000000
80431  -42.345  26.175  27.334 0.0000000000
80432  -42.845  26.562  27.443 0.0000000000
80433  -42.953  27.075  27.281 0.0000000000
80434  -43.307  26.982  27.571 0.0000000000
80435  -44.468  27.807  28.014 0.0000000000
80436  -44.155  27.858  27.727 0.0000000000
80437  -44.479  28.288  27.759 0.0000000000
80438  -44.446  28.774  27.498 0.0000000000
80439  -44.737  28.681  27.848 0.0000000000
80451  -44.227  27.914  30.279 0.0000000000
80452  -44.293  27.562  30.640 0.0000000000
80453  -44.542  27.606  30.123 0.0000000000
80454  -44.752  27.282  29.960 0.0000000000
80455  -44.691  27.641  29.652 0.0000000000
80456  -44.829  27.690  29.192 0.0000000000
80457  -44.757  28.080  29.377 0.0000000000
80458  -44.455  29.354  28.990 0.0000000000
80459  -44.767  28.956  28.828 0.0000000000
80460  -44.648  29.464  28.553 0.0000000000
80461  -44.731  29.562  28.079 0.0000000000
80462  -44.428  30.000  28.242 0.0000000000
80463  -44.163  30.496  27.871 0.0000000000
80464  -44.037  30.338  28.377 0.0000000000
80465  -42.840  30.825  29.010 0.0000000000
80466  -43.063  31.016  28.597 0.0000000000
80467  -42.618  31.372  28.696 0.0000000000
80468  -42.344  31.842  28.346 0.0000000000
80469  -42.232  31.680  28.838 0.0000000000
84353  -50.340  14.889  19.761 0.0000000000
84354  -49.783  14.523  19.649 0.0000000000
84355  -50.220  14.730  18.886 0.0000000000
84356  -50.276  14.134  16.244 0.0000000000
84357  -49.878  14.235  17.126 0.0000000000
84358  -49.688  13.839  16.199 0.0000000000
84359  -49.128  13.539  16.169 0.0000000000
84360  -49.518  13.371  15.382 0.0000000000
84364  -49.883  12.262  12.340 0.0000000000
84365  -50.063  12.624  13.133 0.0000000000
84366  -49.565  12.352  13.153 0.0000000000
84367  -49.251  12.428  13.937 0.0000000000
84368  -49.135  12.042  13.131 0.0000000000
84369  -48.832  11.586  13.034 0.0000000000
84370  -49.080  11.624  12.292 0.0000000000
84465  -38.183  25.185  24.324 0.0000000000
84466  -37.616  24.644  23.944 0.0000000000
84467  -37.950  25.112  23.756 0.0000000000
84468  -38.060  25.356  22.572 0.0000000000
84469  -37.681  24.867  22.692 0.0000000000
84470  -37.618  24.655  22.166 0.0000000000
84471  -37.341  23.964  21.872 0.0000000000
84472  -37.695  24.402  21.711 0.0000000000
84473  -39.543  27.225  22.199 0.0000000000
84474  -39.206  26.818  22.311 0.0000000000
84475  -39.064  26.585  21.858 0.0000000000
84476  -38.727  24.615  20.697 0.0000000000
84477  -38.489  25.024  21.073 0.0000000000
84478  -38.410  24.216  20.799 0.0000000000
84479  -38.105  23.790  20.931 0.0000000000
84480  -38.479  23.418  20.593 0.0000000000
84481  -38.581  22.614  20.508 0.0000000000
84482  -38.939  23.034  20.366 0.0000000000
84483  -40.407  22.930  19.902 0.0000000000
84484  -40.076  22.507  20.049 0.0000000000
84485  -40.709  22.308  19.947 0.0000000000
84486  -41.059  21.713  20.035 0.0000000000
84487  -41.362  22.169  19.836 0.0000000000
84488  -40.964  29.865  19.681 0.0000000000
84489  -40.929  29.574  20.057 0.0000000000
84490  -40.599  29.344  19.690 0.0000000000
84491  -39.724  27.723  19.087 0.0000000000
84492  -39.867  28.117  19.530 0.0000000000
84493  -39.671  27.376  19.321 0.0000000000
84494  -39.606  27.028  19.558 0.0000000000
84495  -39.725  26.612  19.077 0.0000000000
84496  -40.324  26.095  16.755 0.0000000000
84497  -40.044  26.419  17.394 0.0000000000
84498  -40.602  25.887  17.280 0.0000000000
84499  -41.553  24.771  18.140 0.0000000000
84500  -40.957  25.297  18.073 0.0000000000
84501  -40.981  24.943  18.446 0.0000000000
84502  -40.451  25.196  18.761 0.0000000000
84503  -40.930  24.558  18.776 0.0000000000
84504  -40.880  24.203  19.086 0.0000000000
84505  -41.483  24.044  18.817 0.0000000000
84506  -43.233  22.990  19.048 0.0000000000
84507  -42.545  23.041  19.178 0.0000000000
84508  -43.054  22.523  19.352 0.0000000000
84509  -42.773  22.078  19.595 0.0000000000
84510  -43.499  22.037  19.457 0.0000000000
84511  -43.908  21.577  19.502 0.0000000000
84512  -44.129  22.091  19.367 0.0000000000
84513  -45.843  22.810  18.791 0.0000000000
84514  -45.608  22.240  19.046 0.0000000000
84515  -46.384  22.396  18.831 0.0000000000
84516  -46.885  21.845  18.669 0.0000000000
84517  -47.089  22.486  18.594 0.0000000000
84518  -46.066  24.299  16.479 0.0000000000
84519  -46.093  24.079  17.234 0.0000000000
84520  -46.835  24.124  16.879 0.0000000000
84533  -34.659  35.298  9.986 0.0000000000
84534  -34.416  34.700  10.812 0.0000000000
84535  -34.705  34.581  10.211 0.0000000000
84536  -35.963  33.211  10.070 0.0000000000
84537  -35.337  33.262  10.578 0.0000000000
84538  -35.859  32.685  10.718 0.0000000000
84539  -35.814  32.088  11.409 0.0000000000
84540  -36.405  32.193  10.868 0.0000000000
84541  -39.139  33.418  8.513 0.0000000000
84542  -38.232  33.384  8.817 0.0000000000
84543  -38.837  32.964  9.012 0.0000000000
84544  -39.183  31.762  10.210 0.0000000000
84545  -38.435  32.088  10.077 0.0000000000
84546  -38.327  31.576  10.648 0.0000000000
84547  -37.577  31.378  11.168 0.0000000000
84548  -38.351  31.008  11.263 0.0000000000
84549  -38.442  30.493  11.835 0.0000000000
84550  -39.216  30.685  11.364 0.0000000000
84551  -41.734  29.849  11.131 0.0000000000
84552  -40.924  29.641  11.499 0.0000000000
84553  -41.792  29.128  11.485 0.0000000000
84554  -41.846  28.460  11.846 0.0000000000
84555  -42.693  28.564  11.461 0.0000000000
84556  -46.454  33.620  6.489 0.0000000000
84557  -45.667  33.813  6.958 0.0000000000
84558  -46.470  33.463  7.176 0.0000000000
84559  -46.896  32.610  8.130 0.0000000000
84560  -46.171  32.938  8.064 0.0000000000
84561  -45.964  32.638  8.410 0.0000000000
84562  -44.935  32.626  8.610 0.0000000000
84563  -45.686  32.287  8.794 0.0000000000
84567  -47.090  30.250  9.785 0.0000000000
84568  -47.169  30.955  9.521 0.0000000000
84569  -46.306  30.792  9.822 0.0000000000
84570  -45.439  31.232  9.721 0.0000000000
84571  -45.375  30.582  10.070 0.0000000000
84572  -44.455  30.389  10.252 0.0000000000
84573  -45.291  29.891  10.284 0.0000000000
84574  -46.224  27.866  10.614 0.0000000000
84575  -45.292  28.380  10.704 0.0000000000
84576  -45.356  27.658  11.029 0.0000000000
84577  -44.510  27.481  11.424 0.0000000000
84578  -45.473  26.951  11.379 0.0000000000
84579  -45.447  26.415  11.793 0.0000000000
84580  -46.269  26.546  11.388 0.0000000000
92344  -36.232  22.143  24.124 0.0000000000
92345  -36.132  21.969  23.587 0.0000000000
92346  -36.382  22.571  23.803 0.0000000000
92347  -36.542  22.967  23.517 0.0000000000
92348  -36.747  23.364  23.259 0.0000000000
93087  -35.049  33.981  14.670 0.0000000000
93088  -35.013  33.305  14.702 0.0000000000
93089  -34.670  33.750  13.940 0.0000000000
93090  -34.442  33.501  13.214 0.0000000000
93091  -34.392  33.359  12.458 0.0000000000
94158  -41.686  19.309  20.249 0.0000000000
94159  -42.085  18.821  20.080 0.0000000000
94160  -42.448  19.229  20.008 0.0000000000
94161  -43.252  19.190  19.836 0.0000000000
94162  -44.075  19.153  19.699 0.0000000000
94163  -44.846  19.094  19.593 0.0000000000
94164  -44.375  19.614  19.568 0.0000000000
94165  -44.641  20.059  19.456 0.0000000000
94166  -44.880  20.497  19.311 0.0000000000
94167  -39.029  42.828  5.766 0.0000000000
94168  -38.698  42.159  5.603 0.0000000000
94169  -39.010  42.598  5.204 0.0000000000
94170  -38.859  42.311  4.607 0.0000000000
94171  -38.602  41.948  3.984 0.0000000000
94963  -43.822  28.941  26.955 0.0000000000
94964  -43.604  29.118  26.656 0.0000000000
94965  -43.941  29.535  26.620 0.0000000000
94966  -44.097  30.084  26.223 0.0000000000
94967  -44.164  30.626  25.848 0.0000000000
94968  -41.117  35.626  21.891 0.0000000000
94969  -41.438  35.181  21.765 0.0000000000
94970  -41.215  35.653  21.393 0.0000000000
94971  -41.211  35.673  20.876 0.0000000000
94972  -41.180  35.634  20.419 0.0000000000
94973  -40.998  35.655  19.979 0.0000000000
94974  -40.852  36.040  19.976 0.0000000000
94975  -40.470  36.453  19.539 0.0000000000
94976  -39.947  36.816  19.151 0.0000000000
95581  -40.103  28.037  32.784 0.0000000000
95582  -39.883  28.295  32.221 0.0000000000
95583  -39.648  28.611  31.635 0.0000000000
95584  -39.219  28.386  32.156 0.0000000000
96354  -47.464  12.564  20.732 0.0000000000
96355  -47.431  12.541  20.014 0.0000000000
96356  -47.933  12.896  20.300 0.0000000000
96357  -48.357  13.266  19.834 0.0000000000
96358  -48.760  13.650  19.298 0.0000000000
96381  -41.970  29.593  22.074 0.0000000000
96382  -41.401  29.075  22.020 0.0000000000
96383  -41.589  29.434  21.657 0.0000000000
96384  -41.163  29.215  21.214 0.0000000000
96385  -40.781  28.978  20.828 0.0000000000
96386  -40.613  26.667  14.107 0.0000000000
96387  -40.740  26.276  14.594 0.0000000000
96388  -41.444  26.167  14.037 0.0000000000
96389  -42.369  25.716  14.048 0.0000000000
96390  -43.279  25.307  14.156 0.0000000000
96391  -44.141  24.976  14.388 0.0000000000
96392  -43.992  25.333  13.722 0.0000000000
96393  -44.741  25.374  13.283 0.0000000000
96394  -45.557  25.451  12.850 0.0000000000
96395  -41.947  35.065  6.321 0.0000000000
96396  -41.719  34.617  6.934 0.0000000000
96397  -42.572  34.644  6.700 0.0000000000
96398  -43.225  34.244  7.077 0.0000000000
96399  -43.900  33.888  7.379 0.0000000000
98474  -36.409  17.151  22.738 0.0000000000
98475  -36.274  17.730  22.881 0.0000000000
98476  -36.565  18.137  22.678 0.0000000000
98477  -36.828  18.539  22.422 0.0000000000
98478  -36.754  21.088  21.881 0.0000000000
98479  -36.895  20.481  21.836 0.0000000000
98480  -37.117  20.789  21.567 0.0000000000
98481  -37.578  20.532  21.319 0.0000000000
98482  -38.093  20.237  21.108 0.0000000000
98483  -38.744  19.983  20.929 0.0000000000
98484  -38.406  20.543  20.899 0.0000000000
98485  -38.752  20.873  20.699 0.0000000000
98486  -39.122  21.188  20.545 0.0000000000
99283  -42.534  31.826  27.326 0.0000000000
99284  -42.507  31.877  26.828 0.0000000000
99285  -42.126  32.219  26.939 0.0000000000
99286  -41.785  32.656  26.615 0.0000000000
99287  -41.504  33.112  26.276 0.0000000000
100701  -40.319  31.823  18.939 0.0000000000
100702  -40.407  31.346  18.991 0.0000000000
100703  -39.738  31.576  18.570 0.0000000000
100704  -39.140  31.293  18.187 0.0000000000
100705  -38.597  31.006  17.776 0.0000000000
100706  -35.837  30.899  14.806 0.0000000000
100707  -36.286  30.683  15.522 0.0000000000
100708  -36.215  30.401  14.810 0.0000000000
100709  -36.703  29.979  14.798 0.0000000000
100710  -37.293  29.551  14.736 0.0000000000
100711  -37.913  28.954  14.593 0.0000000000
100712  -37.621  29.384  14.040 0.0000000000
100713  -38.088  29.299  13.421 0.0000000000
100714  -38.705  29.294  12.924 0.0000000000
103910  -44.797  11.761  22.278 0.0000000000
103911  -44.448  12.195  22.789 0.0000000000
103912  -44.905  12.626  23.040 0.0000000000
103913  -45.337  13.058  23.222 0.0000000000
103914  -38.872  16.377  21.765 0.0000000000
103915  -39.240  15.819  21.882 0.0000000000
103916  -39.602  16.210  21.646 0.0000000000
103917  -40.381  16.018  21.581 0.0000000000
103918  -41.149  15.867  21.519 0.0000000000
103919  -43.955  16.855  20.798 0.0000000000
103920  -43.576  16.465  21.153 0.0000000000
103921  -44.367  16.415  21.292 0.0000000000
103922  -44.734  16.031  21.844 0.0000000000
103923  -45.058  15.660  22.396 0.0000000000
103924  -45.395  15.240  22.909 0.0000000000
103925  -45.851  15.645  22.611 0.0000000000
103926  -46.665  15.670  22.771 0.0000000000
103927  -47.469  15.646  22.827 0.0000000000
103928  -48.285  15.672  22.830 0.0000000000
103929  -47.852  16.113  22.551 0.0000000000
103941  -35.824  38.647  8.643 0.0000000000
103942  -35.580  37.883  8.501 0.0000000000
103943  -36.057  38.571  8.073 0.0000000000
103944  -36.281  38.469  7.492 0.0000000000
103945  -36.585  38.343  6.945 0.0000000000
103946  -38.338  39.452  5.054 0.0000000000
103947  -38.068  39.005  5.460 0.0000000000
103948  -38.591  38.755  5.073 0.0000000000
103949  -38.934  38.104  5.108 0.0000000000
103950  -39.328  37.483  5.159 0.0000000000
103951  -39.778  36.903  5.264 0.0000000000
103952  -40.114  37.378  4.919 0.0000000000
103953  -40.892  37.296  4.661 0.0000000000
103954  -41.581  37.194  4.319 0.0000000000
103963  -42.978  38.565  1.633 0.0000000000
103964  -43.171  38.388  2.252 0.0000000000
103965  -43.198  37.975  2.776 0.0000000000
103966  -43.822  37.824  2.416 0.0000000000
103967  -44.260  37.102  2.443 0.0000000000
103968  -44.597  36.342  2.360 0.0000000000
103969  -45.059  35.614  2.351 0.0000000000
103970  -45.143  36.145  1.960 0.0000000000
106330  -39.955  25.629  26.125 0.0000000000
106331  -39.670  25.791  25.755 0.0000000000
106332  -40.231  26.219  25.990 0.0000000000
106333  -40.522  26.832  25.872 0.0000000000
106334  -40.799  27.412  25.732 0.0000000000
106335  -43.145  29.777  25.317 0.0000000000
106336  -42.695  29.385  25.380 0.0000000000
106337  -43.133  29.858  24.968 0.0000000000
106338  -43.037  29.899  24.609 0.0000000000
106339  -42.936  29.920  24.217 0.0000000000
106340  -42.838  29.912  23.795 0.0000000000
106341  -43.308  30.304  23.684 0.0000000000
106342  -43.657  30.699  23.137 0.0000000000
106343  -43.783  31.109  22.645 0.0000000000
106344  -42.732  32.342  24.820 0.0000000000
106345  -43.209  32.165  24.842 0.0000000000
106346  -42.946  32.485  24.391 0.0000000000
106347  -43.208  32.678  23.965 0.0000000000
106348  -43.374  32.850  23.536 0.0000000000
106349  -42.906  33.911  21.765 0.0000000000
106350  -43.231  33.615  22.121 0.0000000000
106351  -43.189  33.601  21.825 0.0000000000
106352  -43.401  33.243  21.771 0.0000000000
106353  -43.538  32.890  21.677 0.0000000000
106354  -43.599  32.579  21.640 0.0000000000
106355  -43.232  32.892  21.332 0.0000000000
106356  -42.933  32.811  21.000 0.0000000000
106357  -42.573  32.679  20.728 0.0000000000
106358  -42.183  32.488  20.420 0.0000000000
106359  -42.102  32.900  20.364 0.0000000000
106360  -41.564  33.151  19.984 0.0000000000
106361  -40.995  33.397  19.535 0.0000000000
106362  -39.336  35.211  18.505 0.0000000000
106363  -39.516  34.758  18.501 0.0000000000
106364  -38.813  35.040  18.140 0.0000000000
106365  -38.267  34.866  17.770 0.0000000000
106366  -37.672  34.701  17.339 0.0000000000
106367  -37.118  34.547  16.923 0.0000000000
106368  -37.072  35.123  16.849 0.0000000000
106369  -36.546  35.603  16.278 0.0000000000
106370  -36.103  36.199  15.587 0.0000000000
106406  -36.256  39.786  13.510 0.0000000000
106407  -36.302  39.141  13.545 0.0000000000
106408  -36.110  38.479  13.682 0.0000000000
106409  -36.026  39.116  12.991 0.0000000000
106410  -35.769  39.090  12.332 0.0000000000
106411  -35.689  39.055  11.661 0.0000000000
106412  -35.568  38.935  11.064 0.0000000000
106413  -35.884  39.558  11.113 0.0000000000
106414  -36.125  40.034  10.548 0.0000000000
106415  -36.448  40.516  10.083 0.0000000000
106416  -37.323  43.188  9.501 0.0000000000
106417  -37.284  42.610  9.430 0.0000000000
106418  -37.546  43.186  8.969 0.0000000000
106419  -37.827  43.208  8.452 0.0000000000
106420  -38.116  43.188  7.946 0.0000000000
106421  -38.350  43.149  7.471 0.0000000000
106422  -38.384  43.713  7.618 0.0000000000
108153  -38.664  22.428  27.829 0.0000000000
108154  -38.933  22.982  27.551 0.0000000000
108155  -39.199  23.464  27.216 0.0000000000
108156  -39.344  23.813  26.914 0.0000000000
108157  -39.814  23.786  27.318 0.0000000000
108158  -40.402  24.117  27.407 0.0000000000
108159  -41.008  24.466  27.517 0.0000000000
108160  -43.579  25.114  28.924 0.0000000000
108161  -43.112  25.134  28.485 0.0000000000
108162  -43.655  25.592  28.601 0.0000000000
108163  -43.676  26.041  28.258 0.0000000000
108164  -43.668  26.476  28.009 0.0000000000
108165  -43.711  26.941  27.841 0.0000000000
108166  -44.096  26.920  28.121 0.0000000000
108167  -44.438  27.343  28.239 0.0000000000
108168  -44.688  27.768  28.358 0.0000000000
108177  -43.809  28.221  30.415 0.0000000000
108178  -44.279  28.311  29.952 0.0000000000
108179  -44.541  28.445  29.564 0.0000000000
108180  -44.259  28.751  29.708 0.0000000000
108181  -44.149  29.219  29.404 0.0000000000
108182  -44.015  29.705  29.104 0.0000000000
108183  -43.858  30.203  28.851 0.0000000000
108184  -43.512  30.025  29.199 0.0000000000
108185  -42.983  30.326  29.278 0.0000000000
108186  -42.479  30.594  29.325 0.0000000000
110516  -51.264  15.032  18.113 0.0000000000
110517  -50.663  14.783  18.069 0.0000000000
110518  -51.093  14.754  17.179 0.0000000000
110519  -50.862  14.371  16.264 0.0000000000
110520  -50.652  13.947  15.415 0.0000000000
110524  -50.209  12.151  11.484 0.0000000000
110525  -49.724  11.885  11.472 0.0000000000
110526  -49.357  11.585  11.435 0.0000000000
110527  -49.591  11.508  10.590 0.0000000000
110583  -38.914  26.227  24.051 0.0000000000
110584  -38.348  25.638  23.608 0.0000000000
110585  -38.738  26.194  23.519 0.0000000000
110586  -38.559  26.030  22.999 0.0000000000
110587  -38.431  25.857  22.480 0.0000000000
110588  -39.258  26.686  21.249 0.0000000000
110589  -39.020  26.255  21.392 0.0000000000
110590  -39.049  25.881  20.910 0.0000000000
110591  -39.002  25.026  20.638 0.0000000000
110592  -39.101  24.184  20.351 0.0000000000
110593  -39.295  23.466  20.209 0.0000000000
110594  -39.580  23.891  20.087 0.0000000000
110595  -40.134  23.637  19.881 0.0000000000
110596  -40.734  23.377  19.692 0.0000000000
110597  -40.130  29.328  18.906 0.0000000000
110598  -40.253  29.070  19.306 0.0000000000
110599  -39.930  28.723  18.888 0.0000000000
110600  -39.780  28.046  18.791 0.0000000000
110601  -39.746  27.306  18.626 0.0000000000
110602  -41.799  25.245  16.840 0.0000000000
110603  -41.284  25.445  17.302 0.0000000000
110604  -42.018  24.984  17.358 0.0000000000
110605  -42.159  24.668  17.855 0.0000000000
110606  -42.205  24.262  18.268 0.0000000000
110607  -42.140  23.910  18.613 0.0000000000
110608  -42.778  23.856  18.403 0.0000000000
110609  -43.360  23.424  18.651 0.0000000000
110610  -43.909  23.023  18.904 0.0000000000
110611  -44.378  22.611  19.114 0.0000000000
110612  -44.601  23.069  18.792 0.0000000000
110613  -45.261  23.180  18.566 0.0000000000
110614  -45.959  23.288  18.373 0.0000000000
110615  -47.625  24.298  15.731 0.0000000000
110616  -47.610  24.164  16.516 0.0000000000
110617  -48.344  24.192  16.171 0.0000000000
110624  -35.710  35.033  8.823 0.0000000000
110625  -35.268  34.501  9.638 0.0000000000
110626  -35.877  34.414  9.139 0.0000000000
110627  -36.219  33.772  9.391 0.0000000000
110628  -36.683  33.262  9.579 0.0000000000
110629  -40.474  32.760  8.858 0.0000000000
110630  -39.570  32.626  9.125 0.0000000000
110631  -40.281  32.351  9.291 0.0000000000
110632  -40.113  31.954  9.852 0.0000000000
110633  -40.048  31.472  10.407 0.0000000000
110634  -40.036  30.837  10.967 0.0000000000
110635  -40.880  31.008  10.623 0.0000000000
110636  -41.742  30.507  10.758 0.0000000000
110637  -42.632  30.007  10.824 0.0000000000
110638  -47.944  32.901  6.731 0.0000000000
110639  -47.189  33.103  7.308 0.0000000000
110640  -47.920  32.733  7.303 0.0000000000
110641  -47.805  32.559  7.781 0.0000000000
110642  -47.597  32.275  8.152 0.0000000000
110646  -47.905  29.703  9.608 0.0000000000
110647  -47.049  29.520  9.893 0.0000000000
110648  -46.154  29.366  10.122 0.0000000000
110649  -47.038  28.815  9.965 0.0000000000
110650  -47.027  28.068  10.225 0.0000000000
110651  -47.030  27.335  10.584 0.0000000000
110652  -47.025  26.723  10.988 0.0000000000
110653  -47.738  26.884  10.650 0.0000000000
115630  -35.780  19.762  23.518 0.0000000000
115631  -35.974  19.547  23.127 0.0000000000
115632  -35.941  20.211  23.130 0.0000000000
115633  -36.117  20.583  22.803 0.0000000000
115634  -36.294  20.956  22.519 0.0000000000
115635  -36.117  21.774  23.112 0.0000000000
115636  -36.280  21.580  22.646 0.0000000000
115637  -36.460  21.325  22.226 0.0000000000
115638  -36.676  21.686  21.953 0.0000000000
115639  -36.878  22.060  21.687 0.0000000000
115640  -37.132  22.426  21.422 0.0000000000
116260  -41.324  33.520  27.991 0.0000000000
116261  -41.270  33.591  27.493 0.0000000000
116262  -40.986  34.116  27.708 0.0000000000
117363  -37.401  32.633  17.234 0.0000000000
117364  -37.516  32.149  17.299 0.0000000000
117365  -36.779  32.294  16.750 0.0000000000
117366  -36.212  32.003  16.143 0.0000000000
117367  -35.757  31.700  15.509 0.0000000000
117368  -35.113  32.600  14.786 0.0000000000
117369  -35.270  31.962  14.819 0.0000000000
117370  -35.505  31.412  14.807 0.0000000000
117371  -35.486  31.193  14.114 0.0000000000
117372  -35.646  31.051  13.441 0.0000000000
117373  -35.929  31.047  12.823 0.0000000000
119861  -42.108  13.627  23.064 0.0000000000
119862  -40.288  17.939  20.931 0.0000000000
119863  -40.711  17.397  20.937 0.0000000000
119864  -41.087  17.769  20.714 0.0000000000
119865  -41.910  17.610  20.528 0.0000000000
119866  -42.727  17.444  20.450 0.0000000000
119867  -42.564  18.318  20.060 0.0000000000
119868  -43.068  17.819  20.192 0.0000000000
119869  -43.541  17.333  20.459 0.0000000000
119870  -44.318  17.277  20.497 0.0000000000
119871  -45.098  17.205  20.591 0.0000000000
119872  -45.918  17.167  20.772 0.0000000000
119873  -46.711  17.134  20.954 0.0000000000
119874  -46.309  17.522  20.358 0.0000000000
119877  -45.620  19.050  19.480 0.0000000000
119883  -37.299  40.861  7.028 0.0000000000
119884  -37.122  40.254  6.861 0.0000000000
119885  -37.490  40.675  6.536 0.0000000000
119886  -37.652  40.536  6.054 0.0000000000
119887  -37.992  40.351  5.591 0.0000000000
119888  -38.459  41.469  5.412 0.0000000000
119889  -38.327  40.779  5.230 0.0000000000
119890  -38.265  40.090  5.112 0.0000000000
119891  -38.593  39.837  4.634 0.0000000000
119892  -38.986  39.566  4.182 0.0000000000
119893  -39.435  39.344  3.771 0.0000000000
121741  -42.086  27.283  26.783 0.0000000000
121742  -41.856  27.502  26.494 0.0000000000
121743  -42.359  27.851  26.588 0.0000000000
121744  -42.621  28.480  26.346 0.0000000000
121745  -42.891  29.114  26.052 0.0000000000
121746  -43.426  29.311  26.337 0.0000000000
121747  -43.306  29.503  26.024 0.0000000000
121748  -43.188  29.680  25.677 0.0000000000
121749  -43.598  30.139  25.233 0.0000000000
121750  -43.965  30.625  24.748 0.0000000000
121751  -44.295  31.125  24.268 0.0000000000
121752  -41.733  33.809  23.240 0.0000000000
121753  -42.206  33.569  23.170 0.0000000000
121754  -41.999  33.942  22.848 0.0000000000
121755  -42.254  34.090  22.485 0.0000000000
121756  -42.477  34.155  22.083 0.0000000000
121757  -41.782  34.835  21.730 0.0000000000
121758  -42.167  34.517  21.728 0.0000000000
121759  -42.579  34.201  21.730 0.0000000000
121760  -42.531  34.213  21.427 0.0000000000
121761  -42.386  34.226  21.009 0.0000000000
121762  -42.139  34.170  20.597 0.0000000000
121763  -41.831  34.054  20.246 0.0000000000
121764  -41.677  34.476  20.076 0.0000000000
121765  -41.095  34.836  19.614 0.0000000000
121766  -40.541  35.106  19.185 0.0000000000
121767  -40.689  35.624  19.559 0.0000000000
121768  -40.327  35.520  19.178 0.0000000000
121769  -39.898  35.377  18.811 0.0000000000
121770  -39.194  35.635  18.494 0.0000000000
121771  -38.530  35.971  18.074 0.0000000000
121772  -37.945  36.392  17.545 0.0000000000
121803  -36.036  41.081  12.331 0.0000000000
121804  -36.205  41.146  11.801 0.0000000000
121805  -36.315  41.108  11.301 0.0000000000
121806  -36.299  41.534  11.289 0.0000000000
121807  -36.540  42.009  10.847 0.0000000000
121808  -36.831  42.564  10.439 0.0000000000
121810  -36.890  43.172  10.538 0.0000000000
121811  -37.105  43.204  10.042 0.0000000000
121812  -37.411  43.824  9.594 0.0000000000
121813  -37.705  44.440  9.234 0.0000000000
121814  -37.976  45.036  8.887 0.0000000000
123161  -41.046  23.227  29.036 0.0000000000
123162  -41.194  23.666  28.611 0.0000000000
123163  -41.629  23.607  29.045 0.0000000000
123164  -42.258  23.957  29.125 0.0000000000
123165  -42.875  24.294  29.180 0.0000000000
123167  -43.405  24.260  29.642 0.0000000000
123168  -43.459  24.668  29.243 0.0000000000
123169  -43.972  25.070  29.329 0.0000000000
123170  -44.389  25.522  29.451 0.0000000000
123171  -44.687  26.006  29.597 0.0000000000
123181  -42.117  28.517  30.925 0.0000000000
123182  -42.070  28.882  30.434 0.0000000000
123183  -42.014  29.291  30.006 0.0000000000
123184  -41.409  29.052  30.288 0.0000000000
123187  -39.591  28.850  31.070 0.0000000000
124990  -46.941  11.985  18.212 0.0000000000
124991  -47.419  12.508  19.259 0.0000000000
124992  -47.401  12.457  18.487 0.0000000000
124993  -47.382  12.157  17.715 0.0000000000
124994  -47.735  12.319  17.152 0.0000000000
124995  -48.055  12.440  16.550 0.0000000000
124996  -48.298  12.495  15.950 0.0000000000
125049  -40.686  28.191  23.453 0.0000000000
125050  -39.983  27.594  23.180 0.0000000000
125051  -40.437  28.030  23.024 0.0000000000
125052  -40.154  27.822  22.523 0.0000000000
125053  -39.889  27.623  22.061 0.0000000000
125054  -40.787  28.476  21.910 0.0000000000
125055  -40.207  27.903  21.816 0.0000000000
125056  -39.714  27.360  21.598 0.0000000000
125057  -39.524  27.063  21.076 0.0000000000
125058  -39.458  26.716  20.588 0.0000000000
125059  -39.463  26.292  20.049 0.0000000000
125060  -39.109  27.588  16.686 0.0000000000
125061  -39.410  27.375  17.196 0.0000000000
125062  -39.511  26.926  16.485 0.0000000000
125063  -40.008  26.331  16.308 0.0000000000
125064  -40.642  25.841  16.135 0.0000000000
125065  -40.991  25.910  15.132 0.0000000000
125066  -41.245  25.635  15.679 0.0000000000
125067  -41.490  25.417  16.203 0.0000000000
125068  -42.371  25.114  16.398 0.0000000000
125069  -43.111  24.780  16.583 0.0000000000
125070  -43.922  24.550  16.876 0.0000000000
125071  -44.725  24.256  17.205 0.0000000000
125072  -44.568  24.489  16.498 0.0000000000
125073  -45.241  24.462  16.105 0.0000000000
125074  -45.957  24.455  15.702 0.0000000000
125075  -45.043  24.717  14.646 0.0000000000
125076  -45.912  24.519  15.006 0.0000000000
125077  -46.776  24.387  15.377 0.0000000000
125078  -47.580  24.452  14.989 0.0000000000
125081  -38.551  34.953  7.307 0.0000000000
125082  -38.165  34.364  7.977 0.0000000000
125083  -39.007  34.397  7.699 0.0000000000
125084  -39.515  33.906  8.022 0.0000000000
125085  -40.080  33.508  8.248 0.0000000000
125086  -41.435  34.113  7.508 0.0000000000
125087  -41.030  33.616  8.015 0.0000000000
125088  -40.710  33.182  8.438 0.0000000000
125089  -41.446  32.902  8.652 0.0000000000
125090  -42.219  32.668  8.831 0.0000000000
125091  -42.977  32.372  9.023 0.0000000000
129812  -37.889  16.158  22.180 0.0000000000
129813  -36.958  16.985  22.483 0.0000000000
129814  -37.552  16.773  22.229 0.0000000000
129815  -38.178  16.534  21.952 0.0000000000
129816  -38.513  16.963  21.763 0.0000000000
129817  -38.872  17.371  21.576 0.0000000000
129818  -39.230  17.774  21.339 0.0000000000
129819  -36.261  19.364  22.750 0.0000000000
129820  -36.654  19.175  22.444 0.0000000000
129821  -37.102  18.903  22.182 0.0000000000
129822  -37.097  19.863  21.808 0.0000000000
129823  -37.357  19.261  21.886 0.0000000000
129824  -37.612  18.674  21.887 0.0000000000
129825  -38.215  18.470  21.624 0.0000000000
129826  -38.866  18.292  21.383 0.0000000000
129827  -39.559  18.124  21.160 0.0000000000
129828  -39.894  18.450  20.958 0.0000000000
129829  -40.204  18.790  20.748 0.0000000000
129830  -40.551  19.110  20.595 0.0000000000
129831  -39.448  19.783  20.775 0.0000000000
129832  -40.150  19.617  20.643 0.0000000000
129833  -40.894  19.455  20.460 0.0000000000
129834  -41.221  19.798  20.337 0.0000000000
129835  -41.564  20.176  20.249 0.0000000000
129836  -41.929  20.581  20.132 0.0000000000
131518  -44.186  30.590  26.935 0.0000000000
131519  -44.135  30.713  26.557 0.0000000000
131520  -43.755  31.049  26.615 0.0000000000
131521  -43.345  31.483  26.190 0.0000000000
131522  -43.020  31.880  25.743 0.0000000000
131523  -42.448  31.919  26.299 0.0000000000
131524  -42.548  32.084  25.804 0.0000000000
131525  -42.655  32.209  25.313 0.0000000000
131526  -42.285  32.535  24.884 0.0000000000
131527  -41.984  32.872  24.496 0.0000000000
131528  -41.726  33.265  24.069 0.0000000000
131529  -41.237  33.623  26.958 0.0000000000
131530  -41.191  33.622  26.440 0.0000000000
131531  -41.170  33.567  25.886 0.0000000000
131533  -40.858  33.990  25.519 0.0000000000
131534  -41.173  33.540  25.299 0.0000000000
131535  -41.218  33.535  24.718 0.0000000000
131536  -41.347  33.589  24.168 0.0000000000
131537  -41.516  33.686  23.678 0.0000000000
131538  -41.311  34.141  23.334 0.0000000000
131539  -41.235  34.627  23.043 0.0000000000
131540  -41.133  35.091  22.700 0.0000000000
131542  -40.938  35.607  22.899 0.0000000000
131543  -41.046  35.633  22.383 0.0000000000
131544  -40.955  36.146  22.031 0.0000000000
134454  -49.319  14.323  21.815 0.0000000000
134455  -49.328  14.221  21.058 0.0000000000
134456  -49.833  14.692  21.228 0.0000000000
134457  -50.389  14.998  20.594 0.0000000000
134458  -50.928  15.190  19.784 0.0000000000
134460  -51.494  15.505  19.805 0.0000000000
134461  -51.407  15.281  18.986 0.0000000000
134462  -51.861  15.299  18.174 0.0000000000
134511  -42.085  30.868  20.486 0.0000000000
134512  -41.763  30.346  20.458 0.0000000000
134513  -41.696  30.610  20.129 0.0000000000
134514  -41.322  30.373  19.723 0.0000000000
134515  -40.832  30.138  19.320 0.0000000000
134516  -40.499  30.899  18.966 0.0000000000
134517  -40.474  30.396  18.946 0.0000000000
134518  -40.343  29.882  18.909 0.0000000000
134519  -39.859  29.594  18.497 0.0000000000
134520  -39.379  29.196  18.049 0.0000000000
134521  -39.032  28.787  17.540 0.0000000000
134522  -37.628  31.633  17.321 0.0000000000
134523  -37.844  31.145  17.338 0.0000000000
134524  -38.052  30.705  17.301 0.0000000000
134525  -36.867  30.516  16.158 0.0000000000
134526  -37.518  30.369  16.765 0.0000000000
134527  -38.208  30.247  17.300 0.0000000000
134528  -38.441  29.608  17.171 0.0000000000
134529  -38.593  28.987  17.066 0.0000000000
134530  -38.805  28.295  16.904 0.0000000000
134531  -38.817  27.851  16.190 0.0000000000
134532  -39.019  27.528  15.492 0.0000000000
134533  -39.355  27.280  14.832 0.0000000000
134534  -38.499  28.330  14.473 0.0000000000
134535  -39.120  27.761  14.366 0.0000000000
134536  -39.827  27.216  14.238 0.0000000000
134537  -40.474  27.139  13.641 0.0000000000
134538  -41.178  27.119  13.099 0.0000000000
134539  -41.916  27.141  12.618 0.0000000000
134540  -45.063  34.551  5.164 0.0000000000
134541  -45.087  34.413  5.939 0.0000000000
134542  -45.672  34.109  5.432 0.0000000000
134543  -46.379  33.706  5.698 0.0000000000
134544  -47.157  33.322  5.916 0.0000000000
134546  -47.834  32.914  5.207 0.0000000000
134547  -47.909  32.980  6.023 0.0000000000
134548  -48.653  32.642  6.037 0.0000000000
141163  -45.893  11.610  20.509 0.0000000000
141164  -46.420  11.988  20.830 0.0000000000
141165  -45.544  11.848  21.973 0.0000000000
141166  -46.302  12.058  21.549 0.0000000000
141167  -46.989  12.318  21.097 0.0000000000
141168  -47.415  12.582  21.407 0.0000000000
141169  -47.856  12.947  21.719 0.0000000000
141170  -48.321  13.406  22.016 0.0000000000
141174  -39.623  15.319  22.081 0.0000000000
141175  -40.000  14.841  22.337 0.0000000000
141176  -40.356  14.335  22.627 0.0000000000
141177  -41.073  14.235  22.744 0.0000000000
141178  -41.783  14.190  22.895 0.0000000000
141179  -42.528  14.111  23.005 0.0000000000
141180  -41.142  16.840  21.026 0.0000000000
141181  -41.550  16.262  21.254 0.0000000000
141182  -41.944  15.744  21.607 0.0000000000
141183  -43.165  16.089  21.480 0.0000000000
141184  -42.718  15.662  21.760 0.0000000000
141185  -42.308  15.323  22.026 0.0000000000
141186  -42.632  14.955  22.466 0.0000000000
141187  -42.930  14.546  22.898 0.0000000000
141188  -43.311  14.028  23.232 0.0000000000
141189  -44.110  13.894  23.372 0.0000000000
141190  -44.936  13.680  23.390 0.0000000000
141191  -45.790  13.479  23.400 0.0000000000
141192  -45.826  14.641  23.264 0.0000000000
141193  -46.196  13.979  23.360 0.0000000000
141194  -46.563  13.382  23.202 0.0000000000
141195  -47.353  13.439  22.975 0.0000000000
141196  -48.074  13.646  22.629 0.0000000000
141197  -48.726  13.956  22.224 0.0000000000
141198  -49.150  14.464  22.352 0.0000000000
141201  -49.071  15.768  22.685 0.0000000000
141207  -47.515  17.199  21.053 0.0000000000
141225  -34.484  36.308  11.372 0.0000000000
141226  -34.348  35.591  11.401 0.0000000000
141227  -34.470  36.161  10.606 0.0000000000
141228  -34.625  36.013  9.880 0.0000000000
141229  -34.929  35.827  9.167 0.0000000000
141230  -35.405  37.133  8.432 0.0000000000
141231  -35.358  36.421  8.461 0.0000000000
141232  -35.472  35.723  8.587 0.0000000000
141233  -36.088  35.612  8.102 0.0000000000
141234  -36.719  35.551  7.657 0.0000000000
141235  -37.448  35.530  7.323 0.0000000000
141236  -36.958  39.690  6.731 0.0000000000
141237  -36.935  38.953  6.601 0.0000000000
141238  -36.959  38.158  6.496 0.0000000000
141239  -37.724  38.539  5.773 0.0000000000
141240  -37.378  37.948  6.069 0.0000000000
141241  -37.094  37.408  6.480 0.0000000000
141242  -37.368  36.727  6.573 0.0000000000
141243  -37.759  36.102  6.760 0.0000000000
141244  -38.158  35.496  6.978 0.0000000000
141245  -38.898  35.506  6.701 0.0000000000
141246  -39.745  35.535  6.473 0.0000000000
141247  -40.548  35.467  6.249 0.0000000000
141248  -40.312  36.381  5.472 0.0000000000
141249  -40.789  35.872  5.693 0.0000000000
141250  -41.345  35.463  5.999 0.0000000000
141251  -42.159  35.446  5.741 0.0000000000
141252  -43.062  35.368  5.584 0.0000000000
141253  -43.787  35.214  5.283 0.0000000000
141255  -38.402  42.240  3.534 0.0000000000
141256  -38.340  41.549  3.381 0.0000000000
141258  -38.186  41.093  2.827 0.0000000000
141259  -38.472  40.865  3.303 0.0000000000
141260  -38.811  40.204  3.286 0.0000000000
141261  -39.307  39.630  3.313 0.0000000000
141262  -39.912  39.150  3.375 0.0000000000
141270  -40.490  39.029  3.081 0.0000000000
141271  -40.558  38.724  3.547 0.0000000000
141272  -41.200  38.221  3.683 0.0000000000
141273  -41.779  37.651  3.810 0.0000000000
141274  -42.270  37.074  3.945 0.0000000000
141275  -43.058  37.416  3.167 0.0000000000
141276  -42.907  36.856  3.523 0.0000000000
141277  -42.727  36.543  4.064 0.0000000000
141278  -43.250  36.043  4.245 0.0000000000
141279  -43.814  35.503  4.520 0.0000000000
141280  -44.436  35.000  4.843 0.0000000000
141281  -44.937  34.617  4.323 0.0000000000
141284  -45.598  34.871  2.372 0.0000000000
146071  -37.733  24.020  25.100 0.0000000000
146072  -37.510  24.116  24.649 0.0000000000
146073  -38.027  24.543  24.928 0.0000000000
146074  -38.358  25.090  24.783 0.0000000000
146075  -38.689  25.635  24.650 0.0000000000
146076  -39.426  25.945  25.369 0.0000000000
146077  -39.237  26.084  24.975 0.0000000000
146078  -39.045  26.154  24.515 0.0000000000
146079  -39.432  26.713  24.394 0.0000000000
146080  -39.890  27.279  24.316 0.0000000000
146081  -40.309  27.737  24.112 0.0000000000
146082  -41.618  27.724  26.219 0.0000000000
146083  -41.381  27.841  25.921 0.0000000000
146084  -41.250  27.974  25.561 0.0000000000
146085  -42.220  28.963  25.394 0.0000000000
146086  -41.692  28.519  25.329 0.0000000000
146087  -41.109  28.049  25.172 0.0000000000
146088  -40.993  28.107  24.753 0.0000000000
146089  -40.845  28.173  24.345 0.0000000000
146090  -40.767  28.233  23.881 0.0000000000
146091  -41.233  28.613  23.646 0.0000000000
146092  -41.633  29.013  23.311 0.0000000000
146093  -41.981  29.364  22.917 0.0000000000
146094  -42.679  29.825  23.316 0.0000000000
146095  -42.500  29.741  22.885 0.0000000000
146096  -42.281  29.672  22.480 0.0000000000
146097  -42.422  30.014  22.017 0.0000000000
146098  -42.502  30.402  21.554 0.0000000000
146099  -42.509  30.731  21.134 0.0000000000
146100  -44.074  30.872  26.165 0.0000000000
146101  -44.102  30.997  25.810 0.0000000000
146102  -44.185  31.104  25.455 0.0000000000
146103  -43.680  31.935  24.917 0.0000000000
146104  -44.061  31.624  25.005 0.0000000000
146105  -44.263  31.283  25.046 0.0000000000
146106  -44.357  31.426  24.589 0.0000000000
146107  -44.397  31.542  24.158 0.0000000000
146108  -44.409  31.616  23.729 0.0000000000
146109  -42.705  33.370  23.131 0.0000000000
146110  -43.173  33.151  23.153 0.0000000000
146111  -43.580  32.947  23.179 0.0000000000
146112  -43.518  33.288  22.460 0.0000000000
146113  -43.773  32.996  22.813 0.0000000000
146114  -43.947  32.700  23.175 0.0000000000
146115  -44.241  32.410  23.178 0.0000000000
146116  -44.404  32.057  23.211 0.0000000000
146117  -44.371  31.625  23.295 0.0000000000
146118  -44.207  31.586  22.917 0.0000000000
146119  -43.998  31.555  22.561 0.0000000000
146120  -43.771  31.501  22.188 0.0000000000
146121  -43.593  32.203  21.704 0.0000000000
146122  -43.611  31.825  21.772 0.0000000000
146123  -43.490  31.408  21.849 0.0000000000
146124  -43.128  31.308  21.527 0.0000000000
146125  -42.787  31.190  21.187 0.0000000000
146126  -42.416  31.052  20.814 0.0000000000
146127  -42.220  31.366  20.500 0.0000000000
146128  -41.838  31.593  20.132 0.0000000000
146129  -41.392  31.813  19.755 0.0000000000
146130  -41.778  32.353  20.096 0.0000000000
146131  -41.338  32.228  19.731 0.0000000000
146132  -40.851  32.015  19.292 0.0000000000
146133  -40.220  32.218  18.890 0.0000000000
146134  -39.542  32.421  18.483 0.0000000000
146135  -38.779  32.624  18.067 0.0000000000
146136  -41.411  33.964  19.873 0.0000000000
146137  -40.929  33.815  19.470 0.0000000000
146138  -40.405  33.653  19.050 0.0000000000
146139  -39.644  34.310  18.573 0.0000000000
146140  -39.750  33.874  18.638 0.0000000000
146141  -39.844  33.448  18.677 0.0000000000
146142  -39.279  33.241  18.332 0.0000000000
146143  -38.684  33.028  17.979 0.0000000000
146144  -38.019  32.829  17.623 0.0000000000
146145  -37.267  33.039  17.120 0.0000000000
146146  -36.591  33.330  16.603 0.0000000000
146147  -35.978  33.678  15.968 0.0000000000
146148  -36.525  34.374  16.478 0.0000000000
146149  -35.992  34.262  15.938 0.0000000000
146150  -35.496  34.118  15.327 0.0000000000
146151  -35.065  34.591  14.631 0.0000000000
146152  -34.775  35.127  13.788 0.0000000000
146153  -34.672  35.749  12.964 0.0000000000
146209  -39.818  37.491  19.112 0.0000000000
146210  -39.327  37.287  18.711 0.0000000000
146212  -38.763  37.712  18.196 0.0000000000
146213  -38.830  37.129  18.295 0.0000000000
146214  -38.386  37.013  17.857 0.0000000000
146215  -37.911  36.956  17.386 0.0000000000
146216  -37.418  36.892  16.909 0.0000000000
146224  -37.088  37.379  16.230 0.0000000000
146225  -37.022  36.816  16.436 0.0000000000
146226  -36.632  36.797  15.935 0.0000000000
146227  -36.255  36.795  15.399 0.0000000000
146228  -35.874  36.683  14.801 0.0000000000
146229  -35.900  37.845  13.833 0.0000000000
146230  -35.705  37.231  13.986 0.0000000000
146231  -35.526  36.577  14.192 0.0000000000
146232  -35.191  36.493  13.506 0.0000000000
146233  -34.854  36.440  12.823 0.0000000000
146234  -34.615  36.394  12.103 0.0000000000
146235  -34.629  36.961  11.256 0.0000000000
146236  -34.883  37.545  10.415 0.0000000000
146237  -35.214  38.108  9.709 0.0000000000
146238  -35.504  38.834  10.423 0.0000000000
146239  -35.555  38.784  9.785 0.0000000000
146240  -35.610  38.685  9.173 0.0000000000
146241  -36.107  39.311  8.726 0.0000000000
146242  -36.472  39.946  8.299 0.0000000000
146243  -36.769  40.515  7.889 0.0000000000
146244  -36.467  41.076  10.801 0.0000000000
146245  -36.648  41.060  10.223 0.0000000000
146246  -36.748  41.024  9.630 0.0000000000
146247  -37.199  42.082  9.315 0.0000000000
146248  -37.040  41.573  9.177 0.0000000000
146249  -36.866  41.016  9.057 0.0000000000
146250  -36.912  41.083  8.521 0.0000000000
146251  -36.981  41.063  7.999 0.0000000000
146252  -37.063  40.945  7.483 0.0000000000
146253  -37.575  41.438  7.134 0.0000000000
146254  -38.091  41.926  6.817 0.0000000000
146255  -38.554  42.407  6.508 0.0000000000
146256  -38.591  43.083  7.031 0.0000000000
146257  -38.807  42.982  6.610 0.0000000000
146258  -38.948  42.923  6.231 0.0000000000
146259  -39.260  43.407  5.850 0.0000000000
146269  -38.104  45.690  9.065 0.0000000000
146270  -38.158  45.587  8.581 0.0000000000
146278  -38.336  46.150  8.281 0.0000000000
146279  -38.303  45.518  8.085 0.0000000000
146280  -38.474  45.411  7.547 0.0000000000
149478  -35.528  18.557  23.781 0.0000000000
149487  -35.515  19.191  23.889 0.0000000000
149488  -35.560  19.812  23.969 0.0000000000
149489  -35.676  20.413  24.087 0.0000000000
149490  -35.838  21.037  24.217 0.0000000000
149491  -35.632  20.413  25.092 0.0000000000
149492  -35.868  21.062  24.720 0.0000000000
149493  -36.061  21.625  24.397 0.0000000000
149494  -36.340  22.162  24.611 0.0000000000
149495  -36.645  22.666  24.803 0.0000000000
149496  -37.067  23.078  25.060 0.0000000000
149733  -36.756  21.469  26.525 0.0000000000
149734  -37.693  21.996  27.182 0.0000000000
149735  -37.332  22.023  26.707 0.0000000000
149736  -36.978  22.037  26.172 0.0000000000
149737  -37.192  22.560  25.839 0.0000000000
149738  -37.429  23.086  25.573 0.0000000000
149739  -37.645  23.623  25.339 0.0000000000
149740  -38.152  23.954  25.599 0.0000000000
149741  -38.674  24.326  25.862 0.0000000000
149742  -39.234  24.727  26.116 0.0000000000
149743  -39.475  24.210  26.690 0.0000000000
149744  -39.639  24.658  26.509 0.0000000000
149745  -39.809  25.134  26.334 0.0000000000
149746  -40.363  25.560  26.507 0.0000000000
149747  -40.914  25.987  26.649 0.0000000000
149748  -41.461  26.377  26.788 0.0000000000
149749  -41.359  24.044  28.240 0.0000000000
149750  -41.485  24.401  27.886 0.0000000000
149751  -41.599  24.839  27.625 0.0000000000
149752  -42.603  25.171  28.051 0.0000000000
149753  -42.119  25.226  27.704 0.0000000000
149754  -41.696  25.320  27.397 0.0000000000
149755  -41.825  25.836  27.224 0.0000000000
149756  -41.903  26.282  27.073 0.0000000000
149757  -41.999  26.783  26.926 0.0000000000
149758  -42.521  27.196  27.030 0.0000000000
149759  -43.008  27.612  27.107 0.0000000000
149760  -43.437  28.037  27.213 0.0000000000
149761  -43.742  27.421  27.680 0.0000000000
149762  -43.780  27.924  27.467 0.0000000000
149763  -43.805  28.427  27.233 0.0000000000
149764  -44.138  28.866  27.200 0.0000000000
149765  -44.416  29.265  27.187 0.0000000000
149766  -44.561  29.674  27.198 0.0000000000
149774  -44.935  26.010  30.105 0.0000000000
149775  -44.817  26.406  29.707 0.0000000000
149783  -44.849  26.856  29.792 0.0000000000
149784  -44.795  26.849  29.358 0.0000000000
149785  -44.784  27.292  29.040 0.0000000000
149786  -44.810  27.728  28.744 0.0000000000
149787  -44.831  28.212  28.456 0.0000000000
149788  -44.768  28.525  29.117 0.0000000000
149789  -44.911  28.613  28.603 0.0000000000
149790  -44.861  28.637  28.214 0.0000000000
149791  -44.850  29.100  27.936 0.0000000000
149792  -44.779  29.595  27.653 0.0000000000
149793  -44.497  30.147  27.249 0.0000000000
149794  -44.215  30.599  27.411 0.0000000000
149795  -43.848  30.937  27.466 0.0000000000
149796  -43.393  31.182  27.577 0.0000000000
149797  -43.556  30.668  28.451 0.0000000000
149798  -43.238  31.095  28.081 0.0000000000
149799  -42.925  31.477  27.733 0.0000000000
149800  -42.468  31.842  27.873 0.0000000000
149801  -42.082  32.226  28.011 0.0000000000
149802  -41.811  32.583  28.227 0.0000000000
149803  -41.975  29.757  29.694 0.0000000000
149804  -41.963  30.306  29.512 0.0000000000
149805  -41.974  30.867  29.348 0.0000000000
149807  -41.408  31.064  29.332 0.0000000000
149808  -41.953  31.429  29.179 0.0000000000
149809  -41.858  31.993  28.975 0.0000000000
149810  -41.697  32.561  28.661 0.0000000000
149811  -41.525  33.082  28.323 0.0000000000
149812  -41.187  33.509  28.471 0.0000000000
154470  -49.293  14.155  20.298 0.0000000000
154471  -49.236  14.098  19.512 0.0000000000
154472  -49.128  14.013  18.677 0.0000000000
154473  -50.042  14.502  18.018 0.0000000000
154474  -49.479  14.176  17.934 0.0000000000
154475  -48.970  13.831  17.788 0.0000000000
154476  -48.804  13.500  16.961 0.0000000000
154477  -48.674  13.033  16.114 0.0000000000
154478  -48.593  12.512  15.298 0.0000000000
154480  -51.021  13.730  14.536 0.0000000000
154481  -50.455  13.502  14.628 0.0000000000
154483  -50.253  13.053  13.880 0.0000000000
154484  -49.900  13.214  14.645 0.0000000000
154485  -49.378  12.890  14.658 0.0000000000
154486  -48.892  12.515  14.632 0.0000000000
154487  -48.549  12.037  14.542 0.0000000000
154488  -48.580  11.563  13.770 0.0000000000
154489  -48.599  11.108  12.988 0.0000000000
154490  -48.589  10.686  12.208 0.0000000000
154491  -49.053  11.190  11.423 0.0000000000
154492  -48.794  10.724  11.394 0.0000000000
154605  -37.304  24.108  24.117 0.0000000000
154606  -37.164  24.038  23.641 0.0000000000
154607  -37.050  23.846  23.095 0.0000000000
154608  -37.772  24.992  23.213 0.0000000000
154609  -37.361  24.366  22.885 0.0000000000
154610  -36.959  23.659  22.578 0.0000000000
154611  -37.031  23.500  22.090 0.0000000000
154612  -37.175  23.204  21.613 0.0000000000
154613  -37.437  22.891  21.240 0.0000000000
154614  -39.396  27.000  22.793 0.0000000000
154615  -38.821  26.365  22.401 0.0000000000
154616  -38.345  25.644  21.967 0.0000000000
154617  -38.708  25.828  21.468 0.0000000000
154618  -38.389  25.381  21.520 0.0000000000
154619  -38.061  24.912  21.582 0.0000000000
154620  -37.793  24.067  21.307 0.0000000000
154621  -37.743  23.286  21.086 0.0000000000
154622  -37.759  22.573  20.923 0.0000000000
154623  -38.260  22.187  20.689 0.0000000000
154624  -38.812  21.884  20.526 0.0000000000
154625  -39.428  21.632  20.392 0.0000000000
154626  -39.473  22.771  20.174 0.0000000000
154627  -39.741  22.063  20.197 0.0000000000
154628  -40.090  21.396  20.253 0.0000000000
154629  -40.753  21.246  20.178 0.0000000000
154630  -41.475  21.136  20.099 0.0000000000
154631  -42.250  21.106  19.964 0.0000000000
154632  -41.316  29.814  20.436 0.0000000000
154633  -40.860  29.301  20.440 0.0000000000
154634  -40.420  28.759  20.399 0.0000000000
154635  -40.224  28.783  19.656 0.0000000000
154636  -40.096  28.504  19.961 0.0000000000
154637  -39.983  28.143  20.272 0.0000000000
154638  -39.651  27.450  20.058 0.0000000000
154639  -39.541  26.672  19.785 0.0000000000
154640  -39.623  25.868  19.591 0.0000000000
154641  -39.682  27.105  17.645 0.0000000000
154642  -39.847  26.849  18.088 0.0000000000
154643  -39.924  26.582  18.418 0.0000000000
154644  -40.817  25.685  17.774 0.0000000000
154645  -40.326  25.889  18.207 0.0000000000
154646  -39.962  26.215  18.664 0.0000000000
154647  -39.969  25.826  18.893 0.0000000000
154648  -39.991  25.488  19.171 0.0000000000
154649  -39.931  25.117  19.438 0.0000000000
154650  -40.313  24.447  19.322 0.0000000000
154651  -40.858  23.794  19.398 0.0000000000
154652  -41.322  23.229  19.505 0.0000000000
154653  -42.022  23.545  18.958 0.0000000000
154654  -41.947  23.125  19.316 0.0000000000
154655  -41.707  22.647  19.585 0.0000000000
154656  -42.092  22.108  19.703 0.0000000000
154657  -42.510  21.598  19.794 0.0000000000
154658  -42.947  21.087  19.850 0.0000000000
154659  -43.639  21.073  19.711 0.0000000000
154660  -44.374  21.067  19.443 0.0000000000
154661  -45.109  21.058  19.206 0.0000000000
154662  -44.831  22.154  19.205 0.0000000000
154663  -45.348  21.655  19.132 0.0000000000
154664  -45.905  21.115  18.983 0.0000000000
154665  -46.678  21.217  18.716 0.0000000000
154668  -45.410  23.989  17.502 0.0000000000
154669  -46.009  23.731  17.817 0.0000000000
154670  -46.628  23.432  18.156 0.0000000000
154671  -47.517  23.932  17.228 0.0000000000
154672  -47.375  23.581  17.863 0.0000000000
154673  -47.252  23.116  18.399 0.0000000000
154674  -47.813  22.588  18.398 0.0000000000
154686  -34.234  34.823  11.487 0.0000000000
154687  -34.306  34.020  11.605 0.0000000000
154688  -34.604  33.299  11.778 0.0000000000
154689  -34.941  33.928  10.409 0.0000000000
154690  -34.895  33.282  11.161 0.0000000000
154691  -34.925  32.639  11.923 0.0000000000
154692  -35.341  32.048  12.018 0.0000000000
154693  -35.825  31.546  12.111 0.0000000000
154694  -36.354  31.121  12.222 0.0000000000
154695  -37.743  33.850  8.572 0.0000000000
154696  -37.432  33.340  9.143 0.0000000000
154697  -37.212  32.829  9.765 0.0000000000
154698  -38.622  32.549  9.530 0.0000000000
154699  -37.776  32.429  9.957 0.0000000000
154700  -37.064  32.289  10.402 0.0000000000
154701  -36.954  31.755  11.035 0.0000000000
154702  -36.942  31.222  11.672 0.0000000000
154703  -37.013  30.706  12.293 0.0000000000
154704  -37.753  30.350  12.368 0.0000000000
154705  -38.558  29.946  12.377 0.0000000000
154706  -39.356  29.376  12.373 0.0000000000
154707  -40.084  30.143  11.478 0.0000000000
154708  -40.129  29.472  11.896 0.0000000000
154709  -40.179  28.820  12.344 0.0000000000
154710  -41.018  28.313  12.288 0.0000000000
154711  -41.879  27.792  12.217 0.0000000000
154712  -42.778  27.209  12.162 0.0000000000
154713  -45.033  34.191  6.651 0.0000000000
154714  -44.840  33.929  7.199 0.0000000000
154715  -44.683  33.563  7.676 0.0000000000
154716  -46.338  33.227  7.695 0.0000000000
154717  -45.427  33.272  7.904 0.0000000000
154718  -44.443  33.240  8.067 0.0000000000
154719  -44.199  32.927  8.436 0.0000000000
154720  -43.966  32.508  8.788 0.0000000000
154721  -43.757  31.989  9.275 0.0000000000
154723  -48.301  31.896  8.201 0.0000000000
154724  -47.429  31.907  8.591 0.0000000000
154726  -47.310  31.471  9.111 0.0000000000
154727  -46.491  31.906  8.974 0.0000000000
154728  -45.481  31.823  9.272 0.0000000000
154729  -44.571  31.607  9.527 0.0000000000
154730  -43.659  31.428  9.798 0.0000000000
154731  -43.584  30.867  10.184 0.0000000000
154732  -43.557  30.202  10.530 0.0000000000
154733  -43.536  29.500  10.820 0.0000000000
154734  -45.297  29.139  10.438 0.0000000000
154735  -44.407  28.953  10.751 0.0000000000
154736  -43.535  28.746  11.093 0.0000000000
154737  -43.580  27.996  11.420 0.0000000000
154738  -43.643  27.325  11.771 0.0000000000
154739  -43.701  26.709  12.121 0.0000000000
154740  -44.593  26.298  12.204 0.0000000000
154741  -45.486  25.915  12.278 0.0000000000
154742  -46.336  25.599  12.402 0.0000000000
154743  -47.038  26.196  11.487 0.0000000000
154744  -47.092  25.747  11.998 0.0000000000
154745  -47.192  25.316  12.694 0.0000000000
154746  -48.046  25.091  13.125 0.0000000000
