#!ascii label  , from subject fsaverage vox2ras=TkReg coords=white
2101
3  -22.079  41.541  24.060 0.0000000000
57  -38.426  36.109  28.731 0.0000000000
175  -26.310  45.020  16.421 0.0000000000
177  -29.409  34.648  23.044 0.0000000000
178  -35.247  43.635  19.999 0.0000000000
393  -40.982  37.265  20.541 0.0000000000
394  -37.308  45.252  12.834 0.0000000000
460  -38.476  27.985  33.638 0.0000000000
461  -30.638  32.408  34.199 0.0000000000
462  -25.081  35.757  32.486 0.0000000000
655  -23.335  42.604  18.966 0.0000000000
657  -24.118  36.325  21.855 0.0000000000
658  -27.032  39.013  18.157 0.0000000000
894  -40.414  37.417  25.062 0.0000000000
895  -33.656  47.955  17.362 0.0000000000
896  -36.822  45.505  17.163 0.0000000000
897  -35.069  49.984  13.596 0.0000000000
1011  -30.999  30.302  38.685 0.0000000000
1013  -27.406  32.943  32.591 0.0000000000
1467  -28.827  44.911  13.643 0.0000000000
1471  -34.421  36.686  26.698 0.0000000000
1472  -37.044  40.360  25.060 0.0000000000
1473  -32.301  38.889  20.978 0.0000000000
1474  -30.497  43.840  17.896 0.0000000000
1878  -39.622  42.449  21.085 0.0000000000
1879  -37.123  40.825  16.174 0.0000000000
2034  -37.935  30.641  29.586 0.0000000000
2036  -33.441  29.996  34.608 0.0000000000
2037  -33.909  32.421  29.528 0.0000000000
2038  -30.475  32.441  28.214 0.0000000000
2039  -25.554  32.758  26.356 0.0000000000
2040  -23.919  37.637  27.915 0.0000000000
2572  -22.178  44.582  23.789 0.0000000000
2574  -22.288  43.029  27.096 0.0000000000
2575  -22.785  42.041  21.380 0.0000000000
2576  -22.544  44.986  21.247 0.0000000000
2577  -22.585  38.690  22.724 0.0000000000
2578  -23.593  39.449  20.143 0.0000000000
2812  -40.327  34.939  28.660 0.0000000000
2813  -40.336  35.179  26.518 0.0000000000
2814  -39.572  37.301  27.383 0.0000000000
2815  -32.361  47.403  14.303 0.0000000000
2816  -34.743  49.275  15.921 0.0000000000
2817  -32.615  48.369  12.510 0.0000000000
3405  -27.753  45.577  14.960 0.0000000000
3407  -25.841  46.987  15.312 0.0000000000
3412  -32.117  35.518  24.621 0.0000000000
3413  -33.013  37.512  23.951 0.0000000000
3414  -30.623  36.768  22.042 0.0000000000
3415  -26.383  41.971  17.084 0.0000000000
3416  -28.856  41.136  17.472 0.0000000000
3417  -28.126  44.232  17.145 0.0000000000
3418  -29.789  45.955  16.769 0.0000000000
4125  -36.261  41.732  22.218 0.0000000000
4126  -39.024  41.938  23.606 0.0000000000
4127  -37.463  43.728  21.089 0.0000000000
4128  -36.931  45.364  15.177 0.0000000000
4129  -36.792  43.061  16.770 0.0000000000
4130  -35.887  42.574  14.295 0.0000000000
4131  -36.202  40.686  13.971 0.0000000000
4132  -36.155  42.611  11.956 0.0000000000
4134  -37.696  45.263  10.563 0.0000000000
4463  -40.137  29.781  29.733 0.0000000000
4464  -37.859  28.871  31.468 0.0000000000
4468  -30.462  32.104  37.269 0.0000000000
4469  -32.118  31.037  37.621 0.0000000000
4470  -31.954  31.655  34.890 0.0000000000
4471  -33.500  30.642  31.768 0.0000000000
4472  -32.276  31.750  31.576 0.0000000000
4473  -32.363  33.002  29.395 0.0000000000
4474  -30.691  32.137  30.990 0.0000000000
4475  -25.945  34.019  32.154 0.0000000000
4476  -26.507  32.308  29.237 0.0000000000
4477  -25.090  34.029  29.013 0.0000000000
4478  -24.083  34.949  26.685 0.0000000000
4479  -24.822  36.532  30.022 0.0000000000
4681  -24.947  39.407  31.113 0.0000000000
5787  -24.284  43.740  17.232 0.0000000000
5788  -24.346  46.629  17.151 0.0000000000
5789  -22.835  45.573  18.955 0.0000000000
5791  -26.572  34.882  21.961 0.0000000000
5792  -27.958  36.591  20.380 0.0000000000
5793  -25.394  37.586  19.715 0.0000000000
5794  -24.600  40.403  17.890 0.0000000000
6217  -40.646  34.992  24.268 0.0000000000
6219  -34.320  46.012  18.686 0.0000000000
6220  -36.500  45.484  19.105 0.0000000000
6221  -36.090  47.764  18.128 0.0000000000
6222  -36.951  48.186  16.080 0.0000000000
6223  -37.548  48.385  13.660 0.0000000000
6427  -29.352  30.765  37.453 0.0000000000
6428  -29.113  32.617  36.332 0.0000000000
6429  -29.184  32.656  33.388 0.0000000000
6430  -27.698  33.354  35.894 0.0000000000
6431  -26.175  33.906  34.999 0.0000000000
7263  -29.784  45.332  12.280 0.0000000000
7265  -26.367  45.311  11.571 0.0000000000
7273  -36.383  36.811  28.127 0.0000000000
7274  -37.605  38.599  27.469 0.0000000000
7275  -35.400  38.538  26.011 0.0000000000
7276  -34.641  39.542  23.098 0.0000000000
7277  -33.902  41.194  20.258 0.0000000000
7278  -29.512  38.643  19.262 0.0000000000
7279  -31.287  40.926  18.500 0.0000000000
7280  -32.956  43.567  18.424 0.0000000000
7281  -31.940  46.261  18.132 0.0000000000
7282  -31.350  46.296  15.640 0.0000000000
8250  -39.493  39.827  25.905 0.0000000000
8251  -40.807  40.124  23.327 0.0000000000
8252  -40.790  39.814  20.812 0.0000000000
8253  -37.689  43.802  18.883 0.0000000000
8254  -38.665  41.557  18.444 0.0000000000
8255  -39.102  39.131  18.582 0.0000000000
8256  -37.625  38.577  16.300 0.0000000000
8675  -40.424  32.343  29.197 0.0000000000
8676  -38.285  33.565  29.142 0.0000000000
8681  -34.291  29.286  36.987 0.0000000000
8682  -36.044  28.818  34.125 0.0000000000
8683  -35.524  29.593  31.611 0.0000000000
8684  -35.769  31.624  29.535 0.0000000000
8685  -36.125  34.378  28.851 0.0000000000
8686  -34.357  34.930  28.655 0.0000000000
8687  -32.407  34.371  27.123 0.0000000000
8688  -30.035  33.285  25.566 0.0000000000
8689  -28.578  31.893  30.143 0.0000000000
8690  -27.986  31.931  27.042 0.0000000000
8691  -27.129  33.052  24.172 0.0000000000
8692  -24.601  34.144  23.820 0.0000000000
8693  -23.002  36.471  24.558 0.0000000000
8694  -22.447  39.318  26.081 0.0000000000
8941  -23.553  40.789  28.860 0.0000000000
10252  -22.189  43.078  23.919 0.0000000000
10253  -22.011  43.807  25.352 0.0000000000
10254  -21.993  42.335  25.598 0.0000000000
10255  -22.464  41.787  22.625 0.0000000000
10256  -22.478  43.246  22.528 0.0000000000
10257  -22.181  40.063  23.374 0.0000000000
10258  -22.652  40.395  21.997 0.0000000000
10492  -39.422  35.723  28.891 0.0000000000
10493  -39.903  36.230  28.137 0.0000000000
10494  -39.150  36.880  28.378 0.0000000000
10496  -32.474  47.923  13.444 0.0000000000
11085  -27.176  45.520  15.796 0.0000000000
11086  -26.562  46.016  14.825 0.0000000000
11087  -26.080  46.082  15.831 0.0000000000
11092  -30.844  35.005  23.774 0.0000000000
11093  -31.327  36.040  23.412 0.0000000000
11094  -29.989  35.714  22.455 0.0000000000
11095  -26.287  43.419  16.834 0.0000000000
11096  -27.317  42.904  16.981 0.0000000000
11097  -27.206  44.483  16.713 0.0000000000
11098  -28.088  45.358  16.351 0.0000000000
11800  -41.030  36.158  21.508 0.0000000000
11802  -41.007  36.120  20.448 0.0000000000
11804  -40.405  36.997  19.581 0.0000000000
11805  -35.767  42.712  21.006 0.0000000000
11806  -36.919  42.885  21.778 0.0000000000
11807  -36.409  43.931  20.728 0.0000000000
11808  -37.110  45.240  14.015 0.0000000000
11809  -36.336  43.933  14.646 0.0000000000
11810  -36.380  43.866  13.484 0.0000000000
11811  -35.940  42.509  13.063 0.0000000000
11812  -36.610  43.926  12.319 0.0000000000
11813  -36.933  43.880  11.247 0.0000000000
11814  -37.497  45.334  11.738 0.0000000000
12142  -39.440  28.143  32.724 0.0000000000
12143  -39.002  28.633  31.532 0.0000000000
12144  -38.115  28.385  32.605 0.0000000000
12148  -30.492  32.547  35.936 0.0000000000
12149  -31.081  32.162  36.264 0.0000000000
12150  -31.245  32.036  34.568 0.0000000000
12151  -32.049  31.556  33.189 0.0000000000
12152  -31.422  32.002  32.885 0.0000000000
12153  -31.584  32.076  31.361 0.0000000000
12154  -30.787  32.202  32.435 0.0000000000
12155  -25.408  34.800  32.282 0.0000000000
12156  -25.519  33.851  30.590 0.0000000000
12157  -25.147  34.828  30.685 0.0000000000
12158  -24.765  35.230  29.304 0.0000000000
12159  -25.077  36.086  31.284 0.0000000000
13485  -23.633  43.134  17.944 0.0000000000
13486  -23.484  44.600  17.965 0.0000000000
13487  -23.126  44.146  19.047 0.0000000000
13489  -22.295  46.436  21.173 0.0000000000
13492  -25.213  35.435  21.753 0.0000000000
13493  -25.827  36.157  20.806 0.0000000000
13494  -24.723  36.926  20.779 0.0000000000
13495  -23.513  41.003  19.440 0.0000000000
13496  -24.085  39.880  18.861 0.0000000000
13497  -23.847  41.480  18.299 0.0000000000
13498  -24.388  42.068  17.485 0.0000000000
14200  -40.053  36.191  25.802 0.0000000000
14201  -40.361  35.024  25.379 0.0000000000
14202  -40.366  36.193  24.672 0.0000000000
14203  -40.727  36.295  23.596 0.0000000000
14204  -40.774  37.498  23.958 0.0000000000
14205  -34.032  47.254  18.313 0.0000000000
14206  -35.174  47.123  18.542 0.0000000000
14207  -34.938  48.177  17.965 0.0000000000
14208  -34.951  49.740  14.857 0.0000000000
14209  -36.087  49.164  16.233 0.0000000000
14210  -36.207  49.439  15.037 0.0000000000
14211  -37.183  48.254  14.811 0.0000000000
14212  -36.468  49.648  13.816 0.0000000000
14550  -28.583  30.959  36.872 0.0000000000
14551  -29.205  31.778  37.110 0.0000000000
14552  -28.506  32.031  36.660 0.0000000000
14553  -28.404  33.038  36.177 0.0000000000
14557  -25.340  32.962  34.588 0.0000000000
15975  -29.371  44.998  12.997 0.0000000000
15976  -28.090  45.012  11.775 0.0000000000
15977  -27.583  44.866  12.485 0.0000000000
15997  -35.400  36.903  27.612 0.0000000000
15998  -35.997  37.917  27.356 0.0000000000
15999  -34.880  37.566  26.386 0.0000000000
16000  -32.500  38.097  22.542 0.0000000000
16001  -33.698  38.540  23.503 0.0000000000
16002  -33.505  39.199  22.010 0.0000000000
16003  -34.415  40.307  21.562 0.0000000000
16004  -33.260  40.000  20.527 0.0000000000
16005  -27.434  37.764  19.161 0.0000000000
16006  -28.798  37.530  19.756 0.0000000000
16007  -28.293  38.686  18.600 0.0000000000
16008  -29.697  42.315  17.503 0.0000000000
16009  -30.121  40.959  17.942 0.0000000000
16010  -30.920  42.232  17.898 0.0000000000
16011  -32.183  42.209  18.445 0.0000000000
16012  -31.727  43.626  18.041 0.0000000000
16013  -32.400  44.823  18.213 0.0000000000
16014  -31.140  45.188  18.199 0.0000000000
16015  -29.478  45.428  15.191 0.0000000000
16016  -30.590  45.997  16.237 0.0000000000
16017  -30.198  45.433  14.615 0.0000000000
16018  -30.818  45.680  14.035 0.0000000000
18135  -37.318  39.641  26.460 0.0000000000
18136  -38.449  39.249  26.916 0.0000000000
18137  -38.358  40.326  25.771 0.0000000000
18138  -39.526  42.357  22.453 0.0000000000
18139  -40.175  41.358  23.621 0.0000000000
18140  -40.558  41.434  22.346 0.0000000000
18141  -40.994  39.992  22.073 0.0000000000
18142  -40.499  41.326  20.939 0.0000000000
18143  -36.788  45.538  18.181 0.0000000000
18144  -37.195  44.714  19.011 0.0000000000
18145  -37.095  44.475  17.983 0.0000000000
18146  -36.846  41.868  16.452 0.0000000000
18147  -37.593  42.224  17.527 0.0000000000
18148  -37.959  41.145  17.203 0.0000000000
18149  -38.898  40.403  18.424 0.0000000000
18150  -38.126  39.980  17.254 0.0000000000
18151  -38.310  38.762  17.415 0.0000000000
18152  -37.474  39.714  16.074 0.0000000000
18154  -36.451  39.738  13.983 0.0000000000
19145  -39.064  30.238  29.613 0.0000000000
19146  -40.276  30.967  29.310 0.0000000000
19147  -39.203  31.524  29.274 0.0000000000
19148  -39.380  33.036  29.161 0.0000000000
19149  -38.152  32.097  29.172 0.0000000000
19161  -32.755  30.708  36.225 0.0000000000
19162  -33.174  30.170  37.445 0.0000000000
19163  -33.879  29.646  35.842 0.0000000000
19164  -35.077  28.950  35.501 0.0000000000
19165  -34.645  29.259  34.389 0.0000000000
19166  -35.706  29.093  32.887 0.0000000000
19167  -34.409  29.532  33.035 0.0000000000
19168  -33.709  31.308  30.464 0.0000000000
19169  -34.568  30.813  30.459 0.0000000000
19170  -34.800  32.015  29.544 0.0000000000
19171  -36.017  33.012  29.109 0.0000000000
19172  -35.005  33.359  29.100 0.0000000000
19173  -35.270  34.748  28.746 0.0000000000
19174  -34.163  33.770  29.152 0.0000000000
19175  -31.462  32.790  28.895 0.0000000000
19176  -32.428  33.690  28.385 0.0000000000
19177  -31.392  33.271  27.577 0.0000000000
19178  -31.265  33.811  26.280 0.0000000000
19179  -30.353  32.807  26.905 0.0000000000
19180  -28.301  32.764  33.038 0.0000000000
19181  -28.909  32.256  31.741 0.0000000000
19182  -27.918  32.268  31.290 0.0000000000
19183  -26.014  32.441  27.769 0.0000000000
19184  -27.142  31.931  28.103 0.0000000000
19185  -26.693  32.218  26.585 0.0000000000
19186  -27.593  32.452  25.577 0.0000000000
19187  -26.182  32.732  25.165 0.0000000000
19188  -25.772  33.424  23.907 0.0000000000
19189  -25.003  33.369  25.023 0.0000000000
19190  -23.820  36.328  27.190 0.0000000000
19191  -23.542  35.601  25.564 0.0000000000
19192  -23.238  37.013  26.195 0.0000000000
19193  -22.634  37.929  25.268 0.0000000000
19194  -23.157  38.337  26.937 0.0000000000
19801  -22.831  40.010  27.490 0.0000000000
19802  -23.715  39.176  28.341 0.0000000000
19803  -24.340  39.838  32.208 0.0000000000
23062  -22.143  46.113  23.584 0.0000000000
23066  -22.857  43.705  28.564 0.0000000000
23067  -23.129  42.290  20.130 0.0000000000
23068  -22.923  43.775  20.115 0.0000000000
23069  -22.775  43.497  21.293 0.0000000000
23070  -22.398  44.761  22.520 0.0000000000
23071  -23.166  37.377  22.186 0.0000000000
23072  -23.780  37.835  20.924 0.0000000000
23073  -23.106  39.024  21.415 0.0000000000
23074  -23.113  40.719  20.733 0.0000000000
23495  -40.954  34.147  27.204 0.0000000000
23496  -40.433  35.250  27.665 0.0000000000
23497  -39.962  36.314  26.964 0.0000000000
23498  -39.910  37.401  26.227 0.0000000000
23499  -33.098  47.951  15.993 0.0000000000
23500  -34.395  48.719  16.760 0.0000000000
23501  -33.448  48.532  15.150 0.0000000000
23502  -33.588  49.041  14.260 0.0000000000
23503  -33.762  49.388  13.154 0.0000000000
24561  -28.294  45.130  14.218 0.0000000000
24562  -27.162  45.048  13.171 0.0000000000
24563  -26.903  45.613  14.003 0.0000000000
24564  -25.826  46.545  14.270 0.0000000000
24574  -33.312  36.123  25.636 0.0000000000
24575  -33.847  37.062  25.321 0.0000000000
24576  -32.612  36.484  24.331 0.0000000000
24577  -31.798  37.092  23.112 0.0000000000
24578  -31.379  37.798  21.419 0.0000000000
24579  -26.618  40.530  17.464 0.0000000000
24580  -27.935  40.052  17.756 0.0000000000
24581  -27.606  41.424  17.210 0.0000000000
24582  -28.415  42.513  17.229 0.0000000000
24583  -29.221  43.952  17.515 0.0000000000
24584  -29.968  45.393  17.776 0.0000000000
24585  -28.951  45.448  17.122 0.0000000000
24586  -28.802  45.561  15.774 0.0000000000
25857  -36.772  41.001  23.611 0.0000000000
25858  -38.096  41.189  24.394 0.0000000000
25859  -37.551  42.002  23.044 0.0000000000
25860  -38.209  42.782  22.282 0.0000000000
25861  -38.550  43.163  21.099 0.0000000000
25862  -36.848  45.493  16.147 0.0000000000
25863  -36.874  44.237  16.918 0.0000000000
25864  -36.554  44.060  15.821 0.0000000000
25865  -36.235  42.807  15.614 0.0000000000
25866  -36.156  41.613  15.346 0.0000000000
25867  -36.485  40.652  15.076 0.0000000000
25868  -35.893  41.507  14.132 0.0000000000
25869  -35.904  41.486  12.887 0.0000000000
25870  -36.108  41.514  11.759 0.0000000000
26463  -41.364  29.463  29.916 0.0000000000
26464  -40.151  29.011  30.621 0.0000000000
26465  -38.959  29.241  30.435 0.0000000000
26466  -37.899  29.638  30.465 0.0000000000
26472  -30.712  31.253  38.048 0.0000000000
26473  -31.611  30.958  38.409 0.0000000000
26474  -31.234  31.729  37.571 0.0000000000
26475  -31.921  31.589  36.474 0.0000000000
26476  -32.656  30.909  34.861 0.0000000000
26477  -33.386  30.175  33.191 0.0000000000
26478  -32.679  30.935  33.326 0.0000000000
26479  -32.811  31.249  31.789 0.0000000000
26480  -32.998  31.918  30.395 0.0000000000
26481  -33.183  32.798  29.644 0.0000000000
26482  -32.405  32.302  30.389 0.0000000000
26483  -31.557  32.313  30.046 0.0000000000
26484  -30.568  32.255  29.617 0.0000000000
26485  -26.627  33.350  32.327 0.0000000000
26486  -26.953  32.517  30.905 0.0000000000
26487  -26.148  33.008  30.629 0.0000000000
26488  -25.652  33.019  29.062 0.0000000000
26489  -25.127  33.263  27.606 0.0000000000
26490  -24.614  33.757  26.386 0.0000000000
26491  -24.569  34.453  27.820 0.0000000000
26492  -24.358  35.702  28.305 0.0000000000
26493  -24.365  37.033  28.907 0.0000000000
26857  -24.515  38.577  29.364 0.0000000000
26858  -24.895  38.011  30.483 0.0000000000
28863  -25.321  44.348  16.833 0.0000000000
28864  -25.213  45.706  16.581 0.0000000000
28865  -24.160  45.141  17.175 0.0000000000
28866  -23.407  46.107  17.943 0.0000000000
28867  -22.809  47.113  18.785 0.0000000000
28868  -22.533  45.284  20.090 0.0000000000
28869  -22.363  46.769  19.946 0.0000000000
28873  -27.939  34.584  22.418 0.0000000000
28874  -28.565  35.507  21.650 0.0000000000
28875  -27.167  35.723  21.136 0.0000000000
28876  -26.624  36.949  19.891 0.0000000000
28877  -26.108  38.207  18.740 0.0000000000
28878  -24.372  38.380  19.758 0.0000000000
28879  -24.958  38.906  18.670 0.0000000000
28880  -25.717  39.610  17.863 0.0000000000
28881  -25.357  41.165  17.320 0.0000000000
28882  -25.259  42.692  17.051 0.0000000000
29865  -40.862  34.050  26.097 0.0000000000
29869  -40.895  36.188  22.577 0.0000000000
29870  -40.942  37.343  21.730 0.0000000000
29871  -34.824  44.802  19.088 0.0000000000
29872  -35.968  44.862  19.720 0.0000000000
29873  -35.525  45.849  18.880 0.0000000000
29874  -36.204  46.463  18.433 0.0000000000
29875  -36.649  46.720  17.645 0.0000000000
29876  -35.718  48.821  17.243 0.0000000000
29877  -36.711  48.105  17.174 0.0000000000
29878  -36.951  46.880  16.589 0.0000000000
29879  -37.110  46.854  15.587 0.0000000000
29880  -37.347  46.766  14.493 0.0000000000
29881  -37.812  46.714  13.364 0.0000000000
29882  -38.239  46.781  12.196 0.0000000000
30353  -30.113  30.562  38.084 0.0000000000
30354  -29.914  31.482  37.615 0.0000000000
30355  -29.810  32.331  36.823 0.0000000000
30356  -29.861  32.786  35.459 0.0000000000
30357  -29.982  32.586  33.809 0.0000000000
30358  -29.174  32.932  35.002 0.0000000000
30359  -28.417  33.168  34.735 0.0000000000
30360  -27.702  33.589  34.440 0.0000000000
30362  -26.940  33.745  35.506 0.0000000000
30363  -26.981  33.909  34.006 0.0000000000
30364  -26.235  34.231  33.726 0.0000000000
30365  -25.538  34.732  33.643 0.0000000000
30366  -24.750  35.250  33.482 0.0000000000
30649  -24.096  36.043  33.172 0.0000000000
32342  -25.387  46.957  16.345 0.0000000000
32359  -37.361  36.507  28.456 0.0000000000
32360  -38.031  37.431  28.223 0.0000000000
32361  -36.999  37.855  27.894 0.0000000000
32362  -36.494  38.812  26.857 0.0000000000
32363  -36.109  39.500  25.556 0.0000000000
32364  -34.244  38.072  24.982 0.0000000000
32365  -34.910  39.071  24.542 0.0000000000
32366  -35.882  40.014  24.096 0.0000000000
32367  -35.601  40.586  22.596 0.0000000000
32368  -35.124  41.494  21.232 0.0000000000
32369  -34.592  42.438  20.135 0.0000000000
32370  -29.336  36.574  21.092 0.0000000000
32371  -30.227  37.566  20.489 0.0000000000
32372  -30.953  38.685  19.929 0.0000000000
32373  -29.129  39.837  18.230 0.0000000000
32374  -30.342  39.803  18.761 0.0000000000
32375  -31.749  39.819  19.541 0.0000000000
32376  -32.614  41.052  19.336 0.0000000000
32377  -33.440  42.282  19.168 0.0000000000
32378  -34.196  43.645  19.148 0.0000000000
32379  -33.597  44.761  18.462 0.0000000000
32380  -33.196  46.086  18.426 0.0000000000
32381  -32.823  47.186  17.846 0.0000000000
32382  -30.785  46.315  17.601 0.0000000000
32383  -31.655  46.710  17.176 0.0000000000
32384  -32.422  47.230  16.556 0.0000000000
32385  -31.993  46.845  15.058 0.0000000000
32386  -31.178  46.211  13.265 0.0000000000
35046  -38.728  38.153  27.691 0.0000000000
35047  -39.433  38.582  26.761 0.0000000000
35048  -40.259  38.715  25.631 0.0000000000
35049  -39.399  40.912  24.790 0.0000000000
35050  -40.348  40.116  24.617 0.0000000000
35051  -40.771  38.822  24.201 0.0000000000
35052  -40.932  38.788  23.052 0.0000000000
35053  -40.957  38.665  21.879 0.0000000000
35054  -40.948  38.455  20.631 0.0000000000
35055  -36.999  44.615  20.077 0.0000000000
35056  -37.757  43.991  20.066 0.0000000000
35057  -38.497  43.107  19.879 0.0000000000
35058  -37.306  43.435  17.790 0.0000000000
35059  -38.204  42.746  18.625 0.0000000000
35060  -39.304  42.130  19.662 0.0000000000
35061  -39.796  40.810  19.572 0.0000000000
35062  -40.060  39.453  19.601 0.0000000000
35063  -40.258  38.300  19.584 0.0000000000
35065  -38.344  37.554  17.715 0.0000000000
35067  -37.026  39.730  14.905 0.0000000000
36277  -41.379  30.496  29.453 0.0000000000
36279  -41.328  32.980  28.765 0.0000000000
36280  -40.552  33.752  29.075 0.0000000000
36281  -39.514  34.484  29.160 0.0000000000
36282  -38.442  34.912  29.039 0.0000000000
36291  -37.493  27.917  34.717 0.0000000000
36295  -32.548  30.154  38.486 0.0000000000
36296  -33.582  29.279  38.289 0.0000000000
36297  -34.388  28.378  37.631 0.0000000000
36298  -35.346  28.390  36.325 0.0000000000
36299  -36.321  28.474  35.135 0.0000000000
36300  -37.222  28.404  33.797 0.0000000000
36301  -36.898  28.685  32.692 0.0000000000
36302  -36.738  29.205  31.517 0.0000000000
36303  -36.676  30.073  30.447 0.0000000000
36304  -34.402  30.048  31.663 0.0000000000
36305  -35.615  30.425  30.433 0.0000000000
36306  -36.829  31.137  29.572 0.0000000000
36307  -37.047  32.584  29.094 0.0000000000
36308  -37.235  34.033  29.008 0.0000000000
36309  -37.352  35.324  28.747 0.0000000000
36310  -36.280  35.602  28.559 0.0000000000
36311  -35.426  35.901  28.330 0.0000000000
36312  -34.469  35.957  27.731 0.0000000000
36313  -33.285  33.914  28.990 0.0000000000
36314  -33.424  34.929  28.054 0.0000000000
36315  -33.417  35.626  26.837 0.0000000000
36316  -32.313  35.015  25.802 0.0000000000
36317  -31.133  34.384  24.972 0.0000000000
36318  -29.736  33.895  24.226 0.0000000000
36319  -29.895  32.317  32.115 0.0000000000
36320  -29.663  32.041  30.630 0.0000000000
36321  -29.510  31.996  29.016 0.0000000000
36322  -27.512  31.981  29.666 0.0000000000
36323  -28.315  31.777  28.589 0.0000000000
36324  -29.328  32.104  27.534 0.0000000000
36325  -28.994  32.499  26.143 0.0000000000
36326  -28.662  33.008  24.783 0.0000000000
36327  -28.302  33.699  23.528 0.0000000000
36328  -26.849  33.901  23.076 0.0000000000
36329  -25.493  34.365  22.767 0.0000000000
36330  -24.292  35.123  22.781 0.0000000000
36331  -24.115  34.327  25.188 0.0000000000
36332  -23.643  35.164  24.017 0.0000000000
36333  -23.312  36.206  23.067 0.0000000000
36334  -22.645  37.510  23.579 0.0000000000
36335  -22.195  38.953  24.365 0.0000000000
36336  -22.005  40.400  25.126 0.0000000000
37069  -22.232  41.114  26.592 0.0000000000
37070  -22.734  41.787  28.047 0.0000000000
37072  -24.485  40.054  29.882 0.0000000000
40972  -22.159  42.347  23.976 0.0000000000
40973  -22.044  42.716  24.754 0.0000000000
40974  -21.989  41.943  24.835 0.0000000000
40975  -22.287  41.672  23.320 0.0000000000
40976  -22.331  42.429  23.245 0.0000000000
40977  -22.081  40.785  23.640 0.0000000000
40978  -22.309  40.926  22.975 0.0000000000
41212  -38.928  35.958  28.851 0.0000000000
41213  -39.251  36.313  28.638 0.0000000000
41214  -38.793  36.540  28.606 0.0000000000
41805  -26.826  45.351  16.236 0.0000000000
41806  -26.574  45.745  15.758 0.0000000000
41807  -26.148  45.599  16.096 0.0000000000
41812  -30.144  34.797  23.406 0.0000000000
41813  -30.418  35.341  23.125 0.0000000000
41814  -29.685  35.178  22.696 0.0000000000
41815  -26.291  44.270  16.698 0.0000000000
41816  -26.760  43.947  16.773 0.0000000000
41817  -26.785  44.710  16.565 0.0000000000
41818  -27.254  45.119  16.365 0.0000000000
42520  -40.996  36.724  21.048 0.0000000000
42521  -41.047  36.136  20.993 0.0000000000
42522  -40.939  36.684  20.488 0.0000000000
42523  -40.723  36.562  19.995 0.0000000000
42524  -40.737  37.163  20.052 0.0000000000
42525  -35.515  43.184  20.470 0.0000000000
42526  -36.099  43.347  20.877 0.0000000000
42527  -35.840  43.780  20.369 0.0000000000
42528  -37.209  45.218  13.418 0.0000000000
42529  -36.752  44.557  13.730 0.0000000000
42530  -36.866  44.555  13.131 0.0000000000
42531  -36.490  43.893  12.881 0.0000000000
42532  -36.949  44.585  12.550 0.0000000000
42533  -37.038  44.622  12.003 0.0000000000
42534  -37.400  45.287  12.277 0.0000000000
42860  -39.140  27.851  33.696 0.0000000000
42861  -39.651  27.930  33.257 0.0000000000
42862  -38.970  28.076  33.136 0.0000000000
42863  -38.764  28.282  32.635 0.0000000000
42864  -38.289  28.195  33.115 0.0000000000
42868  -30.548  32.486  35.029 0.0000000000
42869  -30.870  32.310  35.240 0.0000000000
42870  -30.957  32.238  34.404 0.0000000000
42871  -31.334  31.981  33.730 0.0000000000
42872  -31.038  32.183  33.557 0.0000000000
42873  -31.124  32.138  32.676 0.0000000000
42874  -30.721  32.304  33.310 0.0000000000
42875  -25.243  35.246  32.335 0.0000000000
42876  -25.311  34.832  31.526 0.0000000000
42877  -25.203  35.366  31.649 0.0000000000
42878  -25.107  35.491  30.953 0.0000000000
42879  -25.106  35.902  31.909 0.0000000000
43081  -24.962  36.489  32.014 0.0000000000
43082  -24.844  36.255  32.504 0.0000000000
44205  -23.472  42.861  18.450 0.0000000000
44206  -23.318  43.581  18.478 0.0000000000
44207  -23.225  43.391  19.009 0.0000000000
44212  -24.618  35.854  21.795 0.0000000000
44213  -24.966  36.176  21.291 0.0000000000
44214  -24.395  36.603  21.352 0.0000000000
44215  -23.444  41.789  19.131 0.0000000000
44216  -23.663  41.178  18.815 0.0000000000
44217  -23.570  42.024  18.605 0.0000000000
44218  -23.736  42.305  18.113 0.0000000000
44920  -40.127  36.816  25.425 0.0000000000
44921  -40.116  36.090  25.246 0.0000000000
44922  -40.355  36.816  24.886 0.0000000000
44923  -40.557  36.879  24.339 0.0000000000
44924  -40.592  37.460  24.505 0.0000000000
44925  -33.865  47.722  17.857 0.0000000000
44926  -34.475  47.768  18.134 0.0000000000
44927  -34.294  48.148  17.688 0.0000000000
44928  -35.013  49.855  14.274 0.0000000000
44929  -35.617  49.690  15.011 0.0000000000
44930  -35.684  49.808  14.428 0.0000000000
44931  -36.317  49.534  14.483 0.0000000000
44932  -35.781  49.923  13.740 0.0000000000
44933  -35.927  50.064  13.116 0.0000000000
44934  -35.182  50.076  13.004 0.0000000000
46695  -29.099  44.907  13.318 0.0000000000
46696  -28.487  44.853  12.711 0.0000000000
46697  -28.218  44.830  13.030 0.0000000000
46717  -34.892  36.839  27.180 0.0000000000
46718  -35.146  37.305  27.039 0.0000000000
46719  -34.647  37.114  26.531 0.0000000000
46720  -32.435  38.464  21.741 0.0000000000
46721  -32.971  38.650  22.295 0.0000000000
46722  -32.917  39.041  21.482 0.0000000000
46723  -33.421  39.595  21.239 0.0000000000
46724  -32.765  39.439  20.713 0.0000000000
46725  -27.221  38.371  18.610 0.0000000000
46726  -27.899  38.191  18.852 0.0000000000
46727  -27.693  38.802  18.318 0.0000000000
46728  -30.088  43.059  17.687 0.0000000000
46729  -30.318  42.265  17.706 0.0000000000
46730  -30.678  43.000  17.824 0.0000000000
46731  -31.312  42.937  17.957 0.0000000000
46732  -31.106  43.771  18.007 0.0000000000
46733  -31.438  44.412  18.108 0.0000000000
46734  -30.813  44.551  18.088 0.0000000000
46735  -29.237  45.145  14.404 0.0000000000
46736  -29.830  45.404  14.916 0.0000000000
46737  -29.558  45.116  14.112 0.0000000000
46738  -29.855  45.154  13.792 0.0000000000
48855  -37.166  39.974  25.800 0.0000000000
48856  -37.832  39.961  26.155 0.0000000000
48857  -37.721  40.328  25.497 0.0000000000
48858  -39.623  42.461  21.801 0.0000000000
48859  -40.091  41.949  22.444 0.0000000000
48860  -40.211  42.045  21.747 0.0000000000
48861  -40.643  41.445  21.643 0.0000000000
48862  -40.083  41.956  21.016 0.0000000000
48863  -36.796  45.523  17.690 0.0000000000
48864  -36.974  45.007  18.082 0.0000000000
48865  -36.925  44.897  17.539 0.0000000000
48866  -36.982  41.324  16.349 0.0000000000
48867  -37.409  41.502  16.821 0.0000000000
48868  -37.533  40.968  16.677 0.0000000000
48869  -38.041  40.531  17.188 0.0000000000
48870  -37.619  40.357  16.594 0.0000000000
48871  -37.738  39.825  16.685 0.0000000000
48872  -37.310  40.274  16.070 0.0000000000
49865  -38.500  30.431  29.584 0.0000000000
49866  -39.118  30.846  29.412 0.0000000000
49867  -38.578  31.067  29.377 0.0000000000
49868  -38.667  31.791  29.193 0.0000000000
49869  -38.055  31.321  29.323 0.0000000000
49878  -31.090  29.703  39.034 0.0000000000
49879  -31.589  29.494  39.369 0.0000000000
49880  -31.470  30.070  39.004 0.0000000000
49881  -33.069  30.338  35.431 0.0000000000
49882  -33.294  30.159  36.026 0.0000000000
49883  -33.617  29.843  35.266 0.0000000000
49884  -34.231  29.431  35.108 0.0000000000
49885  -34.036  29.563  34.490 0.0000000000
49886  -34.470  29.368  33.705 0.0000000000
49887  -33.878  29.669  33.812 0.0000000000
49888  -33.799  31.805  29.944 0.0000000000
49889  -34.246  31.580  29.927 0.0000000000
49890  -34.336  32.185  29.541 0.0000000000
49891  -34.905  32.677  29.312 0.0000000000
49892  -34.457  32.895  29.306 0.0000000000
49893  -34.578  33.586  29.121 0.0000000000
49894  -34.042  33.104  29.332 0.0000000000
49895  -30.975  32.602  28.551 0.0000000000
49896  -31.431  33.047  28.220 0.0000000000
49897  -30.953  32.828  27.892 0.0000000000
49898  -30.867  33.026  27.249 0.0000000000
49899  -30.434  32.598  27.534 0.0000000000
49900  -27.860  32.859  32.888 0.0000000000
49901  -28.128  32.506  32.156 0.0000000000
49902  -27.661  32.561  31.945 0.0000000000
49903  -25.763  32.591  27.049 0.0000000000
49904  -26.332  32.256  27.161 0.0000000000
49905  -26.088  32.456  26.444 0.0000000000
49906  -26.433  32.461  25.863 0.0000000000
49907  -25.821  32.708  25.731 0.0000000000
49908  -25.546  33.012  25.034 0.0000000000
49909  -25.261  33.048  25.665 0.0000000000
49910  -23.859  36.969  27.532 0.0000000000
49911  -23.542  36.614  26.683 0.0000000000
49912  -23.560  37.297  27.019 0.0000000000
49913  -23.196  37.675  26.571 0.0000000000
49914  -23.574  37.958  27.394 0.0000000000
50521  -23.411  38.757  27.621 0.0000000000
50522  -23.857  38.390  28.076 0.0000000000
53797  -22.140  45.374  23.684 0.0000000000
53798  -22.063  45.782  24.297 0.0000000000
53799  -22.096  45.003  24.455 0.0000000000
53800  -22.080  43.455  26.228 0.0000000000
53801  -22.065  44.195  26.141 0.0000000000
53802  -22.210  43.807  27.027 0.0000000000
53803  -22.478  44.167  27.767 0.0000000000
53804  -22.536  43.378  27.861 0.0000000000
53805  -23.010  42.154  20.747 0.0000000000
53806  -22.964  42.888  20.727 0.0000000000
53807  -22.806  42.779  21.357 0.0000000000
53808  -22.304  43.884  23.165 0.0000000000
53809  -22.421  43.978  22.525 0.0000000000
53810  -22.251  44.659  23.156 0.0000000000
53811  -22.246  45.422  23.072 0.0000000000
53812  -22.850  38.008  22.427 0.0000000000
53813  -23.116  38.197  21.810 0.0000000000
53814  -22.828  38.839  22.072 0.0000000000
53815  -22.702  41.237  21.639 0.0000000000
53816  -22.881  40.564  21.330 0.0000000000
53817  -22.921  41.388  20.978 0.0000000000
53818  -23.168  41.487  20.401 0.0000000000
54517  -40.699  34.486  28.421 0.0000000000
54518  -40.736  34.652  27.948 0.0000000000
54519  -40.482  35.128  28.215 0.0000000000
54520  -39.706  36.723  27.743 0.0000000000
54521  -39.977  36.310  27.554 0.0000000000
54522  -39.814  36.796  27.164 0.0000000000
54523  -39.864  36.820  26.597 0.0000000000
54524  -39.735  37.410  26.841 0.0000000000
54525  -32.804  47.714  15.214 0.0000000000
54526  -33.367  48.245  15.625 0.0000000000
54527  -32.917  48.028  14.751 0.0000000000
54528  -32.510  48.168  12.999 0.0000000000
54529  -32.984  48.529  13.884 0.0000000000
54530  -33.047  48.722  13.381 0.0000000000
54531  -33.659  49.240  13.743 0.0000000000
54532  -33.168  48.908  12.854 0.0000000000
54533  -33.355  49.108  12.325 0.0000000000
54534  -32.795  48.545  12.031 0.0000000000
56295  -28.032  45.403  14.605 0.0000000000
56296  -27.550  45.306  14.058 0.0000000000
56297  -27.343  45.570  14.456 0.0000000000
56298  -26.145  46.486  15.006 0.0000000000
56299  -26.194  46.238  14.474 0.0000000000
56300  -25.849  46.853  14.754 0.0000000000
56301  -25.499  47.157  14.518 0.0000000000
56302  -25.588  47.351  15.070 0.0000000000
56317  -32.725  35.815  25.099 0.0000000000
56318  -33.051  36.253  24.918 0.0000000000
56319  -32.405  35.988  24.448 0.0000000000
56320  -30.890  36.362  22.778 0.0000000000
56321  -31.529  36.559  23.280 0.0000000000
56322  -31.186  36.910  22.571 0.0000000000
56323  -31.523  37.444  22.296 0.0000000000
56324  -30.985  37.317  21.753 0.0000000000
56325  -26.483  41.247  17.248 0.0000000000
56326  -27.107  40.982  17.335 0.0000000000
56327  -26.992  41.676  17.150 0.0000000000
56328  -27.710  43.485  17.008 0.0000000000
56329  -27.857  42.688  17.100 0.0000000000
56330  -28.242  43.348  17.186 0.0000000000
56331  -28.843  43.211  17.349 0.0000000000
56332  -28.637  44.113  17.332 0.0000000000
56333  -29.015  44.827  17.454 0.0000000000
56334  -28.538  44.886  17.162 0.0000000000
56335  -28.001  45.583  15.649 0.0000000000
56336  -28.473  45.544  16.041 0.0000000000
56337  -28.339  45.528  15.311 0.0000000000
56338  -28.643  45.411  14.993 0.0000000000
58455  -36.548  41.296  22.922 0.0000000000
58456  -37.244  41.500  23.301 0.0000000000
58457  -36.886  41.880  22.651 0.0000000000
58458  -37.208  43.412  21.505 0.0000000000
58459  -37.528  42.850  22.061 0.0000000000
58460  -37.802  43.210  21.655 0.0000000000
58461  -38.439  43.032  21.710 0.0000000000
58462  -37.974  43.459  21.136 0.0000000000
58463  -36.891  45.406  15.678 0.0000000000
58464  -36.759  44.703  15.960 0.0000000000
58465  -36.712  44.682  15.456 0.0000000000
58466  -36.057  43.241  14.437 0.0000000000
58467  -36.178  43.347  15.083 0.0000000000
58468  -35.999  42.677  14.957 0.0000000000
58469  -36.155  42.193  15.496 0.0000000000
58470  -35.907  42.098  14.863 0.0000000000
58471  -35.953  41.589  14.755 0.0000000000
58472  -35.809  41.999  14.236 0.0000000000
58473  -36.027  42.588  12.505 0.0000000000
58474  -35.876  41.950  12.947 0.0000000000
58475  -35.931  42.006  12.379 0.0000000000
58476  -35.976  41.493  12.305 0.0000000000
58477  -36.085  42.019  11.827 0.0000000000
58478  -36.289  41.985  11.305 0.0000000000
58479  -36.370  42.578  11.435 0.0000000000
58480  -37.294  44.563  10.902 0.0000000000
58481  -37.066  43.847  10.693 0.0000000000
58482  -37.355  44.512  10.307 0.0000000000
58483  -37.536  44.483  9.770 0.0000000000
58484  -37.760  45.188  9.977 0.0000000000
59465  -38.406  28.712  31.488 0.0000000000
59466  -38.968  28.908  30.959 0.0000000000
59467  -38.356  29.100  30.910 0.0000000000
59468  -38.388  29.463  30.418 0.0000000000
59469  -37.839  29.224  30.962 0.0000000000
59478  -30.559  31.646  37.681 0.0000000000
59479  -30.960  31.516  37.859 0.0000000000
59480  -30.799  31.939  37.412 0.0000000000
59481  -31.535  31.913  35.563 0.0000000000
59482  -31.515  31.897  36.398 0.0000000000
59483  -31.925  31.662  35.722 0.0000000000
59484  -32.294  31.308  35.718 0.0000000000
59485  -32.301  31.342  34.987 0.0000000000
59486  -32.654  30.925  34.107 0.0000000000
59487  -32.325  31.305  34.153 0.0000000000
59488  -32.165  31.601  32.325 0.0000000000
59489  -32.446  31.370  32.522 0.0000000000
59490  -32.486  31.508  31.706 0.0000000000
59491  -32.884  31.534  31.053 0.0000000000
59492  -32.602  31.795  31.009 0.0000000000
59493  -32.725  32.130  30.420 0.0000000000
59494  -32.370  32.024  30.968 0.0000000000
59495  -31.137  32.126  31.171 0.0000000000
59496  -31.581  32.108  30.646 0.0000000000
59497  -31.050  32.177  30.505 0.0000000000
59498  -31.036  32.317  29.855 0.0000000000
59499  -30.606  32.166  30.305 0.0000000000
59500  -26.266  33.648  32.203 0.0000000000
59501  -26.398  33.162  31.480 0.0000000000
59502  -26.045  33.500  31.398 0.0000000000
59503  -25.301  33.898  29.780 0.0000000000
59504  -25.538  33.389  29.783 0.0000000000
59505  -25.343  33.495  29.014 0.0000000000
59506  -25.421  33.126  28.333 0.0000000000
59507  -25.088  33.644  28.315 0.0000000000
59508  -24.797  33.826  27.678 0.0000000000
59509  -24.819  34.234  28.408 0.0000000000
59510  -24.795  35.898  29.676 0.0000000000
59511  -24.590  35.496  28.805 0.0000000000
59512  -24.561  36.121  29.084 0.0000000000
59513  -24.326  36.368  28.534 0.0000000000
59514  -24.598  36.769  29.448 0.0000000000
60121  -24.628  37.513  29.661 0.0000000000
60122  -24.815  37.275  30.205 0.0000000000
63495  -24.780  44.039  17.005 0.0000000000
63496  -24.687  44.738  16.954 0.0000000000
63497  -24.201  44.430  17.220 0.0000000000
63498  -23.180  45.046  18.568 0.0000000000
63499  -23.445  45.331  17.975 0.0000000000
63500  -23.100  45.815  18.452 0.0000000000
63501  -23.064  46.551  18.346 0.0000000000
63502  -22.788  46.329  18.862 0.0000000000
63503  -22.722  44.361  20.662 0.0000000000
63504  -22.733  44.508  20.087 0.0000000000
63505  -22.546  45.120  20.651 0.0000000000
63517  -27.248  34.702  22.195 0.0000000000
63518  -27.542  35.139  21.776 0.0000000000
63519  -26.881  35.283  21.558 0.0000000000
63520  -25.585  36.862  20.260 0.0000000000
63521  -26.202  36.513  20.350 0.0000000000
63522  -25.970  37.178  19.789 0.0000000000
63523  -26.372  37.586  19.328 0.0000000000
63524  -25.739  37.878  19.224 0.0000000000
63525  -23.662  38.643  20.529 0.0000000000
63526  -24.065  38.126  20.321 0.0000000000
63527  -23.911  38.901  19.869 0.0000000000
63528  -24.336  40.137  18.360 0.0000000000
63529  -24.491  39.332  18.733 0.0000000000
63530  -24.791  39.632  18.234 0.0000000000
63531  -25.278  39.228  18.154 0.0000000000
63532  -25.130  39.980  17.834 0.0000000000
63533  -25.523  40.380  17.544 0.0000000000
63534  -24.971  40.771  17.583 0.0000000000
63535  -24.290  42.923  17.322 0.0000000000
63536  -24.777  42.364  17.201 0.0000000000
63537  -24.735  43.200  17.121 0.0000000000
63538  -25.272  43.517  16.966 0.0000000000
65640  -40.666  34.703  26.916 0.0000000000
65641  -40.930  34.149  26.670 0.0000000000
65642  -40.607  34.613  26.299 0.0000000000
65643  -40.486  34.995  24.780 0.0000000000
65644  -40.602  34.457  25.140 0.0000000000
65645  -40.706  34.459  24.608 0.0000000000
65646  -41.006  33.983  24.391 0.0000000000
65647  -40.861  34.490  24.080 0.0000000000
65648  -40.999  34.541  23.577 0.0000000000
65649  -40.828  35.017  23.748 0.0000000000
65650  -40.824  36.852  23.210 0.0000000000
65651  -40.835  36.228  23.064 0.0000000000
65652  -40.846  36.800  22.686 0.0000000000
65653  -40.858  36.764  22.202 0.0000000000
65654  -40.838  37.429  22.336 0.0000000000
65655  -34.528  45.382  18.761 0.0000000000
65656  -35.187  45.421  18.991 0.0000000000
65657  -34.949  45.950  18.752 0.0000000000
65658  -35.658  47.506  18.417 0.0000000000
65659  -35.750  46.843  18.517 0.0000000000
65660  -36.208  47.134  18.308 0.0000000000
65661  -36.444  46.618  18.075 0.0000000000
65662  -36.495  47.299  17.954 0.0000000000
65663  -34.578  49.008  16.369 0.0000000000
65664  -35.066  48.856  17.067 0.0000000000
65665  -35.278  49.109  16.613 0.0000000000
65666  -36.603  48.743  16.215 0.0000000000
65667  -36.563  48.739  16.789 0.0000000000
65668  -36.874  48.143  16.644 0.0000000000
65669  -36.932  47.516  16.927 0.0000000000
65670  -37.052  47.578  16.387 0.0000000000
65671  -37.067  46.924  16.103 0.0000000000
65672  -37.124  47.597  15.822 0.0000000000
65673  -37.293  48.337  14.266 0.0000000000
65674  -37.318  47.538  14.668 0.0000000000
65675  -37.519  47.573  14.109 0.0000000000
65676  -37.571  46.729  13.925 0.0000000000
65677  -37.763  47.551  13.519 0.0000000000
65678  -38.000  47.531  12.903 0.0000000000
65679  -37.853  48.380  13.018 0.0000000000
66681  -29.094  30.308  37.175 0.0000000000
66682  -29.304  29.759  37.247 0.0000000000
66683  -29.530  30.189  37.513 0.0000000000
66684  -29.900  30.122  37.870 0.0000000000
66685  -29.735  30.640  37.762 0.0000000000
66686  -30.030  31.031  37.877 0.0000000000
66687  -29.618  31.126  37.602 0.0000000000
66688  -29.189  32.241  36.797 0.0000000000
66689  -29.551  32.051  36.984 0.0000000000
66690  -29.491  32.472  36.553 0.0000000000
66691  -29.809  32.710  36.273 0.0000000000
66692  -29.450  32.781  35.994 0.0000000000
66693  -29.508  32.850  35.187 0.0000000000
66694  -29.114  32.840  35.728 0.0000000000
66695  -28.082  33.246  36.058 0.0000000000
66696  -28.410  33.158  35.505 0.0000000000
66697  -28.124  33.447  35.402 0.0000000000
66698  -28.060  33.372  34.564 0.0000000000
66699  -27.720  33.621  35.288 0.0000000000
66703  -26.116  33.404  35.274 0.0000000000
66704  -26.519  33.322  35.605 0.0000000000
66705  -26.572  33.873  35.304 0.0000000000
66706  -26.990  33.950  34.818 0.0000000000
66707  -26.664  34.079  34.620 0.0000000000
66708  -26.617  34.031  33.857 0.0000000000
66709  -26.282  34.226  34.473 0.0000000000
70965  -29.970  45.585  11.893 0.0000000000
70966  -29.326  45.487  11.218 0.0000000000
70967  -29.144  45.229  11.626 0.0000000000
70968  -27.183  45.056  11.625 0.0000000000
70969  -27.419  45.137  11.217 0.0000000000
70970  -26.600  45.326  11.176 0.0000000000
70971  -25.971  45.717  10.748 0.0000000000
70972  -25.812  45.695  11.177 0.0000000000
70988  -24.769  46.158  16.820 0.0000000000
70989  -25.346  46.395  16.495 0.0000000000
70990  -24.944  46.849  16.843 0.0000000000
71032  -36.859  36.673  28.311 0.0000000000
71033  -37.181  37.204  28.227 0.0000000000
71034  -36.701  37.345  28.052 0.0000000000
71035  -35.716  38.302  26.727 0.0000000000
71036  -36.255  38.370  27.127 0.0000000000
71037  -35.970  38.730  26.467 0.0000000000
71038  -36.314  39.183  26.253 0.0000000000
71039  -35.702  39.039  25.797 0.0000000000
71040  -33.447  37.275  24.661 0.0000000000
71041  -34.027  37.547  25.186 0.0000000000
71042  -33.667  37.783  24.406 0.0000000000
71043  -34.166  39.044  23.306 0.0000000000
71044  -34.299  38.810  23.993 0.0000000000
71045  -34.791  39.300  23.813 0.0000000000
71046  -35.403  39.565  24.320 0.0000000000
71047  -35.333  39.789  23.583 0.0000000000
71048  -35.775  40.284  23.337 0.0000000000
71049  -35.151  40.054  22.833 0.0000000000
71050  -34.185  40.711  20.856 0.0000000000
71051  -34.784  40.908  21.390 0.0000000000
71052  -34.517  41.331  20.727 0.0000000000
71053  -34.808  41.932  20.644 0.0000000000
71054  -34.256  41.800  20.192 0.0000000000
71055  -28.229  36.053  21.009 0.0000000000
71056  -28.927  36.050  21.373 0.0000000000
71057  -28.596  36.569  20.673 0.0000000000
71058  -29.192  38.082  19.495 0.0000000000
71059  -29.537  37.523  20.122 0.0000000000
71060  -29.883  38.095  19.812 0.0000000000
71061  -30.579  38.128  20.166 0.0000000000
71062  -30.240  38.674  19.550 0.0000000000
71063  -28.386  40.609  17.563 0.0000000000
71064  -28.545  39.904  17.968 0.0000000000
71065  -29.013  40.465  17.760 0.0000000000
71066  -30.694  40.926  18.180 0.0000000000
71067  -30.215  40.374  18.326 0.0000000000
71068  -30.809  40.356  18.605 0.0000000000
71069  -31.027  39.808  19.146 0.0000000000
71070  -31.451  40.399  18.995 0.0000000000
71071  -32.196  40.427  19.364 0.0000000000
71072  -31.935  40.989  18.905 0.0000000000
71073  -32.593  42.881  18.418 0.0000000000
71074  -32.807  42.219  18.785 0.0000000000
71075  -33.240  42.934  18.742 0.0000000000
71076  -33.833  42.979  19.153 0.0000000000
71077  -33.633  43.613  18.698 0.0000000000
71078  -33.917  44.185  18.696 0.0000000000
71079  -33.275  44.175  18.397 0.0000000000
71080  -32.151  45.593  18.250 0.0000000000
71081  -32.794  45.402  18.285 0.0000000000
71082  -32.572  46.186  18.281 0.0000000000
71083  -33.011  46.878  18.346 0.0000000000
71084  -32.366  46.837  18.088 0.0000000000
71085  -29.850  45.866  17.391 0.0000000000
71086  -30.370  45.956  17.758 0.0000000000
71087  -30.281  46.197  17.217 0.0000000000
71088  -30.982  46.097  15.958 0.0000000000
71089  -31.116  46.357  16.721 0.0000000000
71090  -31.521  46.531  16.415 0.0000000000
71091  -32.061  46.947  16.878 0.0000000000
71092  -31.887  46.774  16.114 0.0000000000
71093  -32.219  47.095  15.840 0.0000000000
71094  -31.689  46.526  15.347 0.0000000000
71095  -30.335  45.476  13.121 0.0000000000
71096  -31.014  45.965  13.652 0.0000000000
71097  -30.525  45.715  12.735 0.0000000000
71098  -30.613  45.948  12.335 0.0000000000
77445  -37.760  38.083  27.891 0.0000000000
77446  -38.370  37.825  27.966 0.0000000000
77447  -38.179  38.411  27.641 0.0000000000
77448  -38.976  39.607  26.484 0.0000000000
77449  -38.987  38.971  26.920 0.0000000000
77450  -39.493  39.215  26.371 0.0000000000
77451  -39.844  38.696  26.177 0.0000000000
77452  -39.968  39.353  25.785 0.0000000000
77453  -38.561  41.598  24.030 0.0000000000
77454  -38.764  41.159  24.652 0.0000000000
77455  -39.256  41.451  24.196 0.0000000000
77456  -40.561  40.803  23.484 0.0000000000
77457  -40.318  40.761  24.101 0.0000000000
77458  -40.619  40.179  23.924 0.0000000000
77459  -40.636  39.505  24.456 0.0000000000
77460  -40.787  39.560  23.755 0.0000000000
77461  -40.868  38.885  23.625 0.0000000000
77462  -40.885  39.454  23.142 0.0000000000
77463  -40.961  39.935  21.434 0.0000000000
77464  -40.987  39.322  21.979 0.0000000000
77465  -40.954  39.236  21.365 0.0000000000
77466  -40.965  38.553  21.246 0.0000000000
77467  -40.869  39.117  20.726 0.0000000000
77468  -36.248  45.239  19.452 0.0000000000
77469  -36.553  44.806  19.991 0.0000000000
77470  -36.748  45.028  19.574 0.0000000000
77471  -37.475  44.272  18.977 0.0000000000
77472  -37.472  44.373  19.553 0.0000000000
77473  -37.767  43.938  19.474 0.0000000000
77474  -38.121  43.541  20.003 0.0000000000
77475  -38.084  43.437  19.375 0.0000000000
77476  -36.809  43.617  16.858 0.0000000000
77477  -37.028  43.776  17.380 0.0000000000
77478  -37.059  43.226  17.299 0.0000000000
77479  -38.121  41.868  17.940 0.0000000000
77480  -37.891  42.499  18.029 0.0000000000
77481  -38.446  42.159  18.497 0.0000000000
77482  -38.760  42.455  19.078 0.0000000000
77483  -38.999  41.837  19.042 0.0000000000
77484  -39.539  41.514  19.613 0.0000000000
77485  -39.179  41.242  18.987 0.0000000000
77486  -39.009  39.766  18.507 0.0000000000
77487  -39.479  39.898  19.056 0.0000000000
77488  -39.604  39.284  19.065 0.0000000000
77489  -40.162  38.867  19.571 0.0000000000
77490  -39.723  38.716  19.106 0.0000000000
77491  -39.777  38.136  19.109 0.0000000000
77492  -39.179  38.516  18.662 0.0000000000
77493  -37.938  38.653  16.865 0.0000000000
77494  -38.333  38.130  17.569 0.0000000000
77495  -37.973  38.074  17.023 0.0000000000
77496  -37.917  37.495  17.190 0.0000000000
77497  -37.569  38.010  16.496 0.0000000000
77498  -36.323  40.672  14.513 0.0000000000
77499  -36.742  40.218  14.970 0.0000000000
77500  -36.566  40.247  14.455 0.0000000000
80470  -40.788  29.603  29.804 0.0000000000
80471  -41.378  29.947  29.630 0.0000000000
80472  -40.811  30.104  29.532 0.0000000000
80473  -40.360  31.652  29.263 0.0000000000
80474  -40.877  31.357  29.293 0.0000000000
80475  -40.922  32.043  29.213 0.0000000000
80476  -41.444  32.382  29.042 0.0000000000
80477  -40.939  32.717  29.120 0.0000000000
80478  -40.936  33.350  28.906 0.0000000000
80479  -40.487  33.054  29.120 0.0000000000
80480  -38.853  33.359  29.154 0.0000000000
80481  -39.460  33.782  29.175 0.0000000000
80482  -38.925  34.062  29.163 0.0000000000
80483  -38.977  34.731  29.119 0.0000000000
80484  -38.379  34.251  29.108 0.0000000000
80516  -31.848  31.082  38.104 0.0000000000
80517  -32.063  30.612  38.478 0.0000000000
80518  -32.336  30.628  38.052 0.0000000000
80519  -33.743  29.698  37.197 0.0000000000
80520  -33.444  29.769  37.940 0.0000000000
80521  -33.936  29.318  37.687 0.0000000000
80522  -34.006  28.842  37.938 0.0000000000
80523  -34.427  28.926  37.377 0.0000000000
80524  -34.878  28.427  36.979 0.0000000000
80525  -34.803  28.843  36.691 0.0000000000
80526  -35.568  28.916  34.832 0.0000000000
80527  -35.695  28.716  35.290 0.0000000000
80528  -36.163  28.681  34.673 0.0000000000
80529  -36.816  28.500  34.501 0.0000000000
80530  -36.647  28.623  33.975 0.0000000000
80531  -37.059  28.554  33.260 0.0000000000
80532  -36.489  28.735  33.413 0.0000000000
80533  -35.574  29.273  32.203 0.0000000000
80534  -36.254  29.148  32.152 0.0000000000
80535  -36.126  29.426  31.532 0.0000000000
80536  -36.672  29.614  30.958 0.0000000000
80537  -36.076  29.792  30.964 0.0000000000
80538  -33.422  30.378  32.494 0.0000000000
80539  -33.865  30.049  32.413 0.0000000000
80540  -33.908  30.320  31.742 0.0000000000
80541  -35.115  31.144  29.875 0.0000000000
80542  -35.063  30.635  30.444 0.0000000000
80543  -35.662  30.960  29.909 0.0000000000
80544  -36.219  30.755  29.947 0.0000000000
80545  -36.296  31.381  29.575 0.0000000000
80546  -36.906  31.783  29.270 0.0000000000
80547  -36.399  32.106  29.277 0.0000000000
80548  -36.065  33.696  28.995 0.0000000000
80549  -36.617  33.529  29.015 0.0000000000
80550  -36.662  34.210  28.932 0.0000000000
80551  -37.287  34.707  28.927 0.0000000000
80552  -36.714  34.839  28.802 0.0000000000
80553  -36.788  35.401  28.634 0.0000000000
80554  -36.213  35.046  28.699 0.0000000000
80555  -34.819  34.830  28.734 0.0000000000
80556  -35.373  35.345  28.565 0.0000000000
80557  -34.891  35.364  28.461 0.0000000000
80558  -34.934  35.889  28.091 0.0000000000
80559  -34.430  35.460  28.224 0.0000000000
80560  -32.788  32.931  29.579 0.0000000000
80561  -33.234  33.337  29.341 0.0000000000
80562  -32.805  33.414  29.184 0.0000000000
80563  -32.444  34.047  27.767 0.0000000000
80564  -32.923  34.369  28.268 0.0000000000
80565  -32.959  34.737  27.662 0.0000000000
80566  -33.469  35.301  27.457 0.0000000000
80567  -32.945  35.043  26.985 0.0000000000
80568  -32.859  35.319  26.311 0.0000000000
80569  -32.355  34.689  26.470 0.0000000000
80570  -30.672  33.527  25.924 0.0000000000
80571  -31.216  34.106  25.629 0.0000000000
80572  -30.603  33.821  25.261 0.0000000000
80573  -30.455  34.114  24.587 0.0000000000
80574  -29.923  33.579  24.888 0.0000000000
80575  -29.600  32.679  33.627 0.0000000000
80576  -30.001  32.460  32.925 0.0000000000
80577  -29.527  32.492  32.737 0.0000000000
80578  -28.741  32.059  30.940 0.0000000000
80579  -29.254  32.102  31.150 0.0000000000
80580  -29.146  31.949  30.369 0.0000000000
80581  -29.609  32.009  29.798 0.0000000000
80582  -29.017  31.835  29.577 0.0000000000
80583  -26.727  32.378  30.063 0.0000000000
80584  -27.205  32.199  30.260 0.0000000000
80585  -27.014  32.130  29.459 0.0000000000
80586  -27.543  31.883  27.545 0.0000000000
80587  -27.709  31.807  28.319 0.0000000000
80588  -28.173  31.816  27.819 0.0000000000
80589  -28.807  31.896  28.003 0.0000000000
80590  -28.664  31.976  27.249 0.0000000000
80591  -29.176  32.277  26.833 0.0000000000
80592  -28.471  32.203  26.528 0.0000000000
80593  -27.391  32.732  24.854 0.0000000000
80594  -28.138  32.703  25.131 0.0000000000
80595  -27.914  32.987  24.444 0.0000000000
80596  -28.478  33.323  24.133 0.0000000000
80597  -27.735  33.357  23.845 0.0000000000
80598  -27.576  33.769  23.294 0.0000000000
80599  -27.017  33.464  23.624 0.0000000000
80600  -25.177  33.749  23.845 0.0000000000
80601  -25.636  33.861  23.326 0.0000000000
80602  -25.014  34.192  23.265 0.0000000000
80603  -24.868  34.684  22.727 0.0000000000
80604  -24.442  34.604  23.281 0.0000000000
80605  -24.305  34.333  26.497 0.0000000000
80606  -24.355  34.085  25.814 0.0000000000
80607  -24.049  34.628  25.928 0.0000000000
80608  -23.250  36.013  25.047 0.0000000000
80609  -23.532  35.355  24.793 0.0000000000
80610  -23.295  35.812  24.260 0.0000000000
80611  -23.440  35.658  23.498 0.0000000000
80612  -23.080  36.287  23.760 0.0000000000
80613  -22.924  36.820  23.272 0.0000000000
80614  -22.797  36.967  24.073 0.0000000000
80615  -22.539  38.642  25.704 0.0000000000
80616  -22.373  38.432  24.822 0.0000000000
80617  -22.227  39.110  25.236 0.0000000000
80618  -22.061  39.677  24.745 0.0000000000
80619  -22.153  39.799  25.605 0.0000000000
82441  -22.093  40.749  25.844 0.0000000000
82442  -22.279  40.173  26.302 0.0000000000
82443  -23.151  40.405  28.184 0.0000000000
82444  -22.745  40.886  27.746 0.0000000000
82445  -23.115  41.256  28.422 0.0000000000
82446  -23.178  42.149  28.720 0.0000000000
82447  -23.591  41.590  29.075 0.0000000000
82448  -24.870  39.037  30.236 0.0000000000
82449  -24.497  39.332  29.638 0.0000000000
82450  -24.807  39.734  30.512 0.0000000000
92182  -22.206  43.793  23.832 0.0000000000
92183  -22.107  44.205  24.543 0.0000000000
92184  -22.073  43.448  24.651 0.0000000000
92185  -22.022  43.088  25.479 0.0000000000
92186  -22.112  42.689  26.306 0.0000000000
92187  -22.598  41.898  21.981 0.0000000000
92188  -22.651  42.647  21.937 0.0000000000
92189  -22.517  42.550  22.516 0.0000000000
92190  -22.334  43.129  23.162 0.0000000000
92191  -22.364  39.377  23.047 0.0000000000
92192  -22.589  39.538  22.379 0.0000000000
92193  -22.407  40.220  22.676 0.0000000000
92194  -22.497  41.060  22.279 0.0000000000
92614  -39.882  35.365  28.832 0.0000000000
92615  -40.064  35.612  28.439 0.0000000000
92616  -39.669  36.011  28.587 0.0000000000
92617  -39.573  36.592  28.296 0.0000000000
92618  -39.360  37.130  27.917 0.0000000000
92619  -31.845  47.029  13.381 0.0000000000
92620  -32.422  47.671  13.855 0.0000000000
92621  -31.898  47.298  12.962 0.0000000000
92622  -31.964  47.591  12.584 0.0000000000
92623  -32.096  47.859  12.115 0.0000000000
92624  -32.251  48.052  11.645 0.0000000000
92625  -31.712  47.585  11.210 0.0000000000
93681  -27.483  45.633  15.356 0.0000000000
93682  -27.129  45.717  14.847 0.0000000000
93683  -26.898  45.781  15.313 0.0000000000
93684  -26.342  46.124  15.345 0.0000000000
93685  -26.013  46.570  15.586 0.0000000000
93694  -31.482  35.236  24.205 0.0000000000
93695  -31.729  35.746  24.003 0.0000000000
93696  -31.078  35.525  23.563 0.0000000000
93697  -30.663  35.865  22.929 0.0000000000
93698  -30.307  36.188  22.242 0.0000000000
93699  -26.328  42.702  16.943 0.0000000000
93700  -26.903  42.382  17.008 0.0000000000
93701  -26.803  43.160  16.886 0.0000000000
93702  -27.234  43.709  16.871 0.0000000000
93703  -27.654  44.363  16.953 0.0000000000
93704  -28.095  44.909  16.871 0.0000000000
93705  -27.667  44.969  16.564 0.0000000000
93706  -27.626  45.371  15.974 0.0000000000
94977  -36.022  42.206  21.591 0.0000000000
94978  -36.592  42.343  22.028 0.0000000000
94979  -36.362  42.852  21.444 0.0000000000
94980  -36.664  43.445  21.255 0.0000000000
94981  -36.950  43.894  20.953 0.0000000000
94982  -36.982  45.328  14.621 0.0000000000
94983  -36.713  44.629  14.899 0.0000000000
94984  -36.700  44.610  14.336 0.0000000000
94985  -36.328  43.893  14.061 0.0000000000
94986  -36.027  43.187  13.854 0.0000000000
94987  -35.889  42.538  13.702 0.0000000000
94988  -36.084  43.186  13.268 0.0000000000
94989  -36.215  43.228  12.676 0.0000000000
94990  -36.314  43.244  12.125 0.0000000000
94991  -36.500  43.234  11.610 0.0000000000
94992  -36.728  43.917  11.796 0.0000000000
94993  -37.166  44.612  11.481 0.0000000000
94994  -37.612  45.328  11.158 0.0000000000
95585  -38.567  28.481  32.080 0.0000000000
95586  -37.957  28.594  32.035 0.0000000000
95592  -30.457  32.409  36.683 0.0000000000
95593  -30.744  32.224  36.825 0.0000000000
95594  -30.784  32.351  36.100 0.0000000000
95595  -31.157  32.108  35.421 0.0000000000
95596  -31.584  31.854  34.720 0.0000000000
95597  -31.970  31.576  34.055 0.0000000000
95598  -31.625  31.768  33.879 0.0000000000
95599  -31.739  31.781  33.017 0.0000000000
95600  -31.860  31.840  32.209 0.0000000000
95601  -31.973  31.937  31.469 0.0000000000
95602  -31.518  32.034  32.108 0.0000000000
95603  -31.173  32.122  31.891 0.0000000000
95604  -30.794  32.154  31.682 0.0000000000
95605  -25.648  34.420  32.182 0.0000000000
95606  -25.738  33.881  31.385 0.0000000000
95607  -25.470  34.305  31.445 0.0000000000
95608  -25.313  34.347  30.611 0.0000000000
95609  -25.112  34.450  29.838 0.0000000000
95610  -24.882  34.608  29.150 0.0000000000
95611  -24.951  35.000  29.930 0.0000000000
95612  -24.992  35.688  30.280 0.0000000000
95613  -25.000  36.303  30.616 0.0000000000
95977  -24.934  37.015  30.794 0.0000000000
95978  -24.989  36.744  31.386 0.0000000000
98001  -23.927  43.438  17.548 0.0000000000
98002  -23.811  44.145  17.541 0.0000000000
98003  -23.555  43.864  17.975 0.0000000000
98004  -23.270  44.337  18.517 0.0000000000
98005  -22.973  44.848  19.039 0.0000000000
98006  -22.446  45.604  21.848 0.0000000000
98007  -22.400  45.726  21.206 0.0000000000
98008  -22.378  46.320  21.817 0.0000000000
98014  -25.858  35.130  21.787 0.0000000000
98015  -26.157  35.511  21.368 0.0000000000
98016  -25.534  35.816  21.284 0.0000000000
98017  -25.265  36.535  20.752 0.0000000000
98018  -25.040  37.268  20.228 0.0000000000
98019  -23.542  40.232  19.771 0.0000000000
98020  -23.836  39.673  19.497 0.0000000000
98021  -23.767  40.431  19.117 0.0000000000
98022  -23.945  40.692  18.540 0.0000000000
98023  -24.174  40.969  18.052 0.0000000000
98024  -24.481  41.234  17.686 0.0000000000
98025  -24.063  41.745  17.847 0.0000000000
98026  -23.980  42.607  17.676 0.0000000000
99288  -40.153  35.664  26.165 0.0000000000
99289  -40.348  35.091  25.948 0.0000000000
99290  -40.204  35.579  25.596 0.0000000000
99291  -40.297  35.544  24.979 0.0000000000
99292  -40.509  35.578  24.422 0.0000000000
99293  -40.689  35.593  23.931 0.0000000000
99294  -40.591  36.234  24.127 0.0000000000
99295  -40.777  36.900  23.798 0.0000000000
99296  -40.877  37.468  23.378 0.0000000000
99297  -34.170  46.649  18.553 0.0000000000
99298  -34.748  46.585  18.624 0.0000000000
99299  -34.589  47.245  18.444 0.0000000000
99300  -35.071  47.692  18.330 0.0000000000
99301  -35.526  48.073  18.131 0.0000000000
99302  -34.881  49.474  15.361 0.0000000000
99303  -35.452  49.369  16.121 0.0000000000
99304  -35.548  49.519  15.555 0.0000000000
99305  -36.159  49.347  15.660 0.0000000000
99306  -36.655  48.878  15.593 0.0000000000
99307  -37.004  48.246  15.441 0.0000000000
99308  -36.728  48.970  14.958 0.0000000000
99309  -36.880  49.011  14.406 0.0000000000
99310  -37.101  49.156  13.807 0.0000000000
99311  -37.356  49.188  13.161 0.0000000000
99312  -36.671  49.772  13.210 0.0000000000
99915  -28.739  30.421  36.882 0.0000000000
99916  -28.948  30.833  37.154 0.0000000000
99917  -29.251  31.293  37.319 0.0000000000
99918  -28.873  31.386  37.075 0.0000000000
99919  -28.843  31.911  36.916 0.0000000000
99920  -28.838  32.392  36.648 0.0000000000
99921  -28.785  32.780  36.200 0.0000000000
99922  -28.468  32.525  36.457 0.0000000000
99923  -28.054  32.810  36.399 0.0000000000
99924  -27.671  32.940  36.290 0.0000000000
99928  -25.702  32.886  34.967 0.0000000000
99929  -25.675  33.484  34.946 0.0000000000
99930  -25.745  33.963  34.717 0.0000000000
99931  -25.272  33.618  34.654 0.0000000000
102483  -29.605  45.075  12.627 0.0000000000
102484  -28.963  45.085  11.999 0.0000000000
102485  -28.765  44.940  12.370 0.0000000000
102486  -27.825  44.888  12.148 0.0000000000
102487  -26.954  45.047  12.010 0.0000000000
102497  -23.898  47.135  17.411 0.0000000000
102498  -24.500  47.355  17.115 0.0000000000
102499  -24.095  47.854  17.377 0.0000000000
102523  -35.906  36.902  27.941 0.0000000000
102524  -36.208  37.416  27.843 0.0000000000
102525  -35.706  37.409  27.502 0.0000000000
102526  -35.445  37.796  26.915 0.0000000000
102527  -35.133  38.044  26.233 0.0000000000
102528  -32.685  37.761  23.296 0.0000000000
102529  -33.346  38.022  23.695 0.0000000000
102530  -33.098  38.296  23.036 0.0000000000
102531  -33.596  38.821  22.789 0.0000000000
102532  -34.072  39.354  22.556 0.0000000000
102533  -34.533  39.876  22.327 0.0000000000
102534  -33.987  39.742  21.769 0.0000000000
102535  -33.863  40.138  21.034 0.0000000000
102536  -33.547  40.609  20.370 0.0000000000
102537  -27.669  37.130  19.773 0.0000000000
102538  -28.365  37.049  20.042 0.0000000000
102539  -28.111  37.606  19.460 0.0000000000
102540  -28.532  38.091  19.199 0.0000000000
102541  -28.884  38.632  18.954 0.0000000000
102542  -29.309  41.703  17.443 0.0000000000
102543  -29.500  41.034  17.690 0.0000000000
102544  -29.971  41.576  17.640 0.0000000000
102545  -30.576  41.533  17.869 0.0000000000
102546  -31.157  41.550  18.142 0.0000000000
102547  -31.745  41.566  18.465 0.0000000000
102548  -31.572  42.224  18.147 0.0000000000
102549  -31.992  42.902  18.148 0.0000000000
102550  -32.331  43.575  18.205 0.0000000000
102551  -32.644  44.215  18.250 0.0000000000
102552  -32.058  44.266  18.120 0.0000000000
102553  -31.743  45.043  18.184 0.0000000000
102554  -31.524  45.771  18.215 0.0000000000
102555  -29.651  45.682  15.972 0.0000000000
102556  -30.186  45.960  16.485 0.0000000000
102557  -30.027  45.670  15.701 0.0000000000
102558  -30.412  45.722  15.447 0.0000000000
102559  -30.801  45.838  15.145 0.0000000000
102560  -31.135  46.030  14.845 0.0000000000
102561  -30.518  45.554  14.320 0.0000000000
102562  -30.129  45.266  13.471 0.0000000000
106371  -37.426  39.143  26.988 0.0000000000
106372  -38.018  38.924  27.224 0.0000000000
106373  -37.878  39.460  26.742 0.0000000000
106374  -38.411  39.845  26.368 0.0000000000
106375  -38.940  40.144  25.917 0.0000000000
106376  -39.327  42.188  23.056 0.0000000000
106377  -39.664  41.721  23.677 0.0000000000
106378  -39.954  41.876  23.104 0.0000000000
106379  -40.407  41.422  23.014 0.0000000000
106380  -40.759  40.789  22.845 0.0000000000
106381  -40.909  40.071  22.692 0.0000000000
106382  -40.918  40.790  22.179 0.0000000000
106383  -40.884  40.706  21.528 0.0000000000
106384  -40.712  40.538  20.843 0.0000000000
106385  -36.681  45.529  18.629 0.0000000000
106386  -36.871  45.118  19.052 0.0000000000
106387  -37.014  45.080  18.569 0.0000000000
106388  -37.186  44.617  18.528 0.0000000000
106389  -37.363  44.115  18.415 0.0000000000
106390  -36.797  42.476  16.621 0.0000000000
106391  -37.125  42.643  17.169 0.0000000000
106392  -37.258  42.025  16.981 0.0000000000
106393  -37.796  41.649  17.371 0.0000000000
106394  -38.322  41.299  17.811 0.0000000000
106395  -38.784  41.037  18.354 0.0000000000
106396  -38.450  40.742  17.760 0.0000000000
106397  -38.527  40.154  17.832 0.0000000000
106398  -38.605  39.593  17.921 0.0000000000
106399  -38.681  38.951  18.018 0.0000000000
106400  -38.216  39.417  17.338 0.0000000000
106401  -37.848  39.235  16.754 0.0000000000
106402  -37.561  39.153  16.147 0.0000000000
106403  -36.087  40.680  13.473 0.0000000000
106404  -36.386  40.269  13.968 0.0000000000
106405  -36.190  40.256  13.505 0.0000000000
108187  -39.595  30.013  29.667 0.0000000000
108188  -40.194  30.337  29.473 0.0000000000
108189  -39.656  30.621  29.442 0.0000000000
108190  -39.718  31.250  29.312 0.0000000000
108191  -39.832  31.937  29.231 0.0000000000
108192  -39.907  32.682  29.176 0.0000000000
108193  -39.310  32.266  29.170 0.0000000000
108194  -38.747  32.581  29.063 0.0000000000
108195  -38.228  32.867  29.134 0.0000000000
108215  -32.408  30.980  36.986 0.0000000000
108216  -32.570  30.688  37.543 0.0000000000
108217  -32.935  30.480  36.842 0.0000000000
108218  -33.525  29.960  36.639 0.0000000000
108219  -34.088  29.534  36.463 0.0000000000
108220  -34.655  29.128  36.279 0.0000000000
108221  -34.448  29.277  35.695 0.0000000000
108222  -34.872  29.104  34.970 0.0000000000
108223  -35.381  29.022  34.272 0.0000000000
108224  -35.869  28.932  33.533 0.0000000000
108225  -35.169  29.149  33.623 0.0000000000
108226  -35.030  29.296  32.955 0.0000000000
108227  -34.966  29.497  32.300 0.0000000000
108228  -33.614  30.944  31.053 0.0000000000
108229  -34.011  30.654  31.048 0.0000000000
108230  -34.133  31.071  30.424 0.0000000000
108231  -34.663  31.338  29.903 0.0000000000
108232  -35.274  31.823  29.530 0.0000000000
108233  -35.900  32.308  29.270 0.0000000000
108234  -35.395  32.521  29.296 0.0000000000
108235  -35.479  33.196  29.130 0.0000000000
108236  -35.552  33.861  28.949 0.0000000000
108237  -35.671  34.600  28.784 0.0000000000
108238  -35.104  34.055  28.912 0.0000000000
108239  -34.698  34.251  28.949 0.0000000000
108240  -34.270  34.382  28.933 0.0000000000
108241  -31.927  32.955  29.148 0.0000000000
108242  -32.387  33.355  28.916 0.0000000000
108243  -31.933  33.214  28.585 0.0000000000
108244  -31.924  33.484  27.969 0.0000000000
108245  -31.899  33.764  27.315 0.0000000000
108246  -31.837  34.093  26.668 0.0000000000
108247  -31.335  33.515  26.931 0.0000000000
108248  -30.775  33.262  26.594 0.0000000000
108249  -30.189  33.030  26.240 0.0000000000
108250  -28.754  32.682  33.193 0.0000000000
108251  -29.095  32.460  32.545 0.0000000000
108252  -28.620  32.464  32.346 0.0000000000
108253  -28.412  32.257  31.520 0.0000000000
108254  -28.218  32.027  30.709 0.0000000000
108255  -26.270  32.334  28.500 0.0000000000
108256  -26.806  32.104  28.697 0.0000000000
108257  -26.578  32.140  27.934 0.0000000000
108258  -26.942  32.025  27.333 0.0000000000
108259  -27.334  32.033  26.781 0.0000000000
108260  -27.761  32.190  26.337 0.0000000000
108261  -27.079  32.248  26.037 0.0000000000
108262  -26.874  32.524  25.331 0.0000000000
108263  -26.644  32.847  24.650 0.0000000000
108264  -26.443  33.206  24.012 0.0000000000
108265  -25.955  33.048  24.518 0.0000000000
108266  -25.344  33.350  24.450 0.0000000000
108267  -24.789  33.719  24.418 0.0000000000
108268  -23.921  35.610  26.933 0.0000000000
108269  -23.814  35.256  26.129 0.0000000000
108270  -23.654  35.929  26.385 0.0000000000
108271  -23.359  36.291  25.855 0.0000000000
108272  -23.037  36.710  25.355 0.0000000000
108273  -22.785  37.172  24.904 0.0000000000
108274  -22.933  37.462  25.731 0.0000000000
108275  -22.860  38.141  26.142 0.0000000000
108276  -22.789  38.840  26.533 0.0000000000
109369  -22.603  39.688  26.778 0.0000000000
109370  -22.991  39.198  27.198 0.0000000000
109371  -23.275  39.559  27.918 0.0000000000
109372  -23.638  39.980  28.651 0.0000000000
109373  -24.757  39.659  31.809 0.0000000000
109374  -24.886  40.051  31.345 0.0000000000
109375  -24.678  40.270  32.005 0.0000000000
115257  -22.045  44.599  25.283 0.0000000000
115263  -23.242  42.445  19.518 0.0000000000
115264  -23.124  43.235  19.569 0.0000000000
115265  -23.050  43.047  20.124 0.0000000000
115266  -22.891  43.613  20.684 0.0000000000
115267  -22.677  44.240  21.266 0.0000000000
115268  -22.644  43.352  21.915 0.0000000000
115269  -22.577  44.115  21.915 0.0000000000
115270  -22.506  44.876  21.915 0.0000000000
115271  -22.373  45.505  22.477 0.0000000000
115273  -23.649  36.839  21.970 0.0000000000
115274  -23.947  37.080  21.382 0.0000000000
115275  -23.485  37.609  21.572 0.0000000000
115276  -23.386  38.385  21.181 0.0000000000
115277  -23.354  39.209  20.798 0.0000000000
115278  -22.862  39.699  21.696 0.0000000000
115279  -23.110  39.867  21.052 0.0000000000
115280  -23.336  40.065  20.444 0.0000000000
115281  -23.339  40.840  20.103 0.0000000000
115282  -23.311  41.623  19.775 0.0000000000
116263  -40.697  34.716  27.451 0.0000000000
116264  -40.388  35.265  27.134 0.0000000000
116265  -40.166  35.766  27.889 0.0000000000
116266  -40.147  35.833  27.306 0.0000000000
116267  -40.121  35.768  26.743 0.0000000000
116268  -39.950  36.271  26.376 0.0000000000
116269  -39.963  36.813  26.005 0.0000000000
116270  -40.116  37.401  25.628 0.0000000000
116271  -33.398  48.029  16.710 0.0000000000
116272  -34.034  48.399  17.105 0.0000000000
116273  -33.726  48.400  16.384 0.0000000000
116274  -33.913  48.675  15.955 0.0000000000
116275  -34.063  48.958  15.550 0.0000000000
116276  -32.963  48.279  14.295 0.0000000000
116277  -33.509  48.821  14.714 0.0000000000
116278  -34.178  49.235  15.095 0.0000000000
116279  -34.254  49.451  14.593 0.0000000000
116280  -34.332  49.651  14.041 0.0000000000
116281  -34.416  49.784  13.383 0.0000000000
116282  -34.523  49.875  12.842 0.0000000000
116283  -33.907  49.537  12.612 0.0000000000
116286  -32.416  48.245  11.131 0.0000000000
118749  -28.539  45.001  13.937 0.0000000000
118750  -27.976  44.873  13.349 0.0000000000
118751  -27.754  45.076  13.701 0.0000000000
118754  -26.727  45.837  14.401 0.0000000000
118780  -33.887  36.414  26.192 0.0000000000
118781  -34.149  36.865  26.012 0.0000000000
118782  -33.632  36.582  25.466 0.0000000000
118783  -33.257  36.766  24.806 0.0000000000
118784  -32.821  36.993  24.194 0.0000000000
118785  -31.931  36.246  23.867 0.0000000000
118786  -32.165  36.766  23.743 0.0000000000
118787  -32.359  37.275  23.570 0.0000000000
118788  -32.091  37.592  22.822 0.0000000000
118789  -31.978  37.937  22.001 0.0000000000
118790  -31.848  38.324  21.176 0.0000000000
118791  -26.824  39.744  17.776 0.0000000000
118792  -27.490  39.512  17.956 0.0000000000
118793  -27.279  40.253  17.605 0.0000000000
118794  -27.745  40.772  17.433 0.0000000000
118795  -28.232  41.240  17.296 0.0000000000
118796  -27.453  42.128  17.091 0.0000000000
118797  -28.030  41.938  17.187 0.0000000000
118798  -28.658  41.796  17.293 0.0000000000
118799  -29.064  42.376  17.322 0.0000000000
118800  -29.469  43.096  17.496 0.0000000000
118801  -29.856  43.882  17.723 0.0000000000
118802  -30.188  44.667  17.963 0.0000000000
118803  -29.556  44.745  17.728 0.0000000000
118804  -29.414  45.430  17.479 0.0000000000
118805  -29.358  45.732  16.970 0.0000000000
118806  -28.518  45.410  16.753 0.0000000000
118807  -28.887  45.594  16.517 0.0000000000
118808  -29.266  45.702  16.280 0.0000000000
118809  -29.116  45.476  15.479 0.0000000000
118810  -28.920  45.248  14.687 0.0000000000
121773  -36.908  40.703  24.337 0.0000000000
121774  -37.575  40.741  24.751 0.0000000000
121775  -37.399  41.140  24.044 0.0000000000
121776  -37.848  41.621  23.732 0.0000000000
121777  -38.207  42.072  23.422 0.0000000000
121778  -37.184  42.414  22.404 0.0000000000
121779  -37.853  42.461  22.742 0.0000000000
121780  -38.592  42.396  22.945 0.0000000000
121781  -38.907  42.671  22.360 0.0000000000
121782  -39.058  42.801  21.754 0.0000000000
121783  -39.146  42.830  21.125 0.0000000000
121784  -36.855  45.517  16.643 0.0000000000
121785  -36.873  44.847  17.015 0.0000000000
121786  -36.815  44.799  16.490 0.0000000000
121787  -36.698  44.127  16.373 0.0000000000
121788  -36.570  43.483  16.295 0.0000000000
121789  -36.450  43.999  15.252 0.0000000000
121790  -36.371  43.428  15.715 0.0000000000
121791  -36.498  42.924  16.250 0.0000000000
121792  -36.446  42.321  16.112 0.0000000000
121793  -36.490  41.734  15.940 0.0000000000
121794  -36.600  41.198  15.777 0.0000000000
121795  -36.766  40.710  15.620 0.0000000000
121796  -36.287  41.110  15.198 0.0000000000
121797  -36.126  41.108  14.619 0.0000000000
121798  -36.033  41.089  14.025 0.0000000000
121799  -35.833  41.962  13.596 0.0000000000
121800  -35.856  41.462  13.508 0.0000000000
121801  -35.970  41.101  13.427 0.0000000000
121802  -35.972  41.072  12.875 0.0000000000
121809  -36.713  43.182  11.064 0.0000000000
123185  -40.750  29.187  30.186 0.0000000000
123186  -40.107  29.315  30.086 0.0000000000
123188  -39.554  29.119  30.525 0.0000000000
123189  -39.529  29.456  30.014 0.0000000000
123190  -38.993  29.651  29.985 0.0000000000
123191  -38.463  29.893  29.977 0.0000000000
123192  -37.927  30.125  30.000 0.0000000000
123204  -30.875  30.819  38.379 0.0000000000
123205  -31.338  30.640  38.629 0.0000000000
123206  -31.183  31.141  38.256 0.0000000000
123207  -31.411  31.357  38.035 0.0000000000
123208  -31.667  31.484  37.705 0.0000000000
123209  -31.108  32.021  37.007 0.0000000000
123210  -31.538  31.788  37.196 0.0000000000
123211  -31.951  31.416  37.125 0.0000000000
123212  -32.316  31.190  36.378 0.0000000000
123213  -32.656  30.845  35.570 0.0000000000
123214  -33.031  30.413  34.729 0.0000000000
123215  -33.389  30.100  33.891 0.0000000000
123216  -33.025  30.467  34.025 0.0000000000
123217  -33.005  30.531  33.314 0.0000000000
123218  -33.064  30.730  32.544 0.0000000000
123219  -32.376  31.315  33.329 0.0000000000
123220  -32.752  31.061  32.571 0.0000000000
123221  -33.152  30.960  31.795 0.0000000000
123222  -33.243  31.241  31.083 0.0000000000
123223  -33.329  31.649  30.456 0.0000000000
123224  -33.432  32.135  29.927 0.0000000000
123225  -33.541  32.648  29.569 0.0000000000
123226  -33.114  32.317  29.963 0.0000000000
123227  -32.789  32.466  29.948 0.0000000000
123228  -32.394  32.593  29.843 0.0000000000
123229  -32.019  32.165  30.830 0.0000000000
123230  -31.991  32.387  30.237 0.0000000000
123231  -31.955  32.643  29.680 0.0000000000
123232  -31.513  32.550  29.473 0.0000000000
123233  -31.005  32.448  29.200 0.0000000000
123234  -30.515  32.323  28.912 0.0000000000
123235  -27.010  33.143  32.478 0.0000000000
123236  -27.196  32.711  31.747 0.0000000000
123237  -26.809  32.876  31.615 0.0000000000
123238  -26.544  32.692  30.729 0.0000000000
123239  -26.288  32.602  29.886 0.0000000000
123240  -25.806  33.402  30.592 0.0000000000
123241  -25.878  32.966  29.804 0.0000000000
123242  -26.039  32.596  29.083 0.0000000000
123243  -25.794  32.693  28.314 0.0000000000
123244  -25.532  32.828  27.668 0.0000000000
123245  -25.296  33.001  27.008 0.0000000000
123246  -25.073  33.208  26.356 0.0000000000
123247  -24.872  33.479  26.981 0.0000000000
123248  -24.558  34.051  27.072 0.0000000000
123249  -24.356  34.683  27.235 0.0000000000
123250  -24.646  34.858  28.560 0.0000000000
123251  -24.438  35.098  28.019 0.0000000000
123252  -24.208  35.345  27.483 0.0000000000
123253  -24.096  35.996  27.753 0.0000000000
123254  -24.110  36.661  28.035 0.0000000000
123255  -24.188  37.341  28.444 0.0000000000
124105  -24.189  38.115  28.635 0.0000000000
124106  -24.441  37.823  29.160 0.0000000000
124107  -24.752  38.294  29.935 0.0000000000
124108  -24.961  38.761  30.817 0.0000000000
124109  -24.947  37.744  30.992 0.0000000000
124110  -24.952  38.425  31.323 0.0000000000
124111  -24.861  39.059  31.646 0.0000000000
124112  -24.492  39.243  32.128 0.0000000000
128811  -25.808  44.647  16.631 0.0000000000
128812  -25.710  45.307  16.435 0.0000000000
128813  -25.205  45.046  16.729 0.0000000000
128814  -24.661  45.457  16.876 0.0000000000
128815  -24.223  45.907  17.141 0.0000000000
128816  -23.785  44.862  17.527 0.0000000000
128817  -23.783  45.608  17.480 0.0000000000
128818  -23.807  46.396  17.468 0.0000000000
128819  -23.433  46.861  17.865 0.0000000000
128822  -22.991  43.960  19.568 0.0000000000
128823  -22.767  44.654  19.528 0.0000000000
128824  -22.651  45.403  19.495 0.0000000000
128825  -22.376  45.880  20.615 0.0000000000
128826  -22.445  46.035  20.035 0.0000000000
128827  -22.584  46.158  19.439 0.0000000000
128828  -22.572  46.934  19.355 0.0000000000
128839  -28.687  34.567  22.692 0.0000000000
128840  -28.975  35.045  22.326 0.0000000000
128841  -28.235  35.041  22.027 0.0000000000
128842  -27.885  35.583  21.348 0.0000000000
128843  -27.588  36.138  20.726 0.0000000000
128844  -26.474  35.919  20.953 0.0000000000
128845  -26.887  36.317  20.498 0.0000000000
128846  -27.293  36.734  20.113 0.0000000000
128847  -27.029  37.359  19.478 0.0000000000
128848  -26.749  37.970  18.902 0.0000000000
128849  -26.558  38.594  18.411 0.0000000000
128850  -24.230  37.348  20.828 0.0000000000
128851  -24.538  37.642  20.263 0.0000000000
128852  -24.862  37.966  19.712 0.0000000000
128853  -24.206  39.118  19.300 0.0000000000
128854  -24.659  38.603  19.182 0.0000000000
128855  -25.140  38.228  19.175 0.0000000000
128856  -25.498  38.533  18.683 0.0000000000
128857  -25.894  38.860  18.253 0.0000000000
128858  -26.355  39.276  17.975 0.0000000000
128859  -26.164  40.040  17.619 0.0000000000
128860  -25.965  40.842  17.357 0.0000000000
128861  -25.845  41.569  17.178 0.0000000000
128862  -24.846  41.550  17.365 0.0000000000
128863  -25.284  41.923  17.156 0.0000000000
128864  -25.795  42.305  17.025 0.0000000000
128865  -25.789  43.067  16.931 0.0000000000
128866  -25.800  43.872  16.839 0.0000000000
131532  -40.582  34.529  25.732 0.0000000000
131541  -40.817  35.592  23.398 0.0000000000
131545  -40.945  36.728  21.597 0.0000000000
131546  -40.997  37.300  21.122 0.0000000000
131547  -35.041  44.197  19.552 0.0000000000
131548  -35.600  44.272  19.885 0.0000000000
131549  -35.399  44.833  19.438 0.0000000000
131550  -35.700  45.359  19.253 0.0000000000
131551  -36.018  45.698  19.029 0.0000000000
131552  -35.361  46.447  18.658 0.0000000000
131553  -35.886  46.185  18.712 0.0000000000
131554  -36.291  45.890  18.681 0.0000000000
131555  -36.495  46.037  18.297 0.0000000000
131556  -36.629  46.080  17.864 0.0000000000
131557  -36.736  46.162  17.372 0.0000000000
131558  -34.708  48.513  17.431 0.0000000000
131559  -35.349  48.512  17.667 0.0000000000
131560  -35.926  48.377  17.784 0.0000000000
131561  -35.949  49.018  16.742 0.0000000000
131562  -36.300  48.564  17.282 0.0000000000
131563  -36.480  48.013  17.734 0.0000000000
131564  -36.742  47.445  17.448 0.0000000000
131565  -36.824  46.822  17.129 0.0000000000
131566  -36.834  46.190  16.852 0.0000000000
131567  -36.902  46.231  16.353 0.0000000000
131568  -36.948  46.170  15.873 0.0000000000
131569  -37.041  46.103  15.387 0.0000000000
131570  -37.187  47.549  15.254 0.0000000000
131571  -37.230  46.806  15.058 0.0000000000
131572  -37.156  46.044  14.878 0.0000000000
131573  -37.277  45.981  14.276 0.0000000000
131574  -37.454  45.940  13.688 0.0000000000
131575  -37.688  45.978  13.152 0.0000000000
131576  -37.778  46.011  12.560 0.0000000000
131577  -37.998  46.757  12.774 0.0000000000
131580  -37.547  49.145  12.545 0.0000000000
131586  -34.640  49.973  12.320 0.0000000000
132830  -39.357  27.569  34.240 0.0000000000
132831  -38.656  27.755  34.143 0.0000000000
132841  -30.703  29.273  38.907 0.0000000000
132842  -30.631  29.855  38.656 0.0000000000
132850  -30.221  30.013  38.277 0.0000000000
132851  -30.553  30.435  38.388 0.0000000000
132852  -30.408  30.926  38.134 0.0000000000
132853  -30.286  31.358  37.843 0.0000000000
132854  -30.177  31.798  37.506 0.0000000000
132855  -29.615  31.606  37.322 0.0000000000
132856  -29.845  31.919  37.263 0.0000000000
132857  -30.104  32.235  37.105 0.0000000000
132858  -30.126  32.544  36.468 0.0000000000
132859  -30.183  32.661  35.682 0.0000000000
132860  -30.242  32.659  34.846 0.0000000000
132861  -30.248  32.549  34.027 0.0000000000
132862  -29.921  32.728  34.643 0.0000000000
132863  -29.579  32.793  34.421 0.0000000000
132864  -29.215  32.826  34.229 0.0000000000
132865  -28.795  32.978  35.594 0.0000000000
132866  -28.815  33.016  34.882 0.0000000000
132867  -28.814  32.889  34.032 0.0000000000
132868  -28.392  33.060  33.899 0.0000000000
132869  -27.969  33.174  33.731 0.0000000000
132870  -27.583  33.296  33.525 0.0000000000
132872  -27.276  32.507  36.262 0.0000000000
132873  -27.293  33.091  36.140 0.0000000000
132875  -26.905  33.231  35.911 0.0000000000
132876  -27.308  33.555  35.703 0.0000000000
132877  -27.323  33.814  35.055 0.0000000000
132878  -27.320  33.813  34.195 0.0000000000
132879  -27.177  33.460  33.343 0.0000000000
132880  -26.826  33.582  33.167 0.0000000000
132881  -26.469  33.828  33.033 0.0000000000
132882  -26.118  34.152  32.934 0.0000000000
132883  -25.852  34.319  34.302 0.0000000000
132884  -25.892  34.474  33.628 0.0000000000
132885  -25.798  34.480  32.911 0.0000000000
132886  -25.480  34.758  32.981 0.0000000000
132887  -25.200  35.116  32.987 0.0000000000
132888  -24.905  35.502  33.018 0.0000000000
133657  -24.657  35.978  32.936 0.0000000000
133658  -24.404  35.631  33.321 0.0000000000
138260  -28.323  45.133  11.373 0.0000000000
138266  -27.362  44.945  12.827 0.0000000000
138267  -26.735  45.084  12.341 0.0000000000
138268  -26.155  45.388  11.996 0.0000000000
138270  -25.424  45.893  12.124 0.0000000000
138271  -25.589  45.750  11.618 0.0000000000
138272  -25.104  46.197  11.249 0.0000000000
138284  -25.709  45.920  16.213 0.0000000000
138285  -25.720  46.484  16.046 0.0000000000
138286  -25.708  46.995  15.855 0.0000000000
138287  -25.035  47.490  16.687 0.0000000000
138288  -25.434  47.554  16.182 0.0000000000
138289  -25.585  47.470  15.638 0.0000000000
138290  -25.397  47.977  15.456 0.0000000000
138337  -37.898  36.297  28.588 0.0000000000
138338  -38.266  36.751  28.476 0.0000000000
138339  -37.683  37.005  28.397 0.0000000000
138340  -37.467  37.664  28.104 0.0000000000
138341  -37.274  38.276  27.713 0.0000000000
138342  -36.511  37.913  27.684 0.0000000000
138343  -36.771  38.375  27.457 0.0000000000
138344  -37.021  38.812  27.223 0.0000000000
138345  -36.880  39.238  26.660 0.0000000000
138346  -36.707  39.608  26.038 0.0000000000
138347  -36.517  39.939  25.335 0.0000000000
138348  -34.364  37.331  25.865 0.0000000000
138349  -34.580  37.802  25.707 0.0000000000
138350  -34.817  38.283  25.505 0.0000000000
138351  -33.940  38.306  24.217 0.0000000000
138352  -34.514  38.554  24.753 0.0000000000
138353  -35.098  38.776  25.262 0.0000000000
138354  -35.520  39.317  25.049 0.0000000000
138355  -35.970  39.804  24.818 0.0000000000
138356  -36.441  40.230  24.584 0.0000000000
138357  -36.340  40.531  23.866 0.0000000000
138358  -36.180  40.804  23.135 0.0000000000
138359  -35.971  41.124  22.411 0.0000000000
138360  -34.984  40.460  22.103 0.0000000000
138361  -35.384  41.011  21.899 0.0000000000
138362  -35.724  41.566  21.744 0.0000000000
138363  -35.425  42.076  21.121 0.0000000000
138364  -35.150  42.548  20.569 0.0000000000
138365  -34.933  43.041  20.091 0.0000000000
138366  -29.297  35.598  22.031 0.0000000000
138367  -29.653  36.125  21.795 0.0000000000
138368  -30.007  36.662  21.554 0.0000000000
138369  -29.075  37.030  20.399 0.0000000000
138370  -29.774  37.071  20.820 0.0000000000
138371  -30.414  37.208  21.278 0.0000000000
138372  -30.808  37.674  20.914 0.0000000000
138373  -31.198  38.211  20.612 0.0000000000
138374  -31.651  38.758  20.407 0.0000000000
138375  -28.124  39.333  18.142 0.0000000000
138376  -28.691  39.243  18.422 0.0000000000
138377  -29.270  39.222  18.741 0.0000000000
138378  -29.631  40.413  18.064 0.0000000000
138379  -29.714  39.832  18.528 0.0000000000
138380  -29.897  39.233  19.031 0.0000000000
138381  -30.599  39.265  19.333 0.0000000000
138382  -31.336  39.216  19.731 0.0000000000
138383  -32.053  39.300  20.188 0.0000000000
138384  -32.486  39.871  19.955 0.0000000000
138385  -32.872  40.508  19.844 0.0000000000
138386  -33.256  41.140  19.804 0.0000000000
138387  -32.380  41.616  18.862 0.0000000000
138388  -33.023  41.681  19.288 0.0000000000
138389  -33.650  41.740  19.742 0.0000000000
138390  -34.033  42.376  19.668 0.0000000000
138391  -34.391  43.028  19.632 0.0000000000
138392  -34.709  43.613  19.587 0.0000000000
138393  -34.504  44.213  19.102 0.0000000000
138394  -34.225  44.780  18.743 0.0000000000
138395  -33.935  45.379  18.574 0.0000000000
138396  -33.007  44.744  18.310 0.0000000000
138397  -33.375  45.384  18.422 0.0000000000
138398  -33.793  46.029  18.597 0.0000000000
138399  -33.624  46.717  18.460 0.0000000000
138400  -33.438  47.269  18.109 0.0000000000
138401  -33.245  47.537  17.560 0.0000000000
138402  -30.547  45.319  18.033 0.0000000000
138403  -30.914  45.935  18.102 0.0000000000
138404  -31.327  46.339  17.930 0.0000000000
138405  -30.701  46.267  16.976 0.0000000000
138406  -31.198  46.537  17.399 0.0000000000
138407  -31.764  46.709  17.761 0.0000000000
138408  -32.239  47.014  17.590 0.0000000000
138409  -32.650  47.291  17.267 0.0000000000
138410  -33.065  47.638  16.986 0.0000000000
138411  -32.787  47.597  16.287 0.0000000000
138412  -32.527  47.406  15.542 0.0000000000
138413  -32.224  47.125  14.719 0.0000000000
138414  -31.438  46.281  14.555 0.0000000000
138415  -31.660  46.544  14.197 0.0000000000
138416  -31.805  46.798  13.806 0.0000000000
138417  -31.221  46.417  12.841 0.0000000000
146154  -38.627  37.163  28.312 0.0000000000
146155  -38.930  37.529  28.050 0.0000000000
146156  -39.219  37.789  27.615 0.0000000000
146157  -38.596  38.764  27.391 0.0000000000
146158  -39.087  38.418  27.283 0.0000000000
146159  -39.490  37.977  27.086 0.0000000000
146160  -39.793  38.097  26.486 0.0000000000
146161  -40.051  38.070  25.889 0.0000000000
146162  -40.445  38.081  25.245 0.0000000000
146163  -38.242  40.724  25.085 0.0000000000
146164  -38.885  40.645  25.319 0.0000000000
146165  -39.477  40.388  25.422 0.0000000000
146166  -39.854  41.171  24.243 0.0000000000
146167  -39.936  40.572  24.755 0.0000000000
146168  -39.986  40.004  25.287 0.0000000000
146169  -40.340  39.425  25.160 0.0000000000
146170  -40.559  38.773  24.901 0.0000000000
146171  -40.639  38.105  24.638 0.0000000000
146172  -40.765  38.159  24.081 0.0000000000
146173  -40.891  38.160  23.514 0.0000000000
146174  -40.925  38.116  22.940 0.0000000000
146175  -40.951  39.374  22.563 0.0000000000
146176  -40.964  38.731  22.486 0.0000000000
146177  -40.910  38.093  22.367 0.0000000000
146178  -40.938  38.007  21.789 0.0000000000
146179  -40.993  37.912  21.192 0.0000000000
146180  -40.990  37.864  20.603 0.0000000000
146181  -36.168  44.347  20.202 0.0000000000
146182  -36.706  44.366  20.442 0.0000000000
146183  -37.211  44.217  20.568 0.0000000000
146184  -37.148  44.738  19.587 0.0000000000
146185  -37.389  44.343  20.092 0.0000000000
146186  -37.664  43.945  20.602 0.0000000000
146187  -38.100  43.554  20.587 0.0000000000
146188  -38.567  43.172  20.518 0.0000000000
146189  -39.066  42.791  20.451 0.0000000000
146190  -36.996  44.326  17.445 0.0000000000
146191  -37.223  43.933  17.867 0.0000000000
146192  -37.550  43.628  18.325 0.0000000000
146193  -37.421  42.837  17.681 0.0000000000
146194  -37.745  43.104  18.218 0.0000000000
146195  -37.972  43.292  18.800 0.0000000000
146196  -38.408  42.924  19.251 0.0000000000
146197  -38.941  42.659  19.755 0.0000000000
146198  -39.515  42.368  20.361 0.0000000000
146199  -39.895  41.791  20.305 0.0000000000
146200  -40.192  41.092  20.235 0.0000000000
146201  -40.387  40.349  20.181 0.0000000000
146202  -39.346  40.595  18.991 0.0000000000
146203  -39.940  40.100  19.615 0.0000000000
146204  -40.505  39.649  20.170 0.0000000000
146205  -40.570  39.005  20.089 0.0000000000
146206  -40.634  38.410  20.078 0.0000000000
146207  -40.697  37.792  20.073 0.0000000000
146208  -40.328  37.666  19.593 0.0000000000
146211  -38.725  38.315  18.113 0.0000000000
146217  -37.026  40.200  15.495 0.0000000000
146218  -37.210  39.675  15.491 0.0000000000
146219  -37.284  39.102  15.584 0.0000000000
146220  -36.713  39.725  14.452 0.0000000000
146221  -37.027  39.111  15.027 0.0000000000
146222  -37.278  38.495  15.759 0.0000000000
146223  -37.150  37.921  16.002 0.0000000000
146262  -37.898  46.056  11.992 0.0000000000
146263  -38.073  46.069  11.382 0.0000000000
146264  -38.098  46.017  10.782 0.0000000000
146266  -38.432  46.647  10.368 0.0000000000
146267  -38.106  45.932  10.167 0.0000000000
146268  -38.069  45.804  9.613 0.0000000000
149806  -40.818  30.710  29.367 0.0000000000
149813  -40.834  33.933  28.668 0.0000000000
149814  -40.459  34.357  28.881 0.0000000000
149815  -39.977  33.426  29.152 0.0000000000
149816  -40.055  34.144  29.155 0.0000000000
149817  -40.000  34.779  29.054 0.0000000000
149818  -39.503  35.124  29.067 0.0000000000
149819  -38.994  35.364  29.033 0.0000000000
149820  -38.462  35.541  28.930 0.0000000000
149846  -38.171  27.669  34.574 0.0000000000
149847  -38.000  27.926  34.174 0.0000000000
149857  -31.794  30.401  38.826 0.0000000000
149860  -32.839  30.213  38.087 0.0000000000
149869  -35.220  28.744  35.970 0.0000000000
149873  -37.363  28.205  34.306 0.0000000000
149874  -37.820  28.164  33.680 0.0000000000
149875  -37.645  28.360  33.147 0.0000000000
149876  -37.461  28.515  32.589 0.0000000000
149877  -37.369  28.744  32.021 0.0000000000
149878  -36.344  28.870  32.809 0.0000000000
149879  -36.814  28.844  32.095 0.0000000000
149880  -37.319  29.022  31.494 0.0000000000
149881  -37.290  29.409  30.977 0.0000000000
149882  -37.301  29.857  30.490 0.0000000000
149883  -37.294  30.329  30.001 0.0000000000
149884  -33.857  29.834  33.100 0.0000000000
149885  -34.392  29.759  32.343 0.0000000000
149886  -34.948  29.812  31.617 0.0000000000
149887  -34.495  30.389  31.069 0.0000000000
149888  -34.999  30.192  31.017 0.0000000000
149889  -35.552  29.982  31.009 0.0000000000
149890  -36.131  30.253  30.414 0.0000000000
149891  -36.739  30.572  29.960 0.0000000000
149892  -37.344  30.887  29.558 0.0000000000
149893  -37.508  31.602  29.269 0.0000000000
149894  -37.595  32.363  29.156 0.0000000000
149895  -37.681  33.092  29.088 0.0000000000
149896  -36.561  32.830  29.068 0.0000000000
149897  -37.160  33.315  29.035 0.0000000000
149898  -37.776  33.784  29.080 0.0000000000
149899  -37.874  34.462  29.016 0.0000000000
149900  -37.900  35.108  28.912 0.0000000000
149901  -37.907  35.718  28.757 0.0000000000
149902  -37.384  35.904  28.589 0.0000000000
149903  -36.826  36.015  28.481 0.0000000000
149904  -36.346  36.206  28.346 0.0000000000
149905  -35.775  35.242  28.632 0.0000000000
149906  -35.849  35.791  28.476 0.0000000000
149907  -35.904  36.356  28.214 0.0000000000
149908  -35.438  36.421  27.995 0.0000000000
149909  -34.950  36.414  27.614 0.0000000000
149910  -34.473  36.399  27.206 0.0000000000
149911  -33.632  33.220  29.373 0.0000000000
149912  -33.737  33.877  29.128 0.0000000000
149913  -33.818  34.452  28.813 0.0000000000
149914  -32.861  33.889  28.735 0.0000000000
149915  -33.359  34.463  28.560 0.0000000000
149916  -33.891  34.984  28.411 0.0000000000
149917  -33.956  35.443  27.877 0.0000000000
149918  -33.957  35.859  27.308 0.0000000000
149919  -33.926  36.189  26.741 0.0000000000
149920  -33.361  35.884  26.225 0.0000000000
149921  -32.793  35.568  25.673 0.0000000000
149922  -32.225  35.246  25.154 0.0000000000
149923  -31.791  34.415  26.011 0.0000000000
149924  -31.745  34.705  25.369 0.0000000000
149925  -31.648  34.912  24.742 0.0000000000
149926  -31.002  34.664  24.305 0.0000000000
149927  -30.292  34.431  23.959 0.0000000000
149928  -29.564  34.247  23.617 0.0000000000
149929  -30.324  32.378  33.114 0.0000000000
149930  -30.367  32.258  32.277 0.0000000000
149931  -30.341  32.180  31.539 0.0000000000
149932  -29.383  32.286  31.947 0.0000000000
149933  -29.766  32.168  31.354 0.0000000000
149934  -30.219  32.098  30.808 0.0000000000
149935  -30.142  32.108  30.062 0.0000000000
149936  -30.069  32.147  29.309 0.0000000000
149937  -29.957  32.168  28.602 0.0000000000
149938  -27.432  32.349  31.083 0.0000000000
149939  -27.697  32.051  30.458 0.0000000000
149940  -28.027  31.890  29.898 0.0000000000
149941  -27.332  31.939  28.890 0.0000000000
149942  -27.857  31.822  29.095 0.0000000000
149943  -28.405  31.772  29.348 0.0000000000
149944  -28.920  31.842  28.779 0.0000000000
149945  -29.386  32.016  28.281 0.0000000000
149946  -29.921  32.263  27.868 0.0000000000
149947  -29.844  32.411  27.183 0.0000000000
149948  -29.697  32.620  26.540 0.0000000000
149949  -29.516  32.844  25.845 0.0000000000
149950  -28.297  32.447  25.830 0.0000000000
149951  -28.835  32.742  25.460 0.0000000000
149952  -29.348  33.104  25.158 0.0000000000
149953  -29.186  33.399  24.488 0.0000000000
149954  -29.006  33.746  23.819 0.0000000000
149955  -28.845  34.146  23.248 0.0000000000
149956  -28.123  34.111  22.972 0.0000000000
149957  -27.357  34.204  22.755 0.0000000000
149958  -26.661  34.357  22.533 0.0000000000
149959  -26.319  33.615  23.442 0.0000000000
149960  -26.170  34.073  22.881 0.0000000000
149961  -26.010  34.579  22.328 0.0000000000
149962  -25.339  34.890  22.248 0.0000000000
149963  -24.708  35.268  22.252 0.0000000000
149964  -24.147  35.739  22.312 0.0000000000
149965  -24.786  33.492  25.737 0.0000000000
149966  -24.523  33.798  25.073 0.0000000000
149967  -24.288  34.150  24.444 0.0000000000
149968  -23.785  34.929  25.341 0.0000000000
149969  -23.876  34.701  24.588 0.0000000000
149970  -24.071  34.620  23.877 0.0000000000
149971  -23.920  35.096  23.375 0.0000000000
149972  -23.782  35.641  22.893 0.0000000000
149973  -23.664  36.244  22.435 0.0000000000
149974  -23.224  36.773  22.638 0.0000000000
149975  -22.853  37.401  22.837 0.0000000000
149976  -22.574  38.096  23.159 0.0000000000
149977  -22.581  37.689  24.437 0.0000000000
149978  -22.423  38.231  23.967 0.0000000000
149979  -22.313  38.805  23.514 0.0000000000
149980  -22.109  39.492  23.879 0.0000000000
149981  -22.008  40.252  24.219 0.0000000000
149982  -21.995  40.975  24.597 0.0000000000
152173  -21.996  41.344  25.353 0.0000000000
152174  -22.058  41.722  26.118 0.0000000000
152175  -22.243  42.089  26.824 0.0000000000
152176  -22.487  40.539  27.042 0.0000000000
152177  -22.427  41.427  27.313 0.0000000000
152178  -22.494  42.424  27.606 0.0000000000
152179  -22.829  42.761  28.320 0.0000000000
152182  -24.144  38.852  28.801 0.0000000000
152183  -24.078  39.642  29.106 0.0000000000
152184  -24.022  40.381  29.350 0.0000000000
152185  -24.772  40.420  30.694 0.0000000000
152186  -24.412  40.766  30.078 0.0000000000
152187  -24.006  41.157  29.534 0.0000000000
152188  -24.076  41.972  29.750 0.0000000000
152200  -24.345  36.428  32.890 0.0000000000
