#!ascii label  , from subject fsaverage vox2ras=TkReg coords=white
1960
93  -42.896  6.335  18.503 0.0000000000
94  -36.079  0.648  30.979 0.0000000000
213  -49.228  2.240  29.207 0.0000000000
262  -37.368  14.416  23.008 0.0000000000
363  -49.824  -0.326  44.043 0.0000000000
455  -37.825  3.104  23.980 0.0000000000
456  -33.797  13.004  28.610 0.0000000000
457  -37.164  3.879  38.600 0.0000000000
995  -42.290  -0.842  29.201 0.0000000000
996  -42.759  1.765  26.562 0.0000000000
997  -36.034  1.763  27.295 0.0000000000
998  -33.718  7.466  25.966 0.0000000000
999  -33.049  6.494  29.584 0.0000000000
1001  -42.136  0.720  40.581 0.0000000000
1147  -46.825  3.389  15.911 0.0000000000
1149  -46.271  7.356  14.425 0.0000000000
1536  -41.855  -2.202  32.543 0.0000000000
1624  -40.171  9.371  22.105 0.0000000000
1625  -44.922  10.723  19.332 0.0000000000
2016  -46.092  2.506  19.704 0.0000000000
2017  -50.160  3.249  26.084 0.0000000000
2018  -44.817  1.859  23.205 0.0000000000
2019  -40.212  4.439  21.026 0.0000000000
2020  -36.307  8.505  23.606 0.0000000000
2021  -34.167  13.947  25.127 0.0000000000
2022  -35.469  18.940  27.348 0.0000000000
2024  -41.345  -1.434  36.902 0.0000000000
2025  -36.974  1.726  34.797 0.0000000000
2028  -34.836  7.107  33.501 0.0000000000
2915  -38.834  -0.802  29.933 0.0000000000
2916  -38.895  0.167  28.352 0.0000000000
2917  -35.868  1.093  29.156 0.0000000000
2918  -33.984  3.704  28.324 0.0000000000
2919  -34.026  3.293  30.285 0.0000000000
3067  -44.691  4.712  17.120 0.0000000000
3068  -46.245  5.165  14.918 0.0000000000
3069  -44.643  6.960  16.574 0.0000000000
3518  -45.242  -1.728  31.929 0.0000000000
3519  -44.786  -2.367  33.864 0.0000000000
3667  -38.604  11.829  23.184 0.0000000000
3668  -41.371  11.451  22.706 0.0000000000
3669  -39.951  13.912  22.807 0.0000000000
4418  -49.139  2.727  19.176 0.0000000000
4419  -48.852  2.762  21.096 0.0000000000
4422  -49.355  3.313  27.902 0.0000000000
4423  -40.134  1.795  25.105 0.0000000000
4424  -43.826  1.836  24.830 0.0000000000
4425  -41.141  1.996  23.521 0.0000000000
4426  -42.117  2.526  21.879 0.0000000000
4427  -39.008  3.766  22.437 0.0000000000
4428  -38.108  6.216  22.359 0.0000000000
4429  -36.682  5.613  23.512 0.0000000000
4430  -33.195  10.262  27.269 0.0000000000
4431  -33.832  10.774  25.711 0.0000000000
4432  -33.741  13.544  26.816 0.0000000000
4433  -34.388  16.570  26.228 0.0000000000
4434  -34.650  16.086  28.174 0.0000000000
4437  -49.213  -1.137  42.002 0.0000000000
4438  -39.038  1.801  39.396 0.0000000000
4439  -41.529  -0.263  38.830 0.0000000000
4440  -38.891  0.819  37.574 0.0000000000
4441  -38.839  -0.331  35.714 0.0000000000
4442  -37.133  2.721  36.607 0.0000000000
4451  -34.933  10.218  33.087 0.0000000000
4456  -39.420  20.945  29.994 0.0000000000
4891  -46.945  11.644  17.477 0.0000000000
5944  -36.140  16.730  22.952 0.0000000000
6397  -45.742  0.486  29.018 0.0000000000
6398  -45.765  1.926  28.030 0.0000000000
6399  -42.371  0.595  28.087 0.0000000000
6400  -39.309  1.183  26.723 0.0000000000
6401  -36.769  2.475  25.525 0.0000000000
6402  -35.342  5.012  24.883 0.0000000000
6403  -34.373  4.302  26.452 0.0000000000
6404  -33.027  6.923  27.695 0.0000000000
6405  -33.012  9.760  29.122 0.0000000000
6406  -47.047  1.541  43.965 0.0000000000
6407  -46.053  0.410  42.071 0.0000000000
6408  -43.128  1.762  42.439 0.0000000000
7419  -49.286  0.915  30.379 0.0000000000
7420  -45.656  -0.865  30.198 0.0000000000
7421  -42.069  -1.777  30.638 0.0000000000
7422  -38.892  -1.230  31.586 0.0000000000
7630  -41.547  7.879  20.300 0.0000000000
7631  -43.469  8.638  18.634 0.0000000000
7632  -42.650  9.771  20.955 0.0000000000
7633  -44.324  11.380  21.981 0.0000000000
8050  -47.490  1.743  45.890 0.0000000000
8621  -46.457  2.781  17.786 0.0000000000
8622  -43.910  3.767  18.616 0.0000000000
8626  -46.597  2.416  26.283 0.0000000000
8627  -47.568  2.277  24.473 0.0000000000
8628  -48.337  2.397  22.782 0.0000000000
8629  -45.511  2.212  21.500 0.0000000000
8630  -43.033  3.095  20.230 0.0000000000
8631  -41.516  5.287  19.802 0.0000000000
8632  -39.786  6.875  21.370 0.0000000000
8633  -38.062  8.916  22.817 0.0000000000
8634  -36.504  11.656  23.579 0.0000000000
8635  -34.834  8.090  24.630 0.0000000000
8636  -34.917  11.341  24.441 0.0000000000
8637  -35.366  14.262  23.784 0.0000000000
8638  -34.884  16.760  24.405 0.0000000000
8639  -35.123  19.212  25.285 0.0000000000
8644  -45.175  -0.670  40.279 0.0000000000
8645  -44.613  -1.809  38.321 0.0000000000
8646  -44.479  -2.448  36.157 0.0000000000
8647  -41.473  -2.120  34.770 0.0000000000
8648  -38.853  -1.082  33.713 0.0000000000
8649  -36.418  0.992  32.987 0.0000000000
8656  -36.341  5.328  35.958 0.0000000000
8657  -35.412  4.467  34.175 0.0000000000
8658  -34.574  3.596  32.326 0.0000000000
8659  -33.765  6.694  31.684 0.0000000000
8660  -33.696  9.921  31.234 0.0000000000
8661  -34.576  12.886  30.487 0.0000000000
8664  -35.787  15.609  29.972 0.0000000000
8665  -36.749  18.681  29.414 0.0000000000
8666  -37.818  21.311  27.969 0.0000000000
9195  -45.374  9.340  16.742 0.0000000000
9196  -47.134  9.726  14.755 0.0000000000
9197  -48.283  10.168  12.115 0.0000000000
10595  -37.272  -0.203  30.428 0.0000000000
10596  -37.278  0.060  29.562 0.0000000000
10597  -35.934  0.831  30.087 0.0000000000
10598  -34.789  2.048  29.707 0.0000000000
10599  -34.945  1.875  30.645 0.0000000000
10747  -43.761  5.515  17.767 0.0000000000
10748  -44.523  5.829  16.817 0.0000000000
10749  -43.781  6.666  17.572 0.0000000000
11198  -46.375  -1.953  33.622 0.0000000000
11199  -46.239  -2.221  34.607 0.0000000000
11347  -37.926  13.125  23.164 0.0000000000
11348  -39.232  12.946  23.072 0.0000000000
11349  -38.626  14.169  22.840 0.0000000000
12098  -50.432  3.238  20.865 0.0000000000
12100  -50.929  3.118  29.384 0.0000000000
12102  -49.166  2.841  28.627 0.0000000000
12103  -38.862  2.205  24.445 0.0000000000
12104  -40.650  1.880  24.327 0.0000000000
12105  -39.429  2.437  23.689 0.0000000000
12106  -39.935  2.717  22.880 0.0000000000
12107  -38.430  3.438  23.202 0.0000000000
12108  -37.778  4.629  22.982 0.0000000000
12109  -37.140  4.312  23.666 0.0000000000
12110  -33.299  11.670  27.958 0.0000000000
12111  -33.438  11.973  27.046 0.0000000000
12112  -33.699  13.289  27.732 0.0000000000
12113  -34.070  14.783  27.444 0.0000000000
12114  -34.253  14.561  28.329 0.0000000000
12115  -51.096  -1.348  44.070 0.0000000000
12116  -50.952  -1.530  43.028 0.0000000000
12117  -49.597  -0.722  43.025 0.0000000000
12118  -37.926  2.820  38.965 0.0000000000
12119  -38.987  1.445  38.485 0.0000000000
12120  -37.900  2.340  37.946 0.0000000000
12121  -37.823  1.691  37.062 0.0000000000
12122  -37.157  3.331  37.562 0.0000000000
14500  -43.982  -0.254  29.000 0.0000000000
14501  -44.041  0.459  28.564 0.0000000000
14502  -42.289  -0.125  28.637 0.0000000000
14503  -37.394  0.873  27.818 0.0000000000
14504  -39.081  0.679  27.515 0.0000000000
14505  -37.592  1.293  26.913 0.0000000000
14506  -37.905  1.670  26.055 0.0000000000
14507  -36.373  2.158  26.346 0.0000000000
14508  -35.437  3.288  25.959 0.0000000000
14509  -35.090  2.900  26.848 0.0000000000
14510  -33.349  4.999  28.959 0.0000000000
14511  -33.318  5.303  27.968 0.0000000000
14512  -32.953  6.697  28.620 0.0000000000
14513  -32.866  8.318  28.391 0.0000000000
14514  -32.913  8.140  29.382 0.0000000000
14515  -45.816  2.184  44.273 0.0000000000
14516  -45.078  1.745  43.180 0.0000000000
14517  -43.884  2.202  43.397 0.0000000000
14964  -47.541  3.615  14.707 0.0000000000
14965  -46.160  6.295  14.620 0.0000000000
14966  -47.003  5.498  13.701 0.0000000000
14967  -46.905  6.510  13.431 0.0000000000
16305  -50.512  0.398  32.025 0.0000000000
16306  -50.891  1.079  31.284 0.0000000000
16307  -49.106  0.245  31.098 0.0000000000
16308  -47.505  -0.017  30.186 0.0000000000
16309  -47.325  -0.612  30.977 0.0000000000
16310  -43.557  -2.153  32.176 0.0000000000
16311  -43.743  -1.862  31.208 0.0000000000
16312  -41.973  -2.045  31.559 0.0000000000
16313  -40.406  -1.714  31.051 0.0000000000
16314  -40.358  -1.860  31.974 0.0000000000
16762  -40.853  8.590  21.253 0.0000000000
16763  -42.015  8.871  20.513 0.0000000000
16764  -41.353  9.518  21.532 0.0000000000
16765  -42.100  12.502  23.037 0.0000000000
16766  -42.840  11.362  22.420 0.0000000000
19010  -47.642  2.518  19.445 0.0000000000
19011  -47.733  2.518  18.436 0.0000000000
19012  -46.297  2.654  18.751 0.0000000000
19013  -45.129  3.226  18.211 0.0000000000
19014  -44.888  2.907  19.109 0.0000000000
19022  -50.600  3.211  25.141 0.0000000000
19023  -44.238  1.806  27.359 0.0000000000
19024  -46.073  2.362  27.215 0.0000000000
19025  -44.678  2.094  26.418 0.0000000000
19026  -44.318  1.804  24.094 0.0000000000
19027  -45.740  2.035  24.675 0.0000000000
19028  -46.154  1.999  23.839 0.0000000000
19029  -47.911  2.300  23.620 0.0000000000
19030  -46.565  2.066  22.954 0.0000000000
19031  -46.917  2.255  22.157 0.0000000000
19032  -45.198  2.044  22.287 0.0000000000
19033  -41.015  3.361  21.342 0.0000000000
19034  -42.581  2.831  21.037 0.0000000000
19035  -41.556  3.657  20.559 0.0000000000
19036  -42.128  4.026  19.827 0.0000000000
19037  -40.897  4.826  20.373 0.0000000000
19038  -40.632  6.066  20.476 0.0000000000
19039  -39.849  5.623  21.075 0.0000000000
19040  -37.141  7.302  23.042 0.0000000000
19041  -37.992  7.494  22.560 0.0000000000
19042  -37.096  8.765  23.227 0.0000000000
19043  -37.269  10.258  23.340 0.0000000000
19044  -36.365  10.111  23.664 0.0000000000
19045  -34.389  6.203  25.406 0.0000000000
19046  -34.996  6.506  24.771 0.0000000000
19047  -34.212  7.843  25.228 0.0000000000
19048  -33.933  12.410  25.468 0.0000000000
19049  -34.321  11.035  25.053 0.0000000000
19050  -34.431  12.620  24.720 0.0000000000
19051  -35.082  12.753  24.102 0.0000000000
19052  -34.670  14.080  24.326 0.0000000000
19053  -35.041  15.529  24.007 0.0000000000
19054  -34.519  15.463  24.780 0.0000000000
19055  -34.779  17.817  26.819 0.0000000000
19056  -34.699  17.944  25.842 0.0000000000
19057  -35.193  19.116  26.335 0.0000000000
19058  -35.697  20.354  25.626 0.0000000000
19059  -36.002  20.200  26.671 0.0000000000
19068  -43.996  0.528  41.366 0.0000000000
19069  -45.620  -0.177  41.168 0.0000000000
19070  -43.612  -0.079  40.381 0.0000000000
19071  -41.426  -0.830  37.893 0.0000000000
19072  -43.030  -1.092  38.612 0.0000000000
19073  -42.908  -1.627  37.551 0.0000000000
19074  -44.471  -2.211  37.261 0.0000000000
19075  -42.789  -2.059  36.478 0.0000000000
19076  -42.872  -2.382  35.441 0.0000000000
19077  -41.357  -1.847  35.854 0.0000000000
19078  -37.880  0.564  35.224 0.0000000000
19079  -38.849  -0.760  34.737 0.0000000000
19080  -37.759  0.166  34.303 0.0000000000
19081  -37.595  -0.124  33.342 0.0000000000
19082  -36.698  1.322  33.911 0.0000000000
19099  -36.853  5.649  36.818 0.0000000000
19100  -36.663  7.057  36.537 0.0000000000
19101  -35.468  7.321  34.385 0.0000000000
19103  -34.997  5.747  33.820 0.0000000000
19104  -34.936  3.942  33.252 0.0000000000
19105  -34.490  5.457  32.886 0.0000000000
19106  -34.077  5.058  31.923 0.0000000000
19107  -34.237  6.949  32.600 0.0000000000
19109  -34.231  10.053  32.204 0.0000000000
19110  -34.581  11.629  31.790 0.0000000000
19111  -34.031  11.515  30.834 0.0000000000
19112  -35.058  12.988  31.383 0.0000000000
19119  -36.416  15.446  30.708 0.0000000000
19121  -36.335  17.156  29.805 0.0000000000
19122  -37.540  18.401  30.284 0.0000000000
19123  -39.966  22.144  29.316 0.0000000000
19124  -38.538  21.158  28.917 0.0000000000
19125  -39.087  22.328  28.291 0.0000000000
20430  -44.129  9.751  18.915 0.0000000000
20431  -44.436  9.103  17.647 0.0000000000
20432  -45.083  10.226  17.910 0.0000000000
20434  -47.060  10.771  16.034 0.0000000000
20435  -47.789  10.945  14.998 0.0000000000
20436  -47.745  9.992  13.520 0.0000000000
23677  -40.536  -0.981  29.493 0.0000000000
23678  -40.631  -0.392  28.860 0.0000000000
23679  -38.890  -0.378  29.143 0.0000000000
23680  -37.254  0.465  28.702 0.0000000000
23681  -35.905  1.427  28.200 0.0000000000
23682  -34.882  2.585  27.781 0.0000000000
23683  -34.780  2.303  28.723 0.0000000000
23684  -33.945  3.494  29.327 0.0000000000
23685  -33.441  4.891  29.912 0.0000000000
23953  -45.683  4.022  16.538 0.0000000000
23954  -46.378  4.202  15.362 0.0000000000
23955  -45.410  5.003  16.080 0.0000000000
23956  -45.328  6.033  15.739 0.0000000000
23957  -45.502  7.140  15.550 0.0000000000
24761  -48.394  -0.912  32.663 0.0000000000
24762  -47.011  -1.127  31.814 0.0000000000
24764  -45.039  -2.074  32.896 0.0000000000
24765  -43.389  -2.339  33.131 0.0000000000
25033  -39.417  10.496  22.800 0.0000000000
25034  -40.699  10.411  22.358 0.0000000000
25035  -39.960  11.644  22.970 0.0000000000
25036  -40.601  12.739  23.045 0.0000000000
26382  -50.639  3.016  18.908 0.0000000000
26383  -50.571  3.157  19.899 0.0000000000
26384  -48.997  2.761  20.158 0.0000000000
26385  -47.466  2.489  20.436 0.0000000000
26390  -49.735  3.322  26.987 0.0000000000
26391  -41.478  1.679  25.831 0.0000000000
26392  -43.253  1.914  25.674 0.0000000000
26393  -41.924  1.763  24.996 0.0000000000
26394  -42.459  1.733  24.223 0.0000000000
26395  -42.949  1.786  23.402 0.0000000000
26396  -43.385  2.003  22.544 0.0000000000
26397  -41.618  2.200  22.727 0.0000000000
26398  -40.502  2.997  22.107 0.0000000000
26399  -39.596  4.062  21.666 0.0000000000
26400  -39.146  5.296  21.615 0.0000000000
26401  -38.415  4.988  22.240 0.0000000000
26402  -37.344  6.006  22.943 0.0000000000
26403  -36.378  7.063  23.545 0.0000000000
26404  -33.323  8.830  26.611 0.0000000000
26405  -33.734  9.181  25.874 0.0000000000
26406  -33.476  10.585  26.480 0.0000000000
26407  -33.645  12.207  26.254 0.0000000000
26408  -33.853  13.776  25.925 0.0000000000
26409  -34.173  15.299  25.641 0.0000000000
26410  -34.080  15.042  26.538 0.0000000000
26411  -34.457  16.410  27.178 0.0000000000
26412  -35.064  17.608  27.850 0.0000000000
26418  -40.463  1.066  39.879 0.0000000000
26419  -41.828  0.203  39.682 0.0000000000
26420  -40.291  0.687  39.091 0.0000000000
26421  -40.133  0.186  38.189 0.0000000000
26422  -40.048  -0.453  37.238 0.0000000000
26423  -39.962  -1.012  36.242 0.0000000000
26424  -38.824  0.221  36.638 0.0000000000
26425  -37.846  1.107  36.163 0.0000000000
26426  -37.137  2.192  35.746 0.0000000000
26440  -35.525  8.759  34.118 0.0000000000
26441  -34.825  8.665  33.275 0.0000000000
26450  -38.871  19.588  30.633 0.0000000000
27234  -45.899  11.548  19.835 0.0000000000
27235  -45.931  11.218  18.351 0.0000000000
29230  -36.696  15.595  22.901 0.0000000000
29231  -37.941  15.268  22.572 0.0000000000
30283  -47.500  1.331  29.131 0.0000000000
30284  -47.407  2.018  28.643 0.0000000000
30285  -45.679  1.220  28.602 0.0000000000
30286  -44.040  1.166  28.096 0.0000000000
30287  -42.496  1.294  27.391 0.0000000000
30288  -40.708  0.209  28.185 0.0000000000
30289  -40.802  0.865  27.454 0.0000000000
30290  -41.020  1.358  26.605 0.0000000000
30291  -39.665  1.553  25.917 0.0000000000
30292  -38.322  1.982  25.209 0.0000000000
30293  -37.287  2.783  24.730 0.0000000000
30294  -36.490  4.000  24.389 0.0000000000
30295  -35.947  3.608  25.138 0.0000000000
30296  -34.804  4.670  25.604 0.0000000000
30297  -33.889  5.879  26.157 0.0000000000
30298  -34.102  3.993  27.356 0.0000000000
30299  -33.528  5.542  27.011 0.0000000000
30300  -33.257  7.165  26.744 0.0000000000
30301  -33.001  8.559  27.459 0.0000000000
30302  -33.011  9.977  28.167 0.0000000000
30303  -33.319  11.392  28.887 0.0000000000
30304  -48.514  0.662  43.938 0.0000000000
30305  -48.102  0.199  42.923 0.0000000000
30306  -46.543  1.006  42.947 0.0000000000
30307  -44.456  1.183  42.265 0.0000000000
30308  -42.513  1.279  41.466 0.0000000000
30309  -41.989  2.155  42.664 0.0000000000
30312  -39.191  2.015  40.275 0.0000000000
30313  -37.978  2.996  39.944 0.0000000000
32742  -51.060  2.469  29.942 0.0000000000
32751  -49.341  1.590  29.750 0.0000000000
32752  -47.516  0.667  29.592 0.0000000000
32753  -45.694  -0.243  29.508 0.0000000000
32754  -43.956  -0.907  29.579 0.0000000000
32755  -45.466  -1.374  30.973 0.0000000000
32756  -43.844  -1.458  30.320 0.0000000000
32757  -42.164  -1.372  29.825 0.0000000000
32758  -40.480  -1.431  30.201 0.0000000000
32759  -38.861  -1.092  30.740 0.0000000000
32760  -37.412  -0.370  31.255 0.0000000000
33328  -42.169  7.082  19.348 0.0000000000
33329  -43.054  7.492  18.476 0.0000000000
33330  -42.515  8.211  19.483 0.0000000000
33331  -43.065  9.239  19.756 0.0000000000
33332  -43.828  10.165  20.162 0.0000000000
33333  -42.037  10.427  21.938 0.0000000000
33334  -43.406  10.602  21.476 0.0000000000
33335  -44.745  10.933  20.697 0.0000000000
34452  -51.069  -1.300  44.883 0.0000000000
34462  -48.672  0.980  44.865 0.0000000000
34463  -47.359  1.770  44.957 0.0000000000
34464  -46.161  2.407  45.135 0.0000000000
36115  -49.240  2.653  18.190 0.0000000000
36116  -47.893  2.633  17.433 0.0000000000
36117  -46.645  3.017  16.850 0.0000000000
36118  -45.420  3.590  17.350 0.0000000000
36119  -44.282  4.197  17.848 0.0000000000
36120  -43.263  4.961  18.416 0.0000000000
36130  -47.596  2.573  27.959 0.0000000000
36131  -48.002  2.806  27.042 0.0000000000
36132  -48.435  2.731  26.135 0.0000000000
36133  -45.220  2.086  25.496 0.0000000000
36134  -47.080  2.306  25.404 0.0000000000
36135  -48.879  2.671  25.325 0.0000000000
36137  -49.707  2.703  23.497 0.0000000000
36138  -50.061  2.833  22.668 0.0000000000
36139  -48.604  2.554  21.942 0.0000000000
36140  -47.246  2.408  21.345 0.0000000000
36141  -45.819  2.394  20.632 0.0000000000
36142  -43.813  2.221  21.693 0.0000000000
36143  -44.220  2.473  20.855 0.0000000000
36144  -44.560  2.684  19.982 0.0000000000
36145  -43.523  3.410  19.421 0.0000000000
36146  -42.724  4.455  19.075 0.0000000000
36147  -42.253  5.763  19.135 0.0000000000
36148  -41.399  6.562  19.971 0.0000000000
36149  -40.641  7.356  20.867 0.0000000000
36150  -39.911  8.176  21.737 0.0000000000
36151  -38.948  6.512  21.808 0.0000000000
36152  -38.962  7.819  22.196 0.0000000000
36153  -39.103  9.173  22.432 0.0000000000
36154  -38.268  10.381  23.090 0.0000000000
36155  -37.535  11.710  23.341 0.0000000000
36156  -36.813  13.050  23.365 0.0000000000
36157  -36.012  5.349  24.169 0.0000000000
36158  -35.677  6.846  24.103 0.0000000000
36159  -35.484  8.276  24.074 0.0000000000
36160  -34.250  9.414  25.143 0.0000000000
36161  -34.849  9.678  24.590 0.0000000000
36162  -35.539  9.855  24.069 0.0000000000
36163  -35.656  11.452  23.940 0.0000000000
36164  -35.870  12.920  23.654 0.0000000000
36165  -36.290  14.399  23.304 0.0000000000
36166  -35.778  15.553  23.407 0.0000000000
36167  -35.387  16.757  23.626 0.0000000000
36168  -35.297  17.971  24.018 0.0000000000
36169  -34.536  16.706  25.259 0.0000000000
36170  -34.879  17.978  24.859 0.0000000000
36184  -47.706  -0.273  42.029 0.0000000000
36185  -47.214  -0.712  41.092 0.0000000000
36187  -43.219  -0.578  39.500 0.0000000000
36188  -44.795  -1.247  39.307 0.0000000000
36189  -46.515  -1.752  39.121 0.0000000000
36190  -46.219  -2.164  38.038 0.0000000000
36192  -46.106  -2.454  35.802 0.0000000000
36193  -44.551  -2.507  34.974 0.0000000000
36194  -43.109  -2.425  34.321 0.0000000000
36195  -41.661  -2.214  33.700 0.0000000000
36196  -40.047  -1.440  35.268 0.0000000000
36197  -40.095  -1.750  34.245 0.0000000000
36198  -40.191  -1.915  33.119 0.0000000000
36199  -38.867  -1.213  32.646 0.0000000000
36200  -37.473  -0.318  32.273 0.0000000000
36201  -36.128  0.796  31.993 0.0000000000
36210  -37.111  5.425  39.303 0.0000000000
36220  -36.841  4.441  37.240 0.0000000000
36221  -36.795  3.925  36.276 0.0000000000
36222  -36.512  3.492  35.357 0.0000000000
36223  -36.072  6.641  35.563 0.0000000000
36224  -35.875  4.902  35.055 0.0000000000
36225  -36.079  3.053  34.498 0.0000000000
36226  -35.649  2.640  33.616 0.0000000000
36227  -35.267  2.265  32.716 0.0000000000
36228  -35.053  1.991  31.730 0.0000000000
36229  -34.217  3.406  31.371 0.0000000000
36230  -33.703  4.984  30.969 0.0000000000
36231  -33.329  6.625  30.692 0.0000000000
36232  -34.146  8.490  32.439 0.0000000000
36233  -33.584  8.326  31.491 0.0000000000
36234  -33.154  8.274  30.491 0.0000000000
36235  -33.260  9.789  30.171 0.0000000000
36236  -33.585  11.420  29.911 0.0000000000
36237  -34.118  12.920  29.585 0.0000000000
36244  -35.713  14.277  30.973 0.0000000000
36245  -35.170  14.214  30.230 0.0000000000
36246  -34.679  14.366  29.301 0.0000000000
36247  -35.170  15.846  29.128 0.0000000000
36248  -35.607  17.453  28.912 0.0000000000
36249  -36.038  18.842  28.452 0.0000000000
36250  -38.058  19.870  29.687 0.0000000000
36251  -37.260  19.996  28.703 0.0000000000
36252  -36.562  20.140  27.766 0.0000000000
36253  -37.098  21.439  27.052 0.0000000000
37827  -43.971  7.904  17.542 0.0000000000
37828  -44.920  8.153  16.564 0.0000000000
37829  -45.799  8.356  15.583 0.0000000000
37830  -46.012  10.485  17.010 0.0000000000
37831  -46.266  9.546  15.756 0.0000000000
37832  -46.546  8.551  14.537 0.0000000000
37833  -47.139  8.752  13.417 0.0000000000
37834  -47.654  8.924  12.008 0.0000000000
41315  -36.646  0.151  30.709 0.0000000000
41316  -36.582  0.281  30.272 0.0000000000
41317  -36.004  0.735  30.545 0.0000000000
41318  -35.409  1.320  30.357 0.0000000000
41319  -35.477  1.245  30.803 0.0000000000
41467  -43.318  5.927  18.134 0.0000000000
41468  -43.729  6.083  17.677 0.0000000000
41469  -43.352  6.505  18.043 0.0000000000
42067  -37.638  13.774  23.093 0.0000000000
42068  -38.293  13.639  23.038 0.0000000000
42069  -37.987  14.273  22.903 0.0000000000
42820  -50.077  2.676  29.275 0.0000000000
42821  -50.027  2.984  28.983 0.0000000000
42822  -49.192  2.547  28.930 0.0000000000
42823  -38.333  2.592  24.208 0.0000000000
42824  -39.160  2.309  24.093 0.0000000000
42825  -38.595  2.746  23.824 0.0000000000
42826  -38.854  2.886  23.420 0.0000000000
42827  -38.080  3.288  23.595 0.0000000000
42828  -37.772  3.853  23.408 0.0000000000
42829  -37.450  3.688  23.813 0.0000000000
42830  -33.518  12.320  28.331 0.0000000000
42831  -33.513  12.480  27.865 0.0000000000
42832  -33.733  13.110  28.174 0.0000000000
42833  -33.925  13.899  28.006 0.0000000000
42834  -34.014  13.771  28.445 0.0000000000
42835  -50.527  -0.838  44.104 0.0000000000
42836  -50.423  -0.991  43.563 0.0000000000
42837  -49.731  -0.505  43.556 0.0000000000
42838  -37.480  3.369  38.822 0.0000000000
42839  -37.937  2.615  38.447 0.0000000000
42840  -37.479  3.164  38.237 0.0000000000
42841  -37.492  2.835  37.734 0.0000000000
42842  -37.121  3.641  38.056 0.0000000000
45220  -43.115  -0.572  29.077 0.0000000000
45221  -43.140  -0.222  28.820 0.0000000000
45222  -42.281  -0.489  28.906 0.0000000000
45223  -36.677  1.311  27.545 0.0000000000
45224  -37.458  1.082  27.368 0.0000000000
45225  -36.762  1.476  27.034 0.0000000000
45226  -36.925  1.693  26.582 0.0000000000
45227  -36.189  1.955  26.816 0.0000000000
45228  -35.706  2.477  26.595 0.0000000000
45229  -35.545  2.290  27.076 0.0000000000
45230  -33.157  5.742  29.252 0.0000000000
45231  -33.114  5.824  28.789 0.0000000000
45232  -32.985  6.592  29.105 0.0000000000
45233  -32.893  7.419  28.995 0.0000000000
45234  -32.950  7.336  29.475 0.0000000000
45682  -47.474  3.136  15.614 0.0000000000
45683  -47.801  3.287  15.072 0.0000000000
45684  -47.154  3.511  15.296 0.0000000000
45685  -46.209  6.859  14.513 0.0000000000
45686  -46.558  6.416  14.022 0.0000000000
45687  -46.569  6.941  13.932 0.0000000000
45688  -46.868  7.020  13.349 0.0000000000
45689  -46.623  7.447  13.862 0.0000000000
47023  -49.358  -0.287  32.345 0.0000000000
47024  -50.235  0.092  32.397 0.0000000000
47025  -49.623  0.032  31.967 0.0000000000
47026  -49.837  0.356  31.569 0.0000000000
47027  -48.930  -0.073  31.485 0.0000000000
47028  -48.204  -0.219  31.022 0.0000000000
47029  -48.019  -0.504  31.411 0.0000000000
47030  -42.708  -2.228  32.335 0.0000000000
47031  -42.792  -2.129  31.865 0.0000000000
47032  -41.939  -2.146  32.012 0.0000000000
47033  -41.158  -2.003  31.757 0.0000000000
47034  -41.111  -2.065  32.249 0.0000000000
47482  -40.495  8.901  21.722 0.0000000000
47483  -41.089  9.048  21.364 0.0000000000
47484  -40.742  9.429  21.832 0.0000000000
47486  -42.883  12.399  22.989 0.0000000000
49730  -46.873  2.484  19.566 0.0000000000
49731  -46.990  2.522  19.083 0.0000000000
49732  -46.198  2.577  19.253 0.0000000000
49733  -45.578  2.776  18.948 0.0000000000
49734  -45.444  2.670  19.408 0.0000000000
49738  -50.794  3.599  26.533 0.0000000000
49739  -51.659  3.949  26.502 0.0000000000
49740  -51.015  3.567  26.062 0.0000000000
49741  -51.225  3.569  25.565 0.0000000000
49742  -50.375  3.213  25.609 0.0000000000
49743  -43.459  1.795  26.960 0.0000000000
49744  -44.385  1.997  26.897 0.0000000000
49745  -43.688  1.925  26.516 0.0000000000
49746  -44.584  1.814  23.664 0.0000000000
49747  -45.247  1.909  23.957 0.0000000000
49748  -45.488  1.881  23.515 0.0000000000
49749  -46.353  2.029  23.396 0.0000000000
49750  -45.698  1.947  23.098 0.0000000000
49751  -45.896  2.032  22.662 0.0000000000
49752  -45.013  1.941  22.750 0.0000000000
49753  -40.553  3.854  21.137 0.0000000000
49754  -41.297  3.505  20.926 0.0000000000
49755  -40.867  4.035  20.757 0.0000000000
49756  -41.160  4.209  20.432 0.0000000000
49757  -40.543  4.625  20.691 0.0000000000
49758  -40.334  5.234  20.697 0.0000000000
49759  -39.987  5.027  21.008 0.0000000000
49760  -36.714  7.864  23.342 0.0000000000
49761  -37.109  7.990  23.127 0.0000000000
49762  -36.713  8.596  23.404 0.0000000000
49763  -36.742  9.447  23.455 0.0000000000
49764  -36.342  9.370  23.647 0.0000000000
49765  -33.994  6.831  25.693 0.0000000000
49766  -34.257  7.019  25.333 0.0000000000
49767  -33.951  7.647  25.592 0.0000000000
49768  -34.038  13.177  25.314 0.0000000000
49769  -34.159  12.505  25.101 0.0000000000
49770  -34.260  13.272  24.906 0.0000000000
49771  -34.544  13.355  24.526 0.0000000000
49772  -34.389  14.005  24.702 0.0000000000
49773  -34.564  14.784  24.542 0.0000000000
49774  -34.326  14.717  24.971 0.0000000000
49775  -35.084  18.375  27.108 0.0000000000
49776  -34.936  18.480  26.610 0.0000000000
49777  -35.322  19.058  26.838 0.0000000000
49778  -35.580  19.666  26.514 0.0000000000
49779  -35.745  19.597  27.034 0.0000000000
49788  -43.076  0.630  40.974 0.0000000000
49789  -43.799  0.198  40.857 0.0000000000
49790  -42.896  0.329  40.491 0.0000000000
49791  -41.408  -1.148  37.374 0.0000000000
49792  -42.158  -1.258  37.727 0.0000000000
49793  -42.108  -1.542  37.207 0.0000000000
49794  -42.834  -1.866  37.015 0.0000000000
49795  -42.066  -1.777  36.695 0.0000000000
49796  -42.046  -1.994  36.157 0.0000000000
49797  -41.339  -1.662  36.371 0.0000000000
49798  -37.424  1.120  35.023 0.0000000000
49799  -37.833  0.358  34.745 0.0000000000
49800  -37.329  0.913  34.511 0.0000000000
49801  -37.207  0.715  34.076 0.0000000000
49802  -36.842  1.534  34.350 0.0000000000
49821  -35.152  7.204  33.942 0.0000000000
49822  -35.206  6.559  34.078 0.0000000000
49823  -34.902  6.417  33.627 0.0000000000
49824  -34.727  5.588  33.374 0.0000000000
49825  -34.616  6.301  33.211 0.0000000000
49826  -34.357  6.173  32.744 0.0000000000
49827  -34.545  7.040  33.053 0.0000000000
49844  -39.490  22.230  28.793 0.0000000000
51150  -44.505  10.278  19.087 0.0000000000
51151  -44.614  10.005  18.431 0.0000000000
51152  -44.990  10.521  18.602 0.0000000000
51154  -47.770  11.448  15.702 0.0000000000
51156  -48.088  11.021  14.394 0.0000000000
54820  -39.704  -0.958  29.704 0.0000000000
54821  -39.714  -0.705  29.322 0.0000000000
54822  -38.870  -0.613  29.523 0.0000000000
54823  -36.565  0.546  29.339 0.0000000000
54824  -37.250  0.256  29.141 0.0000000000
54825  -36.550  0.729  28.851 0.0000000000
54826  -36.568  0.931  28.416 0.0000000000
54827  -35.871  1.257  28.665 0.0000000000
54828  -35.300  1.816  28.463 0.0000000000
54829  -35.286  1.686  28.935 0.0000000000
54830  -34.354  2.684  29.985 0.0000000000
54831  -34.330  2.765  29.500 0.0000000000
54832  -33.950  3.422  29.817 0.0000000000
54833  -33.640  4.203  29.638 0.0000000000
54834  -33.677  4.119  30.110 0.0000000000
55282  -45.157  4.373  16.829 0.0000000000
55283  -45.524  4.482  16.291 0.0000000000
55284  -45.032  4.865  16.625 0.0000000000
55285  -44.523  6.408  16.689 0.0000000000
55286  -44.917  5.925  16.285 0.0000000000
55287  -44.973  6.474  16.155 0.0000000000
55288  -45.401  6.594  15.631 0.0000000000
55289  -45.067  7.033  16.078 0.0000000000
56630  -45.587  -2.165  33.752 0.0000000000
56631  -45.727  -2.018  33.283 0.0000000000
56632  -44.895  -2.223  33.344 0.0000000000
56633  -44.194  -2.242  32.989 0.0000000000
56634  -44.082  -2.353  33.512 0.0000000000
57082  -39.006  11.135  23.068 0.0000000000
57083  -39.679  11.052  22.881 0.0000000000
57084  -39.286  11.722  23.068 0.0000000000
57085  -39.574  13.465  22.958 0.0000000000
57086  -39.884  12.856  23.045 0.0000000000
57087  -40.266  13.345  22.972 0.0000000000
57088  -41.033  13.216  23.046 0.0000000000
57089  -40.698  13.786  22.910 0.0000000000
59330  -49.650  2.955  20.977 0.0000000000
59331  -49.713  2.982  20.513 0.0000000000
59332  -48.922  2.760  20.616 0.0000000000
59333  -48.221  2.594  20.278 0.0000000000
59334  -48.158  2.598  20.759 0.0000000000
59338  -50.092  3.459  28.288 0.0000000000
59339  -50.935  3.801  28.330 0.0000000000
59340  -50.209  3.586  27.863 0.0000000000
59341  -50.348  3.637  27.429 0.0000000000
59342  -49.540  3.321  27.435 0.0000000000
59343  -40.791  1.706  25.457 0.0000000000
59344  -41.707  1.741  25.409 0.0000000000
59345  -41.035  1.772  25.044 0.0000000000
59346  -40.898  1.949  23.916 0.0000000000
59347  -41.552  1.781  24.267 0.0000000000
59348  -41.811  1.798  23.878 0.0000000000
59349  -42.734  1.749  23.819 0.0000000000
59350  -42.051  1.842  23.462 0.0000000000
59351  -42.230  1.951  23.070 0.0000000000
59352  -41.391  2.081  23.122 0.0000000000
59353  -39.461  3.194  22.623 0.0000000000
59354  -40.239  2.834  22.487 0.0000000000
59355  -39.736  3.342  22.245 0.0000000000
59356  -39.995  3.501  21.873 0.0000000000
59357  -39.308  3.898  22.021 0.0000000000
59358  -38.984  4.493  21.943 0.0000000000
59359  -38.678  4.325  22.289 0.0000000000
59360  -37.208  5.118  23.216 0.0000000000
59361  -37.530  5.329  22.931 0.0000000000
59362  -37.006  5.824  23.227 0.0000000000
59363  -36.835  6.537  23.252 0.0000000000
59364  -36.509  6.360  23.520 0.0000000000
59365  -33.238  9.561  26.980 0.0000000000
59366  -33.391  9.706  26.593 0.0000000000
59367  -33.313  10.450  26.881 0.0000000000
59368  -33.566  12.747  26.976 0.0000000000
59369  -33.529  12.127  26.610 0.0000000000
59370  -33.648  12.908  26.516 0.0000000000
59371  -33.734  12.994  26.111 0.0000000000
59372  -33.774  13.674  26.362 0.0000000000
59373  -33.934  14.437  26.202 0.0000000000
59374  -33.892  14.294  26.652 0.0000000000
59375  -34.318  15.498  27.770 0.0000000000
59376  -34.251  15.635  27.292 0.0000000000
59377  -34.531  16.263  27.682 0.0000000000
59378  -34.738  17.016  27.537 0.0000000000
59379  -34.880  16.876  28.044 0.0000000000
59383  -50.124  -1.305  42.511 0.0000000000
59384  -50.855  -1.718  42.516 0.0000000000
59385  -49.961  -1.514  42.018 0.0000000000
59386  -49.823  -1.723  41.575 0.0000000000
59387  -49.044  -1.287  41.568 0.0000000000
59388  -39.757  1.362  39.613 0.0000000000
59389  -40.387  0.871  39.479 0.0000000000
59390  -39.713  1.190  39.188 0.0000000000
59391  -38.924  1.156  38.010 0.0000000000
59392  -39.569  0.764  38.316 0.0000000000
59393  -39.486  0.481  37.867 0.0000000000
59394  -40.062  -0.121  37.734 0.0000000000
59395  -39.427  0.163  37.402 0.0000000000
59396  -39.415  -0.160  36.928 0.0000000000
59397  -38.820  0.517  37.099 0.0000000000
59398  -37.448  2.170  36.849 0.0000000000
59399  -37.846  1.373  36.647 0.0000000000
59400  -37.464  1.910  36.419 0.0000000000
59401  -37.484  1.646  35.959 0.0000000000
59402  -37.106  2.436  36.183 0.0000000000
64282  -36.385  16.176  22.880 0.0000000000
64283  -36.943  16.044  22.667 0.0000000000
64284  -36.628  16.614  22.686 0.0000000000
66535  -46.639  0.898  29.055 0.0000000000
66536  -46.596  1.261  28.845 0.0000000000
66537  -45.732  0.851  28.806 0.0000000000
66538  -43.195  0.509  28.348 0.0000000000
66539  -44.061  0.829  28.349 0.0000000000
66540  -43.198  0.867  28.106 0.0000000000
66541  -43.272  1.202  27.795 0.0000000000
66542  -42.423  0.959  27.760 0.0000000000
66543  -39.779  -0.181  28.612 0.0000000000
66544  -40.678  -0.097  28.519 0.0000000000
66545  -39.816  0.095  28.254 0.0000000000
66546  -39.191  0.933  27.110 0.0000000000
66547  -39.936  0.721  27.461 0.0000000000
66548  -40.028  0.999  27.075 0.0000000000
66549  -40.887  1.113  27.046 0.0000000000
66550  -40.166  1.239  26.686 0.0000000000
66551  -40.399  1.456  26.254 0.0000000000
66552  -39.501  1.410  26.346 0.0000000000
66553  -37.307  2.043  25.736 0.0000000000
66554  -38.071  1.844  25.629 0.0000000000
66555  -37.517  2.207  25.321 0.0000000000
66556  -37.761  2.347  24.933 0.0000000000
66557  -36.999  2.631  25.135 0.0000000000
66558  -36.591  3.168  24.924 0.0000000000
66559  -36.298  3.011  25.329 0.0000000000
66560  -34.877  3.784  26.183 0.0000000000
66561  -35.095  3.956  25.768 0.0000000000
66562  -34.570  4.500  26.018 0.0000000000
66563  -34.328  5.235  25.875 0.0000000000
66564  -34.105  5.085  26.282 0.0000000000
66565  -34.412  3.092  28.037 0.0000000000
66566  -34.477  3.262  27.560 0.0000000000
66567  -34.046  3.815  27.831 0.0000000000
66568  -33.133  6.092  27.828 0.0000000000
66569  -33.368  5.444  27.486 0.0000000000
66570  -33.215  6.242  27.364 0.0000000000
66571  -33.357  6.346  26.890 0.0000000000
66572  -33.116  7.058  27.217 0.0000000000
66573  -33.085  7.896  27.120 0.0000000000
66574  -32.982  7.746  27.575 0.0000000000
66575  -32.896  9.022  28.754 0.0000000000
66576  -32.904  9.115  28.264 0.0000000000
66577  -32.991  9.865  28.644 0.0000000000
66578  -33.130  10.701  28.544 0.0000000000
66579  -33.143  10.581  29.023 0.0000000000
66580  -47.817  1.108  43.885 0.0000000000
66581  -47.585  0.886  43.407 0.0000000000
66582  -46.818  1.310  43.444 0.0000000000
66583  -44.042  1.771  42.791 0.0000000000
66584  -44.734  1.495  42.703 0.0000000000
66585  -43.724  1.526  42.347 0.0000000000
66586  -43.460  1.232  41.885 0.0000000000
66587  -42.801  1.537  41.909 0.0000000000
67935  -46.311  4.675  15.119 0.0000000000
67936  -46.794  4.347  14.758 0.0000000000
67937  -46.709  4.820  14.516 0.0000000000
71953  -50.122  1.024  30.777 0.0000000000
71954  -51.022  1.427  30.913 0.0000000000
71955  -50.212  1.355  30.436 0.0000000000
71956  -50.255  1.681  30.135 0.0000000000
71957  -49.323  1.243  30.046 0.0000000000
71958  -48.427  1.135  29.649 0.0000000000
71959  -48.427  0.767  29.946 0.0000000000
71960  -46.600  -0.453  30.170 0.0000000000
71961  -46.624  -0.137  29.820 0.0000000000
71962  -45.705  -0.564  29.848 0.0000000000
71963  -44.814  -0.609  29.509 0.0000000000
71964  -44.768  -0.923  29.867 0.0000000000
71965  -46.173  -1.466  31.843 0.0000000000
71966  -46.307  -1.244  31.369 0.0000000000
71967  -45.342  -1.564  31.436 0.0000000000
71968  -42.870  -1.839  30.898 0.0000000000
71969  -43.791  -1.673  30.743 0.0000000000
71970  -42.926  -1.659  30.437 0.0000000000
71971  -43.006  -1.415  30.030 0.0000000000
71972  -42.112  -1.594  30.194 0.0000000000
71973  -41.324  -1.482  30.004 0.0000000000
71974  -41.271  -1.643  30.405 0.0000000000
71975  -39.628  -1.526  31.270 0.0000000000
71976  -39.640  -1.429  30.862 0.0000000000
71977  -38.874  -1.170  31.136 0.0000000000
71978  -38.131  -0.787  30.992 0.0000000000
71979  -38.138  -0.800  31.403 0.0000000000
73327  -41.847  7.491  19.819 0.0000000000
73328  -42.300  7.658  19.397 0.0000000000
73329  -42.025  8.064  19.907 0.0000000000
73330  -42.311  9.332  20.687 0.0000000000
73331  -42.551  9.043  20.161 0.0000000000
73332  -42.868  9.490  20.367 0.0000000000
73333  -43.437  9.721  19.951 0.0000000000
73334  -43.239  9.936  20.590 0.0000000000
73335  -41.038  10.913  22.532 0.0000000000
73336  -41.397  10.398  22.155 0.0000000000
73337  -41.733  10.898  22.356 0.0000000000
73338  -43.581  11.353  22.269 0.0000000000
73339  -43.131  10.940  21.999 0.0000000000
73340  -43.852  10.973  21.709 0.0000000000
73341  -44.076  10.702  21.053 0.0000000000
73342  -44.567  11.069  21.365 0.0000000000
73343  -45.235  11.312  20.990 0.0000000000
73351  -38.602  15.117  22.428 0.0000000000
76010  -48.093  1.353  45.750 0.0000000000
76011  -48.137  1.403  45.361 0.0000000000
76012  -47.481  1.806  45.462 0.0000000000
76013  -46.760  2.106  45.111 0.0000000000
76014  -46.816  2.090  45.583 0.0000000000
80065  -49.896  2.863  19.043 0.0000000000
80066  -49.941  2.793  18.550 0.0000000000
80067  -49.190  2.694  18.690 0.0000000000
80068  -47.082  2.614  18.088 0.0000000000
80069  -47.815  2.579  17.939 0.0000000000
80070  -47.171  2.691  17.602 0.0000000000
80071  -47.237  2.756  17.106 0.0000000000
80072  -46.542  2.888  17.321 0.0000000000
80073  -46.002  3.304  17.104 0.0000000000
80074  -45.887  3.143  17.546 0.0000000000
80075  -44.511  3.476  18.405 0.0000000000
80076  -44.675  3.669  17.993 0.0000000000
80077  -44.099  3.974  18.210 0.0000000000
80078  -43.745  4.571  18.090 0.0000000000
80079  -43.523  4.331  18.474 0.0000000000
80103  -46.520  1.980  28.375 0.0000000000
80104  -47.447  2.355  28.349 0.0000000000
80105  -46.631  2.284  28.016 0.0000000000
80106  -46.344  2.420  26.748 0.0000000000
80107  -47.061  2.594  27.117 0.0000000000
80108  -47.283  2.589  26.655 0.0000000000
80109  -48.193  2.769  26.553 0.0000000000
80110  -47.519  2.555  26.207 0.0000000000
80111  -43.546  1.872  25.237 0.0000000000
80112  -44.287  1.978  25.559 0.0000000000
80113  -44.524  1.940  25.138 0.0000000000
80114  -46.679  2.136  24.601 0.0000000000
80115  -46.399  2.166  25.039 0.0000000000
80116  -47.329  2.276  24.935 0.0000000000
80117  -47.980  2.472  25.324 0.0000000000
80118  -48.237  2.473  24.889 0.0000000000
80119  -49.105  2.659  24.892 0.0000000000
80120  -48.448  2.478  24.464 0.0000000000
80121  -48.127  2.339  23.198 0.0000000000
80122  -48.814  2.485  23.572 0.0000000000
80123  -49.037  2.525  23.132 0.0000000000
80124  -49.913  2.757  23.070 0.0000000000
80125  -49.234  2.588  22.711 0.0000000000
80126  -49.368  2.667  22.328 0.0000000000
80127  -48.484  2.440  22.359 0.0000000000
80128  -46.219  2.213  21.828 0.0000000000
80129  -47.077  2.346  21.766 0.0000000000
80130  -46.387  2.290  21.427 0.0000000000
80131  -46.553  2.347  21.002 0.0000000000
80132  -45.677  2.298  21.109 0.0000000000
80133  -42.710  2.200  22.195 0.0000000000
80134  -43.600  2.120  22.119 0.0000000000
80135  -42.937  2.348  21.787 0.0000000000
80136  -42.796  2.950  20.647 0.0000000000
80137  -43.409  2.612  20.944 0.0000000000
80138  -43.607  2.725  20.543 0.0000000000
80139  -44.420  2.584  20.429 0.0000000000
80140  -43.787  2.856  20.109 0.0000000000
80141  -43.984  2.995  19.687 0.0000000000
80142  -43.280  3.245  19.820 0.0000000000
80143  -41.798  4.638  19.740 0.0000000000
80144  -42.430  4.233  19.451 0.0000000000
80145  -42.106  4.891  19.388 0.0000000000
80146  -42.441  5.117  19.067 0.0000000000
80147  -41.897  5.521  19.462 0.0000000000
80148  -41.807  6.157  19.540 0.0000000000
80149  -41.431  5.903  19.847 0.0000000000
80150  -40.205  6.475  20.904 0.0000000000
80151  -40.624  6.736  20.632 0.0000000000
80152  -40.194  7.111  21.137 0.0000000000
80153  -40.289  7.753  21.314 0.0000000000
80154  -39.839  7.529  21.576 0.0000000000
80155  -38.618  5.735  21.981 0.0000000000
80156  -39.014  5.897  21.686 0.0000000000
80157  -38.521  6.359  22.090 0.0000000000
80158  -38.001  8.196  22.721 0.0000000000
80159  -38.473  7.650  22.392 0.0000000000
80160  -38.505  8.349  22.525 0.0000000000
80161  -39.026  8.499  22.319 0.0000000000
80162  -38.572  9.054  22.632 0.0000000000
80163  -38.679  9.710  22.777 0.0000000000
80164  -38.133  9.612  22.944 0.0000000000
80165  -36.878  11.000  23.503 0.0000000000
80166  -37.390  11.002  23.371 0.0000000000
80167  -37.010  11.693  23.446 0.0000000000
80168  -37.174  12.393  23.360 0.0000000000
80169  -36.650  12.361  23.476 0.0000000000
80170  -35.864  4.499  24.625 0.0000000000
80171  -36.204  4.662  24.279 0.0000000000
80172  -35.657  5.200  24.514 0.0000000000
80173  -34.893  7.303  24.662 0.0000000000
80174  -35.355  6.675  24.399 0.0000000000
80175  -35.220  7.456  24.370 0.0000000000
80176  -35.554  7.597  24.089 0.0000000000
80177  -35.145  8.198  24.339 0.0000000000
80178  -33.764  9.991  25.798 0.0000000000
80179  -33.980  9.295  25.485 0.0000000000
80180  -33.979  10.111  25.444 0.0000000000
80181  -34.610  11.181  24.731 0.0000000000
80182  -34.568  10.367  24.829 0.0000000000
80183  -34.884  10.493  24.544 0.0000000000
80184  -35.191  9.767  24.311 0.0000000000
80185  -35.225  10.614  24.270 0.0000000000
80186  -35.584  10.701  24.016 0.0000000000
80187  -35.276  11.390  24.170 0.0000000000
80188  -35.200  13.475  23.933 0.0000000000
80189  -35.461  12.770  23.871 0.0000000000
80190  -35.600  13.567  23.709 0.0000000000
80191  -36.043  13.668  23.497 0.0000000000
80192  -35.798  14.348  23.541 0.0000000000
80193  -36.022  14.981  23.341 0.0000000000
80194  -35.583  14.930  23.612 0.0000000000
80195  -34.944  16.161  24.202 0.0000000000
80196  -35.243  16.124  23.820 0.0000000000
80197  -35.114  16.756  24.006 0.0000000000
80198  -35.338  17.375  23.811 0.0000000000
80199  -35.080  17.377  24.197 0.0000000000
80200  -34.295  15.921  25.956 0.0000000000
80201  -34.374  16.015  25.482 0.0000000000
80202  -34.436  16.654  25.754 0.0000000000
80203  -34.907  18.570  25.580 0.0000000000
80204  -34.768  17.971  25.333 0.0000000000
80205  -34.967  18.598  25.071 0.0000000000
80206  -35.082  18.615  24.576 0.0000000000
80207  -35.194  19.251  24.776 0.0000000000
80238  -47.117  0.365  42.492 0.0000000000
80239  -47.870  -0.055  42.467 0.0000000000
80240  -46.865  0.070  42.022 0.0000000000
80241  -45.399  -0.432  40.716 0.0000000000
80242  -46.385  -0.438  41.103 0.0000000000
80243  -46.187  -0.681  40.667 0.0000000000
80244  -47.019  -0.970  40.616 0.0000000000
80245  -45.967  -0.952  40.153 0.0000000000
80246  -41.705  -0.029  39.296 0.0000000000
80247  -42.542  -0.221  39.638 0.0000000000
80248  -42.336  -0.434  39.176 0.0000000000
80249  -43.816  -1.462  38.458 0.0000000000
80250  -43.856  -1.201  38.927 0.0000000000
80251  -44.703  -1.537  38.831 0.0000000000
80252  -45.660  -1.517  39.205 0.0000000000
80253  -45.520  -1.799  38.733 0.0000000000
80254  -46.401  -1.982  38.618 0.0000000000
80255  -45.420  -2.021  38.229 0.0000000000
80256  -44.465  -2.361  36.666 0.0000000000
80257  -45.296  -2.363  37.092 0.0000000000
80258  -45.275  -2.445  36.540 0.0000000000
80259  -46.091  -2.479  36.391 0.0000000000
80260  -45.248  -2.508  35.937 0.0000000000
80261  -45.307  -2.487  35.404 0.0000000000
80262  -44.492  -2.508  35.563 0.0000000000
80263  -42.148  -2.270  35.097 0.0000000000
80264  -42.974  -2.432  34.906 0.0000000000
80265  -42.247  -2.335  34.560 0.0000000000
80266  -42.396  -2.340  33.997 0.0000000000
80267  -41.556  -2.199  34.274 0.0000000000
80268  -39.381  -0.695  35.954 0.0000000000
80269  -39.998  -1.209  35.784 0.0000000000
80270  -39.421  -0.932  35.469 0.0000000000
80271  -38.835  -0.944  34.231 0.0000000000
80272  -39.424  -1.304  34.452 0.0000000000
80273  -39.474  -1.446  33.977 0.0000000000
80274  -40.161  -1.828  33.734 0.0000000000
80275  -39.500  -1.521  33.410 0.0000000000
80276  -39.530  -1.579  32.840 0.0000000000
80277  -38.868  -1.177  33.162 0.0000000000
80278  -36.972  0.456  33.130 0.0000000000
80279  -37.534  -0.230  32.807 0.0000000000
80280  -36.894  0.305  32.608 0.0000000000
80281  -36.782  0.242  32.111 0.0000000000
80282  -36.221  0.903  32.505 0.0000000000
80331  -36.587  5.502  36.401 0.0000000000
80332  -36.779  4.824  36.530 0.0000000000
80333  -36.627  4.632  36.084 0.0000000000
80334  -36.685  3.726  35.825 0.0000000000
80335  -36.399  4.423  35.671 0.0000000000
80339  -35.403  5.349  34.471 0.0000000000
80340  -35.656  5.546  34.897 0.0000000000
80341  -35.645  4.699  34.598 0.0000000000
80342  -35.958  3.973  34.756 0.0000000000
80343  -35.732  3.796  34.333 0.0000000000
80344  -35.867  2.844  34.035 0.0000000000
80345  -35.478  3.541  33.878 0.0000000000
80346  -34.756  3.762  32.785 0.0000000000
80347  -35.064  3.062  33.005 0.0000000000
80348  -34.934  2.859  32.522 0.0000000000
80349  -35.123  2.122  32.228 0.0000000000
80350  -34.735  2.770  32.025 0.0000000000
80351  -34.589  2.692  31.540 0.0000000000
80352  -34.394  3.471  31.846 0.0000000000
80353  -33.902  5.853  31.786 0.0000000000
80354  -33.882  5.004  31.448 0.0000000000
80355  -33.690  5.819  31.304 0.0000000000
80356  -33.467  5.795  30.787 0.0000000000
80357  -33.550  6.633  31.212 0.0000000000
80358  -34.877  9.427  33.198 0.0000000000
80359  -34.488  8.598  32.842 0.0000000000
80360  -34.511  9.363  32.787 0.0000000000
80361  -33.912  9.957  31.741 0.0000000000
80362  -33.863  9.184  31.886 0.0000000000
80363  -33.594  9.135  31.381 0.0000000000
80364  -33.352  8.281  31.007 0.0000000000
80365  -33.371  9.089  30.867 0.0000000000
80366  -33.189  9.024  30.328 0.0000000000
80367  -33.472  9.849  30.727 0.0000000000
80368  -34.298  12.238  30.655 0.0000000000
80369  -33.763  11.507  30.361 0.0000000000
80370  -34.038  12.191  30.208 0.0000000000
80371  -33.827  12.152  29.719 0.0000000000
80372  -34.295  12.837  30.077 0.0000000000
80391  -36.123  15.490  30.331 0.0000000000
80392  -35.784  14.796  30.472 0.0000000000
80393  -35.498  14.871  30.083 0.0000000000
80394  -34.945  14.279  29.762 0.0000000000
80395  -35.232  14.957  29.610 0.0000000000
80396  -34.941  15.095  29.186 0.0000000000
80397  -35.474  15.719  29.568 0.0000000000
80398  -36.538  17.947  29.662 0.0000000000
80399  -35.958  17.330  29.383 0.0000000000
80400  -36.170  18.031  29.198 0.0000000000
80401  -35.830  18.134  28.710 0.0000000000
80402  -36.380  18.773  28.950 0.0000000000
80403  -39.158  20.289  30.319 0.0000000000
80404  -38.463  19.740  30.167 0.0000000000
80405  -38.730  20.409  29.816 0.0000000000
80406  -38.176  21.247  28.422 0.0000000000
80407  -37.903  20.583  28.787 0.0000000000
80408  -37.580  20.664  28.313 0.0000000000
80409  -36.910  20.100  28.235 0.0000000000
80410  -37.196  20.748  27.845 0.0000000000
80411  -36.840  20.789  27.380 0.0000000000
80412  -37.429  21.383  27.490 0.0000000000
84330  -43.237  8.073  18.538 0.0000000000
84331  -43.524  7.695  17.993 0.0000000000
84332  -43.694  8.288  18.062 0.0000000000
84333  -44.914  9.263  17.196 0.0000000000
84334  -44.653  8.684  17.124 0.0000000000
84335  -45.123  8.772  16.669 0.0000000000
84336  -45.359  8.247  16.091 0.0000000000
84337  -45.570  8.852  16.170 0.0000000000
84338  -46.401  11.455  17.946 0.0000000000
84339  -45.942  10.927  17.654 0.0000000000
84340  -46.434  11.081  17.241 0.0000000000
84341  -47.114  10.237  15.389 0.0000000000
84342  -46.614  10.161  15.872 0.0000000000
84343  -46.745  9.628  15.274 0.0000000000
84344  -46.422  9.048  15.155 0.0000000000
84345  -46.815  9.154  14.652 0.0000000000
84346  -46.880  8.658  13.998 0.0000000000
84347  -47.118  9.255  14.076 0.0000000000
84348  -48.024  10.067  12.826 0.0000000000
84349  -47.673  9.443  12.759 0.0000000000
84350  -47.955  9.564  12.033 0.0000000000
84351  -47.922  9.051  11.243 0.0000000000
84352  -48.209  9.676  11.298 0.0000000000
92797  -38.082  -0.580  30.168 0.0000000000
92798  -38.065  -0.424  29.748 0.0000000000
92799  -37.309  -0.099  29.987 0.0000000000
92800  -36.575  0.401  29.819 0.0000000000
92801  -35.900  0.942  29.620 0.0000000000
92802  -35.294  1.545  29.395 0.0000000000
92803  -35.313  1.429  29.875 0.0000000000
92804  -34.855  1.966  30.206 0.0000000000
92805  -34.437  2.572  30.458 0.0000000000
93073  -44.217  5.115  17.425 0.0000000000
93074  -44.578  5.265  16.970 0.0000000000
93075  -44.149  5.682  17.311 0.0000000000
93076  -44.143  6.254  17.196 0.0000000000
93077  -44.224  6.854  17.060 0.0000000000
93884  -46.279  -2.091  34.103 0.0000000000
93885  -45.497  -2.292  34.227 0.0000000000
94153  -38.247  12.484  23.199 0.0000000000
94154  -38.898  12.393  23.143 0.0000000000
94155  -38.558  13.012  23.134 0.0000000000
94156  -38.918  13.573  22.979 0.0000000000
94157  -39.270  14.050  22.807 0.0000000000
95504  -50.363  3.146  21.359 0.0000000000
95505  -49.548  2.894  21.446 0.0000000000
95509  -50.007  3.255  28.664 0.0000000000
95510  -49.204  3.108  28.283 0.0000000000
95511  -39.437  1.955  24.768 0.0000000000
95512  -40.397  1.818  24.734 0.0000000000
95513  -39.711  2.024  24.389 0.0000000000
95514  -40.013  2.092  23.994 0.0000000000
95515  -40.281  2.200  23.593 0.0000000000
95516  -40.531  2.301  23.173 0.0000000000
95517  -39.694  2.575  23.281 0.0000000000
95518  -39.195  3.019  22.999 0.0000000000
95519  -38.727  3.604  22.825 0.0000000000
95520  -38.357  4.190  22.707 0.0000000000
95521  -38.074  4.020  23.058 0.0000000000
95522  -37.473  4.461  23.295 0.0000000000
95523  -36.907  4.943  23.561 0.0000000000
95524  -33.196  10.965  27.611 0.0000000000
95525  -33.302  11.150  27.165 0.0000000000
95526  -33.362  11.857  27.495 0.0000000000
95527  -33.521  12.622  27.421 0.0000000000
95528  -33.701  13.440  27.266 0.0000000000
95529  -33.893  14.153  27.123 0.0000000000
95530  -33.895  14.043  27.576 0.0000000000
95531  -34.151  14.687  27.882 0.0000000000
95532  -34.482  15.289  28.247 0.0000000000
95536  -50.287  -1.132  43.056 0.0000000000
95537  -49.409  -0.955  42.537 0.0000000000
95538  -38.488  2.236  39.194 0.0000000000
95539  -39.037  1.654  38.948 0.0000000000
95540  -38.482  2.091  38.697 0.0000000000
95541  -38.454  1.873  38.201 0.0000000000
95542  -38.364  1.572  37.730 0.0000000000
95543  -38.314  1.210  37.291 0.0000000000
95544  -37.863  2.042  37.482 0.0000000000
95545  -37.467  2.504  37.277 0.0000000000
95546  -37.144  3.004  37.091 0.0000000000
98473  -35.964  17.288  23.081 0.0000000000
99826  -44.885  0.087  28.985 0.0000000000
99827  -44.839  0.435  28.776 0.0000000000
99828  -44.023  0.092  28.765 0.0000000000
99829  -43.185  0.144  28.579 0.0000000000
99830  -42.355  0.258  28.368 0.0000000000
99831  -38.159  0.477  28.097 0.0000000000
99832  -38.983  0.411  27.953 0.0000000000
99833  -38.215  0.725  27.652 0.0000000000
99834  -38.334  0.962  27.207 0.0000000000
99835  -38.484  1.174  26.795 0.0000000000
99836  -38.614  1.372  26.402 0.0000000000
99837  -37.741  1.488  26.478 0.0000000000
99838  -37.106  1.886  26.156 0.0000000000
99839  -36.559  2.339  25.920 0.0000000000
99840  -36.048  2.871  25.723 0.0000000000
99841  -35.855  2.711  26.143 0.0000000000
99842  -35.246  3.102  26.398 0.0000000000
99843  -34.704  3.582  26.637 0.0000000000
99844  -33.615  4.336  28.641 0.0000000000
99845  -33.636  4.471  28.132 0.0000000000
99846  -33.323  5.134  28.468 0.0000000000
99847  -33.107  5.940  28.319 0.0000000000
99848  -32.964  6.827  28.150 0.0000000000
99849  -32.915  7.616  28.033 0.0000000000
99850  -32.890  7.512  28.517 0.0000000000
99851  -32.871  8.234  28.895 0.0000000000
99852  -32.914  8.936  29.253 0.0000000000
99853  -46.422  1.886  44.079 0.0000000000
99854  -46.111  1.659  43.553 0.0000000000
99855  -45.417  2.016  43.712 0.0000000000
99856  -44.406  2.018  43.295 0.0000000000
99857  -43.518  1.988  42.949 0.0000000000
100665  -46.147  5.732  14.774 0.0000000000
100666  -46.633  5.301  14.321 0.0000000000
100667  -46.582  5.880  14.155 0.0000000000
103078  -49.997  0.679  31.178 0.0000000000
103079  -49.208  0.577  30.729 0.0000000000
103080  -48.394  0.417  30.277 0.0000000000
103081  -48.328  0.096  30.637 0.0000000000
103082  -47.451  -0.330  30.577 0.0000000000
103083  -46.541  -0.742  30.555 0.0000000000
103084  -44.392  -1.984  32.057 0.0000000000
103085  -44.502  -1.818  31.565 0.0000000000
103086  -43.652  -2.025  31.714 0.0000000000
103087  -42.807  -1.984  31.379 0.0000000000
103088  -42.021  -1.920  31.110 0.0000000000
103089  -41.200  -1.779  30.829 0.0000000000
103090  -41.175  -1.909  31.283 0.0000000000
103091  -40.395  -1.817  31.512 0.0000000000
103092  -39.595  -1.572  31.739 0.0000000000
103900  -41.222  8.224  20.799 0.0000000000
103901  -41.766  8.382  20.371 0.0000000000
103902  -41.440  8.699  20.867 0.0000000000
103903  -41.721  9.171  21.006 0.0000000000
103904  -42.000  9.629  21.209 0.0000000000
103905  -41.723  11.971  22.850 0.0000000000
103906  -42.101  11.401  22.582 0.0000000000
103907  -42.507  11.893  22.772 0.0000000000
103908  -43.245  11.817  22.698 0.0000000000
103909  -44.005  11.788  22.522 0.0000000000
105512  -48.632  0.842  46.032 0.0000000000
105513  -48.039  1.227  46.095 0.0000000000
107944  -48.399  2.585  19.302 0.0000000000
107945  -48.453  2.574  18.800 0.0000000000
107946  -47.732  2.525  18.937 0.0000000000
107947  -47.006  2.561  18.576 0.0000000000
107948  -46.364  2.726  18.262 0.0000000000
107949  -45.782  2.994  18.000 0.0000000000
107950  -45.719  2.883  18.464 0.0000000000
107951  -45.018  3.043  18.675 0.0000000000
107952  -44.348  3.298  18.844 0.0000000000
107967  -44.990  1.866  27.721 0.0000000000
107968  -45.855  2.220  27.638 0.0000000000
107969  -45.128  2.087  27.283 0.0000000000
107970  -45.362  2.221  26.825 0.0000000000
107971  -45.666  2.280  26.343 0.0000000000
107972  -44.088  1.809  24.440 0.0000000000
107973  -44.788  1.919  24.731 0.0000000000
107974  -45.030  1.915  24.346 0.0000000000
107975  -45.960  2.013  24.265 0.0000000000
107976  -46.846  2.118  24.145 0.0000000000
107977  -47.709  2.285  24.044 0.0000000000
107978  -47.026  2.135  23.702 0.0000000000
107979  -47.224  2.178  23.269 0.0000000000
107980  -47.405  2.277  22.821 0.0000000000
107981  -47.605  2.332  22.437 0.0000000000
107982  -46.744  2.154  22.544 0.0000000000
107983  -46.078  2.125  22.216 0.0000000000
107984  -45.363  2.127  21.886 0.0000000000
107985  -41.553  2.918  21.578 0.0000000000
107986  -42.350  2.691  21.458 0.0000000000
107987  -41.779  3.095  21.167 0.0000000000
107988  -42.034  3.199  20.768 0.0000000000
107989  -42.276  3.346  20.372 0.0000000000
107990  -42.537  3.521  19.978 0.0000000000
107991  -41.815  3.828  20.209 0.0000000000
107992  -41.491  4.408  20.088 0.0000000000
107993  -41.231  5.040  20.078 0.0000000000
107994  -41.062  5.660  20.125 0.0000000000
107995  -40.704  5.449  20.401 0.0000000000
107996  -40.236  5.837  20.778 0.0000000000
107997  -39.815  6.230  21.172 0.0000000000
107998  -37.605  6.766  22.682 0.0000000000
107999  -38.021  6.864  22.439 0.0000000000
108000  -37.549  7.414  22.786 0.0000000000
108001  -37.532  8.085  22.924 0.0000000000
108002  -37.564  8.843  23.018 0.0000000000
108003  -37.655  9.553  23.092 0.0000000000
108004  -37.176  9.520  23.276 0.0000000000
108005  -36.809  10.200  23.488 0.0000000000
108006  -36.436  10.873  23.654 0.0000000000
108007  -34.871  5.593  25.119 0.0000000000
108008  -35.157  5.761  24.795 0.0000000000
108009  -34.685  6.377  25.074 0.0000000000
108010  -34.551  7.198  24.975 0.0000000000
108011  -34.540  7.954  24.921 0.0000000000
108012  -33.872  11.613  25.609 0.0000000000
108013  -34.050  10.915  25.378 0.0000000000
108014  -34.105  11.719  25.270 0.0000000000
108015  -34.371  11.838  24.931 0.0000000000
108016  -34.662  11.988  24.566 0.0000000000
108017  -34.992  12.054  24.285 0.0000000000
108018  -34.749  12.705  24.385 0.0000000000
108019  -34.861  13.427  24.199 0.0000000000
108020  -34.981  14.200  24.034 0.0000000000
108021  -35.180  14.908  23.878 0.0000000000
108022  -34.824  14.885  24.183 0.0000000000
108023  -34.735  15.533  24.383 0.0000000000
108024  -34.716  16.150  24.596 0.0000000000
108025  -34.548  17.219  26.518 0.0000000000
108026  -34.522  17.294  26.032 0.0000000000
108027  -34.689  17.908  26.328 0.0000000000
108028  -34.877  18.539  26.096 0.0000000000
108029  -35.124  19.156  25.804 0.0000000000
108030  -35.362  19.759  25.466 0.0000000000
108031  -35.441  19.719  25.998 0.0000000000
108032  -35.824  20.288  26.143 0.0000000000
108033  -36.233  20.840  26.321 0.0000000000
108048  -45.025  0.465  41.725 0.0000000000
108049  -45.845  0.096  41.631 0.0000000000
108050  -44.845  0.127  41.258 0.0000000000
108051  -44.623  -0.152  40.796 0.0000000000
108052  -44.369  -0.421  40.341 0.0000000000
108053  -41.446  -0.544  38.377 0.0000000000
108054  -42.291  -0.682  38.740 0.0000000000
108055  -42.220  -0.964  38.241 0.0000000000
108056  -42.960  -1.373  38.056 0.0000000000
108057  -43.745  -1.740  37.943 0.0000000000
108058  -44.518  -2.032  37.788 0.0000000000
108059  -43.654  -1.996  37.364 0.0000000000
108060  -43.615  -2.174  36.862 0.0000000000
108061  -43.640  -2.314  36.319 0.0000000000
108062  -43.691  -2.409  35.776 0.0000000000
108063  -42.838  -2.228  35.981 0.0000000000
108064  -42.095  -2.140  35.633 0.0000000000
108065  -41.404  -1.993  35.321 0.0000000000
108066  -38.364  0.067  35.450 0.0000000000
108067  -38.883  -0.552  35.241 0.0000000000
108068  -38.362  -0.133  34.985 0.0000000000
108069  -38.310  -0.318  34.507 0.0000000000
108070  -38.258  -0.500  34.002 0.0000000000
108071  -38.233  -0.661  33.511 0.0000000000
108072  -37.692  -0.028  33.812 0.0000000000
108073  -37.101  0.563  33.636 0.0000000000
108074  -36.589  1.097  33.489 0.0000000000
108105  -36.734  6.376  36.692 0.0000000000
108106  -36.425  6.206  36.219 0.0000000000
108110  -35.287  5.957  34.270 0.0000000000
108111  -35.171  5.117  34.028 0.0000000000
108112  -35.135  4.215  33.708 0.0000000000
108113  -34.886  4.880  33.517 0.0000000000
108114  -34.694  4.702  33.051 0.0000000000
108115  -34.484  4.545  32.559 0.0000000000
108116  -34.302  4.347  32.115 0.0000000000
108117  -34.279  5.265  32.401 0.0000000000
108118  -34.126  6.011  32.257 0.0000000000
108119  -33.986  6.823  32.133 0.0000000000
108120  -35.043  11.070  32.916 0.0000000000
108121  -34.571  10.156  32.658 0.0000000000
108122  -34.692  10.993  32.474 0.0000000000
108123  -34.376  10.837  31.999 0.0000000000
108124  -34.080  10.754  31.518 0.0000000000
108125  -33.834  10.738  31.042 0.0000000000
108126  -34.272  11.513  31.305 0.0000000000
108127  -34.537  12.266  31.094 0.0000000000
108128  -34.822  12.923  30.912 0.0000000000
108141  -36.780  16.087  30.628 0.0000000000
108142  -36.441  16.237  30.266 0.0000000000
108143  -36.090  16.363  29.897 0.0000000000
108144  -36.694  17.004  30.184 0.0000000000
108145  -36.914  17.804  30.067 0.0000000000
108146  -37.142  18.550  29.888 0.0000000000
108147  -39.678  21.550  29.668 0.0000000000
108148  -38.958  21.044  29.441 0.0000000000
108149  -39.210  21.650  29.094 0.0000000000
108150  -38.807  21.741  28.562 0.0000000000
108151  -38.429  21.844  28.116 0.0000000000
108152  -38.047  21.920  27.696 0.0000000000
110502  -43.785  9.182  18.741 0.0000000000
110503  -43.953  8.853  18.154 0.0000000000
110504  -44.274  9.453  18.276 0.0000000000
110505  -44.743  9.671  17.785 0.0000000000
110506  -45.186  9.843  17.300 0.0000000000
110507  -47.375  11.785  16.951 0.0000000000
110508  -46.988  11.264  16.749 0.0000000000
110509  -47.403  11.354  16.223 0.0000000000
110510  -47.474  10.868  15.540 0.0000000000
110511  -47.468  10.340  14.876 0.0000000000
110512  -47.401  9.825  14.131 0.0000000000
110513  -47.779  10.451  14.267 0.0000000000
110514  -48.080  10.557  13.619 0.0000000000
110515  -48.363  10.617  12.902 0.0000000000
116683  -41.407  -0.973  29.345 0.0000000000
116684  -41.440  -0.640  29.042 0.0000000000
116685  -40.572  -0.689  29.168 0.0000000000
116686  -39.756  -0.435  28.952 0.0000000000
116687  -38.883  -0.106  28.755 0.0000000000
116688  -38.042  -0.199  29.338 0.0000000000
116689  -38.063  0.008  28.917 0.0000000000
116690  -38.094  0.225  28.512 0.0000000000
116691  -37.340  0.661  28.253 0.0000000000
116692  -36.619  1.118  27.987 0.0000000000
116693  -35.954  1.594  27.764 0.0000000000
116694  -35.422  2.114  27.542 0.0000000000
116695  -35.336  1.983  27.980 0.0000000000
116696  -34.848  2.409  28.246 0.0000000000
116697  -34.350  2.965  28.517 0.0000000000
116698  -34.778  2.166  29.210 0.0000000000
116699  -34.330  2.841  29.000 0.0000000000
116700  -33.951  3.592  28.820 0.0000000000
116701  -33.613  4.249  29.149 0.0000000000
116702  -33.382  4.934  29.435 0.0000000000
116703  -33.210  5.682  29.729 0.0000000000
117331  -46.242  3.684  16.226 0.0000000000
117332  -46.554  3.780  15.619 0.0000000000
117333  -46.019  4.107  15.992 0.0000000000
117334  -45.884  4.582  15.731 0.0000000000
117335  -45.834  5.050  15.502 0.0000000000
117336  -44.941  5.368  16.438 0.0000000000
117337  -45.355  5.482  15.895 0.0000000000
117338  -45.784  5.531  15.325 0.0000000000
117339  -45.759  6.159  15.199 0.0000000000
117340  -45.809  6.734  15.078 0.0000000000
117341  -45.921  7.292  14.994 0.0000000000
119212  -49.182  -0.567  32.701 0.0000000000
119213  -48.527  -0.673  32.273 0.0000000000
119214  -47.831  -0.791  31.823 0.0000000000
119215  -47.674  -1.028  32.247 0.0000000000
119216  -46.852  -1.356  32.233 0.0000000000
119217  -45.974  -1.660  32.314 0.0000000000
119219  -45.847  -1.850  32.798 0.0000000000
119220  -45.158  -1.921  32.441 0.0000000000
119221  -44.321  -2.120  32.502 0.0000000000
119222  -43.462  -2.261  32.633 0.0000000000
119223  -42.615  -2.293  32.838 0.0000000000
119851  -39.807  9.912  22.464 0.0000000000
119852  -40.416  9.892  22.226 0.0000000000
119853  -40.062  10.433  22.582 0.0000000000
119854  -40.338  10.984  22.693 0.0000000000
119855  -40.663  11.541  22.837 0.0000000000
119856  -39.577  12.310  23.103 0.0000000000
119857  -40.256  12.211  23.012 0.0000000000
119858  -40.989  12.070  22.959 0.0000000000
119859  -41.363  12.596  23.010 0.0000000000
119860  -41.719  13.124  23.062 0.0000000000
122996  -50.602  3.083  19.405 0.0000000000
122997  -49.860  2.920  19.558 0.0000000000
122999  -49.796  2.966  20.043 0.0000000000
123000  -49.080  2.756  19.701 0.0000000000
123001  -48.286  2.593  19.821 0.0000000000
123002  -47.526  2.504  19.946 0.0000000000
123003  -46.763  2.439  20.034 0.0000000000
123013  -50.567  3.629  26.987 0.0000000000
123014  -49.939  3.301  26.540 0.0000000000
123015  -42.126  1.742  26.170 0.0000000000
123016  -42.971  1.875  26.136 0.0000000000
123017  -42.356  1.790  25.758 0.0000000000
123018  -42.596  1.800  25.343 0.0000000000
123019  -42.852  1.784  24.932 0.0000000000
123020  -41.292  1.783  24.654 0.0000000000
123021  -42.155  1.741  24.612 0.0000000000
123022  -43.119  1.759  24.550 0.0000000000
123023  -43.395  1.735  24.173 0.0000000000
123024  -43.627  1.738  23.761 0.0000000000
123025  -43.872  1.788  23.320 0.0000000000
123026  -44.135  1.882  22.853 0.0000000000
123027  -43.159  1.885  22.977 0.0000000000
123028  -42.451  2.070  22.640 0.0000000000
123029  -41.849  2.335  22.303 0.0000000000
123030  -40.812  2.398  22.736 0.0000000000
123031  -41.037  2.568  22.370 0.0000000000
123032  -41.300  2.739  21.977 0.0000000000
123033  -40.755  3.177  21.723 0.0000000000
123034  -40.249  3.670  21.524 0.0000000000
123035  -39.890  4.253  21.355 0.0000000000
123036  -39.661  4.858  21.306 0.0000000000
123037  -39.311  4.679  21.614 0.0000000000
123038  -38.763  5.137  21.929 0.0000000000
123039  -38.249  5.604  22.259 0.0000000000
123040  -38.071  4.830  22.583 0.0000000000
123041  -37.875  5.485  22.590 0.0000000000
123042  -37.732  6.080  22.596 0.0000000000
123043  -37.206  6.676  22.959 0.0000000000
123044  -36.758  7.168  23.299 0.0000000000
123045  -36.321  7.762  23.560 0.0000000000
123046  -33.499  8.122  26.257 0.0000000000
123047  -33.734  8.307  25.871 0.0000000000
123048  -33.518  8.995  26.216 0.0000000000
123049  -33.576  9.871  26.172 0.0000000000
123050  -33.645  10.674  26.085 0.0000000000
123051  -33.427  11.294  26.754 0.0000000000
123052  -33.550  11.374  26.398 0.0000000000
123053  -33.692  11.440  26.019 0.0000000000
123054  -33.762  12.303  25.861 0.0000000000
123055  -33.855  13.082  25.716 0.0000000000
123056  -33.985  13.851  25.511 0.0000000000
123057  -34.135  14.626  25.377 0.0000000000
123058  -34.022  14.553  25.764 0.0000000000
123059  -34.122  15.204  26.088 0.0000000000
123060  -34.250  15.800  26.412 0.0000000000
123061  -34.065  14.890  26.995 0.0000000000
123062  -34.243  15.724  26.842 0.0000000000
123063  -34.407  16.478  26.707 0.0000000000
123064  -34.637  17.159  26.999 0.0000000000
123065  -34.915  17.704  27.336 0.0000000000
123066  -35.233  18.267  27.617 0.0000000000
123078  -41.270  0.847  40.235 0.0000000000
123079  -41.998  0.446  40.118 0.0000000000
123080  -41.191  0.590  39.792 0.0000000000
123081  -41.016  0.392  39.385 0.0000000000
123082  -40.881  0.190  38.934 0.0000000000
123083  -39.646  1.054  38.768 0.0000000000
123084  -40.222  0.471  38.666 0.0000000000
123085  -40.786  -0.034  38.497 0.0000000000
123086  -40.745  -0.321  38.051 0.0000000000
123087  -40.729  -0.666  37.581 0.0000000000
123088  -40.677  -0.958  37.068 0.0000000000
123089  -40.634  -1.244  36.571 0.0000000000
123090  -40.000  -0.754  36.717 0.0000000000
123091  -39.373  -0.442  36.414 0.0000000000
123092  -38.811  -0.063  36.177 0.0000000000
123093  -38.308  0.906  36.846 0.0000000000
123094  -38.299  0.599  36.367 0.0000000000
123095  -38.311  0.341  35.930 0.0000000000
123096  -37.883  0.820  35.698 0.0000000000
123097  -37.470  1.352  35.496 0.0000000000
123098  -37.088  1.915  35.296 0.0000000000
123129  -35.480  7.959  34.243 0.0000000000
123130  -35.127  7.931  33.825 0.0000000000
123131  -34.799  7.859  33.370 0.0000000000
123132  -35.191  8.692  33.704 0.0000000000
123133  -35.256  9.461  33.603 0.0000000000
123134  -35.314  10.270  33.459 0.0000000000
123136  -35.848  11.131  33.650 0.0000000000
123137  -35.418  11.104  33.297 0.0000000000
123138  -35.504  11.925  33.117 0.0000000000
123154  -39.577  20.158  30.811 0.0000000000
123155  -39.885  20.887  30.503 0.0000000000
123157  -40.633  21.368  30.751 0.0000000000
123158  -40.169  21.484  30.187 0.0000000000
123159  -40.460  22.076  29.839 0.0000000000
123160  -40.747  22.656  29.459 0.0000000000
124986  -45.395  11.155  19.591 0.0000000000
124987  -45.421  10.983  18.821 0.0000000000
124988  -45.913  11.421  19.097 0.0000000000
124989  -46.452  11.722  18.655 0.0000000000
129808  -37.038  15.013  22.984 0.0000000000
129809  -37.658  14.886  22.809 0.0000000000
129810  -37.304  15.474  22.729 0.0000000000
129811  -37.586  15.821  22.444 0.0000000000
132661  -48.352  1.787  29.186 0.0000000000
132662  -48.325  2.129  28.915 0.0000000000
132663  -47.445  1.674  28.904 0.0000000000
132664  -46.506  1.624  28.644 0.0000000000
132665  -45.701  1.583  28.350 0.0000000000
132666  -44.865  0.819  28.581 0.0000000000
132667  -44.875  1.181  28.350 0.0000000000
132668  -44.905  1.528  28.080 0.0000000000
132669  -44.135  1.528  27.768 0.0000000000
132670  -43.362  1.525  27.408 0.0000000000
132671  -42.564  1.579  26.960 0.0000000000
132672  -41.461  -0.295  28.741 0.0000000000
132673  -41.467  0.068  28.475 0.0000000000
132674  -41.517  0.409  28.132 0.0000000000
132675  -39.861  0.413  27.874 0.0000000000
132676  -40.731  0.537  27.833 0.0000000000
132677  -41.585  0.739  27.783 0.0000000000
132678  -41.662  1.069  27.421 0.0000000000
132679  -41.713  1.339  26.979 0.0000000000
132680  -41.893  1.581  26.569 0.0000000000
132681  -41.230  1.594  26.189 0.0000000000
132682  -40.578  1.607  25.846 0.0000000000
132683  -39.864  1.682  25.498 0.0000000000
132684  -38.765  1.563  25.989 0.0000000000
132685  -38.941  1.707  25.563 0.0000000000
132686  -39.213  1.851  25.158 0.0000000000
132687  -38.591  2.089  24.811 0.0000000000
132688  -38.040  2.465  24.563 0.0000000000
132689  -37.563  2.939  24.351 0.0000000000
132690  -37.162  3.513  24.163 0.0000000000
132691  -36.873  3.347  24.538 0.0000000000
132692  -36.215  3.803  24.756 0.0000000000
132693  -35.617  4.283  24.986 0.0000000000
132694  -35.667  3.446  25.531 0.0000000000
132695  -35.356  4.103  25.364 0.0000000000
132696  -35.052  4.832  25.216 0.0000000000
132697  -34.587  5.390  25.489 0.0000000000
132698  -34.117  6.041  25.747 0.0000000000
132699  -33.758  6.682  26.065 0.0000000000
132700  -34.956  2.753  27.327 0.0000000000
132701  -34.573  3.404  27.100 0.0000000000
132702  -34.214  4.140  26.892 0.0000000000
132703  -33.676  4.621  27.661 0.0000000000
132704  -33.780  4.758  27.170 0.0000000000
132705  -33.940  4.893  26.692 0.0000000000
132706  -33.701  5.695  26.575 0.0000000000
132707  -33.538  6.485  26.463 0.0000000000
132708  -33.487  7.302  26.353 0.0000000000
132709  -33.270  7.978  26.672 0.0000000000
132710  -33.154  8.694  27.023 0.0000000000
132711  -33.108  9.399  27.365 0.0000000000
132712  -32.908  8.435  27.910 0.0000000000
132713  -32.982  9.253  27.796 0.0000000000
132714  -33.096  10.099  27.705 0.0000000000
132715  -33.142  10.812  28.073 0.0000000000
132716  -33.299  11.521  28.424 0.0000000000
132717  -33.542  12.201  28.760 0.0000000000
132718  -49.181  0.185  43.993 0.0000000000
132719  -49.036  -0.002  43.504 0.0000000000
132720  -48.326  0.472  43.454 0.0000000000
132721  -47.349  0.627  42.928 0.0000000000
132722  -46.308  0.707  42.495 0.0000000000
132723  -45.805  1.416  43.081 0.0000000000
132724  -45.479  1.122  42.631 0.0000000000
132725  -45.225  0.776  42.158 0.0000000000
132726  -44.208  0.860  41.826 0.0000000000
132727  -43.255  0.915  41.423 0.0000000000
132728  -42.273  1.005  41.017 0.0000000000
132730  -42.948  2.181  43.013 0.0000000000
132731  -42.581  1.951  42.585 0.0000000000
132733  -41.618  1.982  42.262 0.0000000000
132734  -42.184  1.765  42.082 0.0000000000
132735  -41.888  1.570  41.632 0.0000000000
132736  -41.634  1.361  41.155 0.0000000000
132737  -41.417  1.119  40.680 0.0000000000
132738  -40.596  1.259  40.325 0.0000000000
132739  -39.842  1.525  40.047 0.0000000000
132740  -39.088  1.911  39.810 0.0000000000
132742  -38.483  2.456  40.070 0.0000000000
132743  -38.425  2.402  39.611 0.0000000000
132744  -37.947  2.938  39.468 0.0000000000
132745  -37.554  3.492  39.334 0.0000000000
132746  -37.216  4.067  39.153 0.0000000000
134436  -46.920  3.894  15.005 0.0000000000
134439  -47.073  4.969  13.872 0.0000000000
139439  -50.973  2.809  29.662 0.0000000000
139440  -50.148  2.357  29.556 0.0000000000
139466  -50.197  2.021  29.832 0.0000000000
139467  -49.288  1.921  29.468 0.0000000000
139468  -48.408  1.481  29.395 0.0000000000
139469  -47.500  1.018  29.339 0.0000000000
139470  -46.628  0.529  29.265 0.0000000000
139471  -47.522  0.322  29.871 0.0000000000
139472  -46.641  0.191  29.519 0.0000000000
139473  -45.737  0.137  29.248 0.0000000000
139474  -44.867  -0.269  29.225 0.0000000000
139475  -43.961  -0.581  29.272 0.0000000000
139476  -43.115  -0.877  29.355 0.0000000000
139477  -47.156  -0.895  31.404 0.0000000000
139478  -46.425  -1.006  30.954 0.0000000000
139479  -45.580  -1.147  30.559 0.0000000000
139480  -44.639  -1.637  31.068 0.0000000000
139481  -44.678  -1.437  30.621 0.0000000000
139482  -44.730  -1.200  30.229 0.0000000000
139483  -43.905  -1.229  29.940 0.0000000000
139484  -43.073  -1.155  29.675 0.0000000000
139485  -42.228  -1.119  29.502 0.0000000000
139486  -41.375  -1.292  29.644 0.0000000000
139487  -40.491  -1.246  29.798 0.0000000000
139488  -39.660  -1.151  30.109 0.0000000000
139489  -40.435  -1.578  30.610 0.0000000000
139490  -39.643  -1.302  30.460 0.0000000000
139491  -38.806  -0.955  30.333 0.0000000000
139492  -38.086  -0.686  30.579 0.0000000000
139493  -37.338  -0.308  30.842 0.0000000000
139494  -36.708  0.126  31.113 0.0000000000
141142  -42.538  6.714  18.897 0.0000000000
141143  -42.970  6.915  18.475 0.0000000000
141144  -42.628  7.289  18.919 0.0000000000
141145  -42.783  7.854  18.941 0.0000000000
141146  -42.992  8.415  19.055 0.0000000000
141147  -42.269  8.554  20.011 0.0000000000
141148  -42.762  8.752  19.601 0.0000000000
141149  -43.260  8.963  19.184 0.0000000000
141150  -43.604  9.477  19.351 0.0000000000
141151  -43.985  9.977  19.531 0.0000000000
141152  -44.406  10.442  19.728 0.0000000000
141153  -41.032  9.928  21.973 0.0000000000
141154  -41.659  9.967  21.718 0.0000000000
141155  -42.312  10.054  21.476 0.0000000000
141156  -42.435  10.875  22.186 0.0000000000
141157  -42.709  10.503  21.736 0.0000000000
141158  -42.995  10.194  21.197 0.0000000000
141159  -43.640  10.329  20.826 0.0000000000
141160  -44.256  10.540  20.377 0.0000000000
141161  -44.851  10.843  20.018 0.0000000000
141162  -45.353  11.231  20.287 0.0000000000
141171  -38.316  14.717  22.678 0.0000000000
141172  -38.963  14.602  22.599 0.0000000000
141173  -39.621  14.466  22.583 0.0000000000
144389  -51.104  -1.327  44.495 0.0000000000
144390  -50.539  -0.748  44.503 0.0000000000
144416  -50.542  -0.690  44.909 0.0000000000
144417  -49.911  -0.174  44.415 0.0000000000
144418  -49.293  0.322  44.448 0.0000000000
144419  -48.610  0.817  44.383 0.0000000000
144420  -47.920  1.290  44.371 0.0000000000
144422  -48.017  1.376  44.899 0.0000000000
144423  -47.223  1.678  44.492 0.0000000000
144424  -46.612  2.047  44.573 0.0000000000
144428  -47.972  1.043  46.364 0.0000000000
144429  -47.448  1.607  46.253 0.0000000000
144431  -46.829  1.908  46.322 0.0000000000
144432  -46.856  2.073  46.026 0.0000000000
144433  -46.252  2.401  45.601 0.0000000000
149315  -48.053  2.847  15.981 0.0000000000
149316  -47.385  2.975  16.152 0.0000000000
149320  -48.469  2.571  18.327 0.0000000000
149324  -47.305  2.854  16.640 0.0000000000
149325  -46.759  3.175  16.378 0.0000000000
149326  -46.126  3.477  16.662 0.0000000000
149327  -45.531  3.809  16.960 0.0000000000
149328  -44.996  4.127  17.233 0.0000000000
149329  -45.276  3.399  17.776 0.0000000000
149330  -44.852  3.877  17.600 0.0000000000
149331  -44.495  4.440  17.486 0.0000000000
149332  -43.979  4.837  17.754 0.0000000000
149333  -43.514  5.235  18.083 0.0000000000
149334  -43.055  5.623  18.433 0.0000000000
149362  -48.332  2.452  28.635 0.0000000000
149363  -48.350  2.720  28.338 0.0000000000
149364  -48.483  2.921  27.934 0.0000000000
149365  -46.829  2.494  27.592 0.0000000000
149366  -47.782  2.729  27.524 0.0000000000
149367  -48.677  3.004  27.456 0.0000000000
149368  -48.882  3.020  26.974 0.0000000000
149369  -49.088  3.005  26.507 0.0000000000
149370  -49.303  2.973  26.106 0.0000000000
149371  -43.983  1.977  26.035 0.0000000000
149372  -44.971  2.115  25.940 0.0000000000
149373  -45.892  2.259  25.869 0.0000000000
149374  -45.449  2.034  25.088 0.0000000000
149375  -46.127  2.214  25.453 0.0000000000
149376  -46.845  2.372  25.851 0.0000000000
149377  -47.771  2.510  25.771 0.0000000000
149378  -48.664  2.696  25.735 0.0000000000
149379  -49.529  2.941  25.677 0.0000000000
149380  -49.749  2.917  25.232 0.0000000000
149383  -48.603  2.484  24.025 0.0000000000
149390  -49.438  2.800  21.902 0.0000000000
149391  -48.714  2.682  21.527 0.0000000000
149392  -47.778  2.395  22.065 0.0000000000
149393  -47.910  2.497  21.679 0.0000000000
149394  -48.060  2.571  21.225 0.0000000000
149395  -47.378  2.456  20.893 0.0000000000
149396  -46.635  2.384  20.503 0.0000000000
149397  -45.953  2.453  20.167 0.0000000000
149398  -44.296  2.002  22.412 0.0000000000
149399  -44.490  2.106  21.974 0.0000000000
149400  -44.684  2.203  21.553 0.0000000000
149401  -43.178  2.487  21.357 0.0000000000
149402  -44.033  2.352  21.270 0.0000000000
149403  -44.788  2.325  21.159 0.0000000000
149404  -45.016  2.423  20.746 0.0000000000
149405  -45.193  2.506  20.301 0.0000000000
149406  -45.314  2.565  19.852 0.0000000000
149407  -44.733  2.793  19.549 0.0000000000
149408  -44.198  3.136  19.274 0.0000000000
149409  -43.712  3.577  19.027 0.0000000000
149410  -42.818  3.695  19.604 0.0000000000
149411  -43.079  3.882  19.222 0.0000000000
149412  -43.312  4.094  18.848 0.0000000000
149413  -42.977  4.701  18.768 0.0000000000
149414  -42.751  5.362  18.756 0.0000000000
149415  -42.583  6.018  18.821 0.0000000000
149416  -42.177  6.400  19.214 0.0000000000
149417  -41.790  6.801  19.661 0.0000000000
149418  -41.455  7.242  20.109 0.0000000000
149419  -41.021  6.310  20.222 0.0000000000
149420  -41.055  7.008  20.413 0.0000000000
149421  -41.107  7.618  20.593 0.0000000000
149422  -40.745  7.988  21.064 0.0000000000
149423  -40.390  8.373  21.498 0.0000000000
149424  -39.994  8.758  21.918 0.0000000000
149425  -39.488  5.454  21.350 0.0000000000
149426  -39.411  6.066  21.419 0.0000000000
149427  -39.379  6.669  21.572 0.0000000000
149428  -38.477  6.970  22.192 0.0000000000
149429  -38.922  7.156  21.985 0.0000000000
149430  -39.378  7.334  21.778 0.0000000000
149431  -39.452  7.982  21.977 0.0000000000
149432  -39.506  8.645  22.111 0.0000000000
149433  -39.635  9.272  22.248 0.0000000000
149434  -39.240  9.822  22.605 0.0000000000
149435  -38.825  10.443  22.937 0.0000000000
149436  -38.408  11.107  23.183 0.0000000000
149437  -37.754  10.331  23.235 0.0000000000
149438  -37.898  11.043  23.272 0.0000000000
149439  -38.049  11.755  23.274 0.0000000000
149440  -37.697  12.453  23.246 0.0000000000
149441  -37.353  13.115  23.244 0.0000000000
149442  -37.087  13.767  23.200 0.0000000000
149443  -36.773  4.180  24.060 0.0000000000
149444  -36.551  4.806  23.928 0.0000000000
149445  -36.372  5.463  23.831 0.0000000000
149446  -35.482  5.947  24.435 0.0000000000
149447  -35.851  6.135  24.092 0.0000000000
149448  -36.181  6.219  23.802 0.0000000000
149449  -36.026  6.960  23.812 0.0000000000
149450  -35.944  7.676  23.781 0.0000000000
149451  -35.898  8.401  23.831 0.0000000000
149452  -33.968  8.515  25.546 0.0000000000
149453  -34.250  8.613  25.184 0.0000000000
149454  -34.528  8.756  24.894 0.0000000000
149455  -34.265  10.235  25.140 0.0000000000
149456  -34.521  9.582  24.881 0.0000000000
149457  -34.795  8.918  24.629 0.0000000000
149458  -35.162  8.973  24.318 0.0000000000
149459  -35.520  9.066  24.077 0.0000000000
149460  -35.920  9.194  23.854 0.0000000000
149461  -35.915  10.000  23.856 0.0000000000
149462  -35.990  10.779  23.821 0.0000000000
149463  -36.062  11.531  23.749 0.0000000000
149464  -35.356  12.097  24.043 0.0000000000
149465  -35.752  12.150  23.823 0.0000000000
149466  -36.170  12.303  23.616 0.0000000000
149467  -36.322  13.018  23.484 0.0000000000
149468  -36.528  13.754  23.339 0.0000000000
149469  -36.815  14.408  23.163 0.0000000000
149470  -36.515  15.006  23.143 0.0000000000
149471  -36.205  15.582  23.130 0.0000000000
149472  -35.952  16.164  23.154 0.0000000000
149473  -35.415  15.514  23.684 0.0000000000
149474  -35.583  16.147  23.485 0.0000000000
149475  -35.747  16.735  23.283 0.0000000000
149476  -35.626  17.333  23.428 0.0000000000
149477  -35.563  17.944  23.605 0.0000000000
149479  -34.313  15.377  25.210 0.0000000000
149480  -34.513  16.084  25.012 0.0000000000
149481  -34.675  16.733  24.824 0.0000000000
149482  -34.558  17.362  25.544 0.0000000000
149483  -34.689  17.358  25.073 0.0000000000
149484  -34.855  17.369  24.632 0.0000000000
149485  -35.028  17.981  24.437 0.0000000000
149486  -35.280  18.600  24.176 0.0000000000
149524  -48.870  -0.252  43.021 0.0000000000
149525  -48.716  -0.539  42.556 0.0000000000
149526  -48.489  -0.717  42.048 0.0000000000
149527  -46.628  -0.205  41.540 0.0000000000
149528  -47.485  -0.504  41.560 0.0000000000
149529  -48.249  -0.888  41.549 0.0000000000
149530  -48.073  -1.096  41.063 0.0000000000
149533  -42.714  0.036  40.046 0.0000000000
149534  -43.392  -0.320  39.919 0.0000000000
149535  -44.169  -0.648  39.877 0.0000000000
149536  -43.115  -0.827  39.093 0.0000000000
149537  -43.958  -0.906  39.394 0.0000000000
149538  -44.968  -0.970  39.790 0.0000000000
149539  -45.795  -1.233  39.681 0.0000000000
149545  -45.325  -2.217  37.677 0.0000000000
149552  -45.395  -2.412  34.814 0.0000000000
149553  -44.659  -2.450  34.421 0.0000000000
149554  -43.746  -2.437  35.214 0.0000000000
149555  -43.798  -2.487  34.647 0.0000000000
149556  -43.945  -2.431  34.070 0.0000000000
149557  -43.248  -2.389  33.722 0.0000000000
149558  -42.514  -2.323  33.466 0.0000000000
149559  -41.754  -2.223  33.145 0.0000000000
149560  -40.628  -1.479  36.065 0.0000000000
149561  -40.641  -1.675  35.558 0.0000000000
149562  -40.707  -1.839  35.007 0.0000000000
149563  -39.450  -1.140  34.980 0.0000000000
149564  -40.048  -1.617  34.745 0.0000000000
149565  -40.761  -1.938  34.500 0.0000000000
149566  -40.846  -2.026  33.984 0.0000000000
149567  -40.947  -2.079  33.397 0.0000000000
149568  -41.022  -2.078  32.827 0.0000000000
149569  -40.283  -1.890  32.524 0.0000000000
149570  -39.585  -1.601  32.287 0.0000000000
149571  -38.881  -1.247  32.119 0.0000000000
149572  -38.170  -0.723  32.944 0.0000000000
149573  -38.157  -0.795  32.440 0.0000000000
149574  -38.130  -0.809  31.914 0.0000000000
149575  -37.422  -0.353  31.754 0.0000000000
149576  -36.744  0.171  31.612 0.0000000000
149577  -36.101  0.710  31.472 0.0000000000
149603  -37.112  4.845  39.520 0.0000000000
149604  -37.073  4.648  38.974 0.0000000000
149630  -37.044  5.206  38.761 0.0000000000
149631  -36.999  4.417  38.413 0.0000000000
149632  -36.899  4.182  37.890 0.0000000000
149633  -36.922  3.902  37.396 0.0000000000
149634  -36.922  3.632  36.886 0.0000000000
149636  -36.819  4.214  36.736 0.0000000000
149637  -36.928  3.337  36.397 0.0000000000
149638  -36.905  3.079  35.960 0.0000000000
149639  -36.860  2.813  35.526 0.0000000000
149640  -36.678  2.605  35.085 0.0000000000
149642  -36.359  6.874  36.015 0.0000000000
149643  -36.150  6.014  35.746 0.0000000000
149645  -35.890  5.780  35.350 0.0000000000
149646  -36.099  5.136  35.509 0.0000000000
149647  -36.166  4.209  35.229 0.0000000000
149648  -36.300  3.283  34.915 0.0000000000
149649  -36.498  2.381  34.630 0.0000000000
149650  -36.322  2.167  34.176 0.0000000000
149651  -36.155  1.971  33.742 0.0000000000
149652  -35.956  1.755  33.304 0.0000000000
149653  -35.257  3.289  33.446 0.0000000000
149654  -35.453  2.423  33.172 0.0000000000
149655  -35.787  1.628  32.858 0.0000000000
149656  -35.631  1.507  32.394 0.0000000000
149657  -35.551  1.398  31.897 0.0000000000
149658  -35.474  1.319  31.341 0.0000000000
149659  -34.995  1.892  31.210 0.0000000000
149660  -34.521  2.612  31.022 0.0000000000
149661  -34.134  3.322  30.816 0.0000000000
149662  -34.131  4.191  31.633 0.0000000000
149663  -33.951  4.169  31.151 0.0000000000
149664  -33.778  4.147  30.629 0.0000000000
149665  -33.536  4.953  30.452 0.0000000000
149666  -33.335  5.748  30.272 0.0000000000
149667  -33.170  6.569  30.128 0.0000000000
149668  -34.479  7.808  32.927 0.0000000000
149669  -34.145  7.744  32.505 0.0000000000
149670  -33.854  7.652  32.063 0.0000000000
149671  -34.177  9.263  32.347 0.0000000000
149672  -33.846  8.415  31.979 0.0000000000
149673  -33.657  7.524  31.584 0.0000000000
149674  -33.420  7.471  31.109 0.0000000000
149675  -33.194  7.456  30.600 0.0000000000
149676  -33.040  7.365  30.018 0.0000000000
149677  -33.021  8.178  29.920 0.0000000000
149678  -33.029  8.951  29.787 0.0000000000
149679  -33.093  9.795  29.645 0.0000000000
149680  -33.598  10.653  30.570 0.0000000000
149681  -33.406  10.619  30.095 0.0000000000
149682  -33.241  10.601  29.553 0.0000000000
149683  -33.391  11.391  29.446 0.0000000000
149684  -33.647  12.174  29.236 0.0000000000
149685  -33.930  12.961  29.091 0.0000000000
149705  -35.368  13.641  31.180 0.0000000000
149706  -35.110  13.570  30.760 0.0000000000
149708  -35.443  14.191  30.607 0.0000000000
149709  -34.850  13.536  30.345 0.0000000000
149710  -34.658  13.591  29.893 0.0000000000
149711  -34.427  13.645  29.426 0.0000000000
149712  -34.218  13.689  28.941 0.0000000000
149713  -34.466  14.486  28.822 0.0000000000
149714  -34.709  15.204  28.732 0.0000000000
149715  -34.934  15.966  28.675 0.0000000000
149716  -35.735  16.530  29.484 0.0000000000
149717  -35.420  16.679  29.022 0.0000000000
149718  -35.137  16.807  28.581 0.0000000000
149719  -35.325  17.556  28.406 0.0000000000
149720  -35.529  18.260  28.180 0.0000000000
149721  -35.732  18.892  27.904 0.0000000000
149723  -37.786  19.184  30.022 0.0000000000
149724  -37.388  19.278  29.576 0.0000000000
149725  -38.305  20.522  29.305 0.0000000000
149726  -37.662  19.945  29.204 0.0000000000
149727  -36.994  19.361  29.099 0.0000000000
149728  -36.626  19.461  28.633 0.0000000000
149729  -36.264  19.483  28.133 0.0000000000
149730  -36.001  19.556  27.592 0.0000000000
149731  -36.280  20.198  27.262 0.0000000000
149732  -36.532  20.823  26.890 0.0000000000
154443  -43.428  7.094  17.981 0.0000000000
154444  -43.846  7.301  17.484 0.0000000000
154445  -44.308  7.463  17.044 0.0000000000
154446  -44.166  8.494  17.612 0.0000000000
154447  -44.440  8.073  17.094 0.0000000000
154448  -44.762  7.565  16.529 0.0000000000
154449  -45.202  7.629  16.047 0.0000000000
154450  -45.654  7.728  15.510 0.0000000000
154451  -46.049  7.849  14.993 0.0000000000
154452  -45.479  10.726  18.097 0.0000000000
154453  -45.547  10.346  17.445 0.0000000000
154454  -45.656  9.882  16.834 0.0000000000
154455  -46.518  10.646  16.542 0.0000000000
154456  -46.117  10.030  16.369 0.0000000000
154457  -45.810  9.409  16.225 0.0000000000
154458  -45.997  8.973  15.663 0.0000000000
154459  -46.202  8.462  15.065 0.0000000000
154460  -46.401  7.937  14.445 0.0000000000
154461  -46.721  8.010  13.859 0.0000000000
154464  -47.392  9.340  13.450 0.0000000000
154493  -48.525  10.250  11.383 0.0000000000
154494  -48.406  9.771  10.511 0.0000000000
