#!ascii label  , from subject fsaverage vox2ras=TkReg coords=white
2176
44  -29.652  -8.300  44.528 0.0000000000
51  -19.425  0.866  54.898 0.0000000000
163  -39.600  -7.468  50.727 0.0000000000
171  -26.709  -13.224  53.868 0.0000000000
243  -19.496  -5.327  63.739 0.0000000000
365  -36.425  -1.306  44.285 0.0000000000
380  -21.898  -5.058  46.874 0.0000000000
381  -20.246  -11.004  56.595 0.0000000000
845  -34.518  -8.559  46.341 0.0000000000
846  -38.186  -6.616  43.022 0.0000000000
847  -32.715  -4.761  43.372 0.0000000000
848  -31.653  -0.912  47.715 0.0000000000
849  -28.256  -3.452  44.794 0.0000000000
871  -24.923  -1.960  45.403 0.0000000000
872  -25.233  -7.414  44.615 0.0000000000
874  -22.931  -12.734  54.529 0.0000000000
1443  -43.681  -8.960  52.692 0.0000000000
1445  -36.678  -8.517  54.119 0.0000000000
1446  -31.764  -10.652  49.563 0.0000000000
1459  -27.615  -11.759  48.373 0.0000000000
1460  -31.036  -12.872  55.010 0.0000000000
1589  -19.556  -2.675  60.136 0.0000000000
1590  -19.792  4.318  59.597 0.0000000000
1591  -19.443  0.988  65.078 0.0000000000
1807  -42.890  -7.458  47.077 0.0000000000
1808  -42.306  -3.113  43.419 0.0000000000
1845  -22.634  0.905  47.157 0.0000000000
1846  -20.138  -1.901  50.510 0.0000000000
1847  -23.612  -10.406  49.054 0.0000000000
1848  -21.230  -7.967  51.573 0.0000000000
1849  -19.789  -5.177  55.536 0.0000000000
1850  -19.617  -8.393  59.614 0.0000000000
2765  -31.991  -8.771  45.413 0.0000000000
2766  -33.615  -7.285  43.755 0.0000000000
2767  -31.118  -6.790  43.943 0.0000000000
2768  -30.406  -4.415  44.395 0.0000000000
2769  -28.804  -5.966  43.988 0.0000000000
2791  -26.663  -5.442  44.153 0.0000000000
2792  -27.335  -8.051  44.327 0.0000000000
3008  -20.453  2.373  52.406 0.0000000000
3010  -20.312  4.106  54.465 0.0000000000
3367  -35.860  -9.602  55.931 0.0000000000
3368  -34.141  -9.801  51.877 0.0000000000
3369  -33.279  -11.006  53.345 0.0000000000
3391  -31.207  -12.093  52.312 0.0000000000
3392  -32.970  -12.132  56.006 0.0000000000
3608  -20.352  -4.197  62.317 0.0000000000
3609  -19.453  -1.009  62.889 0.0000000000
3610  -19.848  -2.373  65.094 0.0000000000
3969  -45.969  -1.262  45.909 0.0000000000
3970  -42.136  -7.458  52.505 0.0000000000
3971  -43.466  -7.805  50.819 0.0000000000
3972  -41.017  -7.455  48.670 0.0000000000
3973  -37.287  -3.976  42.495 0.0000000000
3974  -40.378  -4.990  42.644 0.0000000000
3975  -39.321  -2.367  43.328 0.0000000000
3976  -41.014  -0.845  45.056 0.0000000000
3977  -38.381  -0.222  45.558 0.0000000000
3979  -36.077  0.507  47.273 0.0000000000
3980  -30.078  -0.472  48.240 0.0000000000
4053  -23.099  -3.486  45.548 0.0000000000
4054  -23.746  -0.653  45.993 0.0000000000
4055  -21.921  -1.922  46.870 0.0000000000
4056  -21.096  -0.340  48.606 0.0000000000
4057  -20.814  -3.424  48.631 0.0000000000
4058  -27.120  -12.705  51.154 0.0000000000
4059  -25.523  -11.310  48.417 0.0000000000
4060  -25.034  -12.301  51.301 0.0000000000
4061  -21.290  -12.116  55.422 0.0000000000
4062  -21.874  -10.608  52.863 0.0000000000
4063  -20.917  -9.450  54.351 0.0000000000
4064  -20.401  -6.587  53.439 0.0000000000
4065  -20.369  -8.199  56.154 0.0000000000
4066  -20.264  -6.911  58.050 0.0000000000
4067  -19.788  -9.728  58.003 0.0000000000
5909  -17.906  -6.069  64.511 0.0000000000
5910  -18.874  -3.458  66.287 0.0000000000
6127  -37.003  -8.150  48.295 0.0000000000
6128  -38.668  -7.698  46.252 0.0000000000
6129  -36.197  -7.707  44.665 0.0000000000
6130  -35.317  -5.668  42.672 0.0000000000
6131  -34.452  -2.782  43.611 0.0000000000
6132  -33.991  -0.721  46.143 0.0000000000
6133  -32.087  -2.511  45.089 0.0000000000
6134  -29.884  -2.292  46.092 0.0000000000
6135  -28.328  -1.264  46.435 0.0000000000
6175  -27.016  -0.659  46.629 0.0000000000
6176  -26.417  -2.833  45.149 0.0000000000
6177  -24.710  -4.623  44.618 0.0000000000
6178  -23.339  -6.404  45.530 0.0000000000
6179  -26.306  -13.706  56.856 0.0000000000
6180  -24.648  -13.097  53.980 0.0000000000
6181  -24.329  -14.131  56.884 0.0000000000
6182  -22.229  -14.063  56.873 0.0000000000
6183  -20.422  -13.381  57.232 0.0000000000
6184  -19.163  -12.246  57.945 0.0000000000
7206  -41.086  -7.302  54.179 0.0000000000
7208  -39.921  -7.587  56.202 0.0000000000
7209  -38.200  -7.820  52.289 0.0000000000
7210  -35.400  -8.746  50.060 0.0000000000
7211  -32.933  -9.453  48.201 0.0000000000
7212  -30.640  -9.822  46.516 0.0000000000
7243  -28.490  -10.338  46.066 0.0000000000
7244  -29.717  -11.570  48.761 0.0000000000
7245  -29.132  -12.695  51.333 0.0000000000
7246  -28.838  -13.244  54.171 0.0000000000
7249  -28.292  -13.224  56.954 0.0000000000
7547  -18.984  -0.870  57.524 0.0000000000
7548  -19.572  2.659  57.382 0.0000000000
7549  -19.013  0.900  60.182 0.0000000000
7550  -19.583  2.719  62.489 0.0000000000
7552  -18.826  -0.523  67.047 0.0000000000
7553  -18.768  2.880  66.567 0.0000000000
8056  -40.813  -7.214  44.759 0.0000000000
8057  -43.255  -5.955  43.697 0.0000000000
8058  -45.026  -3.832  44.220 0.0000000000
8059  -43.513  -0.932  45.207 0.0000000000
8159  -25.894  0.668  46.606 0.0000000000
8162  -21.796  2.299  48.509 0.0000000000
8163  -20.624  1.175  50.372 0.0000000000
8164  -19.666  -0.487  52.635 0.0000000000
8165  -26.260  -10.045  45.856 0.0000000000
8166  -24.206  -9.110  46.399 0.0000000000
8167  -22.646  -7.989  47.588 0.0000000000
8168  -23.323  -11.648  51.828 0.0000000000
8169  -22.265  -9.266  50.087 0.0000000000
8170  -21.410  -6.566  49.019 0.0000000000
8171  -20.405  -5.002  50.819 0.0000000000
8172  -19.696  -3.647  53.018 0.0000000000
8173  -19.272  -2.310  55.250 0.0000000000
8174  -19.534  -3.917  57.748 0.0000000000
8175  -20.331  -5.567  60.128 0.0000000000
8176  -19.571  -6.859  61.585 0.0000000000
8177  -18.468  -10.807  59.038 0.0000000000
8178  -18.120  -9.097  60.731 0.0000000000
8179  -17.963  -7.599  62.445 0.0000000000
10445  -30.831  -8.605  44.813 0.0000000000
10446  -31.552  -7.944  44.389 0.0000000000
10447  -30.347  -7.587  44.142 0.0000000000
10448  -29.888  -6.374  43.891 0.0000000000
10449  -29.198  -7.173  44.040 0.0000000000
10471  -28.102  -7.039  44.133 0.0000000000
10472  -28.518  -8.234  44.423 0.0000000000
10688  -19.896  1.674  53.652 0.0000000000
10689  -20.446  3.258  53.506 0.0000000000
10690  -19.972  2.566  54.806 0.0000000000
11046  -36.719  -9.541  57.701 0.0000000000
11047  -35.386  -10.233  56.406 0.0000000000
11048  -34.539  -10.311  54.671 0.0000000000
11049  -34.030  -10.986  55.243 0.0000000000
11071  -33.131  -11.620  54.699 0.0000000000
11072  -34.065  -11.563  56.698 0.0000000000
11288  -20.183  -4.922  63.108 0.0000000000
11289  -20.132  -3.298  63.704 0.0000000000
11290  -19.907  -3.947  64.576 0.0000000000
11649  -46.844  -2.971  45.699 0.0000000000
11650  -40.907  -7.253  51.655 0.0000000000
11651  -41.532  -7.349  50.710 0.0000000000
11652  -40.298  -7.433  49.647 0.0000000000
11653  -36.842  -2.642  43.198 0.0000000000
11654  -38.411  -3.132  42.804 0.0000000000
11655  -37.862  -1.888  43.563 0.0000000000
11656  -38.803  -1.227  44.191 0.0000000000
11657  -37.415  -0.760  44.742 0.0000000000
11658  -37.200  0.171  46.269 0.0000000000
11659  -36.177  -0.338  45.640 0.0000000000
11733  -22.449  -4.274  46.068 0.0000000000
11734  -22.472  -2.719  46.186 0.0000000000
11735  -21.814  -3.570  46.813 0.0000000000
11736  -21.299  -2.710  47.694 0.0000000000
11737  -21.316  -4.383  47.744 0.0000000000
11738  -26.977  -13.039  52.549 0.0000000000
11739  -25.942  -12.483  51.084 0.0000000000
11740  -25.860  -12.889  52.497 0.0000000000
11741  -20.690  -11.583  55.988 0.0000000000
11742  -21.055  -10.823  54.851 0.0000000000
11743  -20.677  -10.243  55.645 0.0000000000
11744  -20.598  -8.814  55.196 0.0000000000
11745  -20.375  -9.685  56.470 0.0000000000
11746  -20.209  -9.079  57.247 0.0000000000
11747  -19.962  -10.382  57.239 0.0000000000
14050  -35.779  -8.426  47.246 0.0000000000
14051  -36.606  -8.087  46.371 0.0000000000
14052  -35.327  -8.134  45.452 0.0000000000
14053  -33.144  -6.099  43.238 0.0000000000
14054  -34.432  -6.427  43.123 0.0000000000
14055  -33.987  -5.169  42.978 0.0000000000
14056  -34.846  -4.221  42.805 0.0000000000
14057  -33.512  -3.810  43.415 0.0000000000
14058  -33.234  -2.615  44.447 0.0000000000
14059  -32.351  -3.594  44.016 0.0000000000
14060  -29.260  -4.001  44.541 0.0000000000
14061  -30.126  -3.316  45.120 0.0000000000
14062  -28.996  -2.799  45.321 0.0000000000
14063  -28.980  -1.711  46.240 0.0000000000
14064  -28.154  -2.246  45.601 0.0000000000
14131  -27.376  -2.026  45.718 0.0000000000
14132  -27.319  -3.098  45.051 0.0000000000
14133  -25.895  -6.433  44.150 0.0000000000
14134  -25.641  -5.019  44.298 0.0000000000
14135  -24.899  -6.035  44.470 0.0000000000
14136  -23.967  -5.553  44.907 0.0000000000
14137  -24.246  -6.922  44.990 0.0000000000
14138  -26.072  -14.242  58.368 0.0000000000
14139  -25.301  -14.006  56.832 0.0000000000
14142  -22.930  -14.698  57.950 0.0000000000
14143  -21.978  -14.612  57.923 0.0000000000
14144  -21.326  -13.780  57.022 0.0000000000
14145  -20.989  -14.430  57.907 0.0000000000
14146  -20.104  -14.069  57.991 0.0000000000
15848  -42.167  -7.776  54.625 0.0000000000
15849  -41.680  -7.695  55.432 0.0000000000
15853  -37.743  -8.453  56.260 0.0000000000
15854  -39.252  -7.953  57.250 0.0000000000
15855  -38.351  -7.982  55.377 0.0000000000
15856  -38.993  -7.655  54.432 0.0000000000
15857  -37.509  -8.138  53.259 0.0000000000
15858  -36.762  -8.349  51.205 0.0000000000
15859  -35.969  -8.720  52.015 0.0000000000
15860  -32.993  -10.259  50.754 0.0000000000
15861  -33.473  -9.683  49.889 0.0000000000
15862  -32.378  -10.064  49.025 0.0000000000
15863  -31.806  -9.728  47.361 0.0000000000
15864  -31.213  -10.371  48.075 0.0000000000
15931  -30.163  -10.736  47.652 0.0000000000
15932  -30.805  -11.168  49.217 0.0000000000
15933  -31.097  -12.585  53.627 0.0000000000
15934  -30.164  -12.463  51.802 0.0000000000
15935  -30.063  -12.837  53.176 0.0000000000
15936  -28.961  -13.014  52.745 0.0000000000
15937  -29.967  -13.154  54.612 0.0000000000
15944  -29.288  -13.191  57.117 0.0000000000
15946  -27.928  -13.454  58.586 0.0000000000
16583  -19.125  -1.775  58.855 0.0000000000
16584  -18.979  0.010  58.860 0.0000000000
16585  -19.164  -0.940  60.324 0.0000000000
16586  -19.404  -0.057  64.052 0.0000000000
16587  -19.271  0.801  62.824 0.0000000000
16588  -19.554  1.769  63.858 0.0000000000
16589  -19.892  3.606  63.493 0.0000000000
16590  -19.716  2.840  64.814 0.0000000000
16591  -18.287  -2.727  67.266 0.0000000000
16592  -18.882  -2.127  66.823 0.0000000000
16593  -18.215  -1.304  67.504 0.0000000000
16597  -18.790  4.607  65.925 0.0000000000
17667  -44.240  -9.185  51.934 0.0000000000
17668  -43.007  -7.651  48.992 0.0000000000
17670  -43.932  -7.650  48.333 0.0000000000
17672  -44.062  -7.293  46.380 0.0000000000
17673  -38.462  -7.382  44.358 0.0000000000
17674  -39.685  -7.495  45.498 0.0000000000
17675  -39.522  -6.960  43.723 0.0000000000
17676  -41.475  -4.129  42.942 0.0000000000
17677  -41.879  -5.528  43.064 0.0000000000
17678  -42.964  -4.540  43.201 0.0000000000
17679  -44.278  -5.074  43.738 0.0000000000
17680  -43.706  -3.388  43.709 0.0000000000
17681  -44.243  -2.145  44.549 0.0000000000
17682  -42.953  -1.968  44.180 0.0000000000
17684  -41.889  -0.127  46.058 0.0000000000
17695  -32.869  -0.766  47.076 0.0000000000
17696  -33.919  0.050  47.630 0.0000000000
17918  -25.985  -1.274  45.848 0.0000000000
17919  -26.420  -0.092  46.630 0.0000000000
17920  -25.396  -0.642  45.891 0.0000000000
17921  -23.181  0.088  46.571 0.0000000000
17923  -23.629  1.496  46.714 0.0000000000
17927  -22.158  1.632  47.778 0.0000000000
17928  -20.553  -1.108  49.473 0.0000000000
17929  -20.818  0.431  49.445 0.0000000000
17930  -20.271  -0.309  50.441 0.0000000000
17931  -20.025  0.364  51.474 0.0000000000
17932  -19.849  -1.167  51.548 0.0000000000
17933  -27.992  -11.097  46.960 0.0000000000
17934  -27.325  -10.246  45.835 0.0000000000
17935  -26.901  -11.038  46.903 0.0000000000
17936  -24.560  -10.955  48.782 0.0000000000
17937  -24.903  -10.296  47.269 0.0000000000
17938  -23.995  -9.838  47.735 0.0000000000
17939  -23.384  -8.607  46.903 0.0000000000
17940  -23.086  -9.283  48.256 0.0000000000
17941  -23.750  -12.973  54.222 0.0000000000
17942  -23.990  -12.545  52.887 0.0000000000
17943  -23.086  -12.192  53.179 0.0000000000
17944  -21.618  -9.363  52.182 0.0000000000
17945  -22.126  -9.963  51.487 0.0000000000
17946  -21.698  -8.614  50.782 0.0000000000
17947  -21.861  -7.981  49.453 0.0000000000
17948  -21.327  -7.181  50.248 0.0000000000
17949  -20.873  -5.721  49.876 0.0000000000
17950  -20.828  -6.483  51.128 0.0000000000
17951  -20.066  -5.918  54.466 0.0000000000
17952  -20.036  -5.087  53.185 0.0000000000
17953  -19.654  -4.397  54.298 0.0000000000
17954  -19.477  -2.925  54.150 0.0000000000
17955  -19.482  -3.800  55.381 0.0000000000
17956  -19.271  -3.115  56.467 0.0000000000
17957  -19.576  -4.533  56.633 0.0000000000
17958  -20.098  -7.761  59.031 0.0000000000
17959  -20.243  -6.254  59.047 0.0000000000
17960  -20.150  -7.071  59.968 0.0000000000
17961  -20.190  -6.366  60.994 0.0000000000
17962  -19.602  -7.658  60.615 0.0000000000
17964  -18.746  -11.554  58.421 0.0000000000
17969  -18.024  -8.349  61.545 0.0000000000
19891  -19.669  3.545  58.548 0.0000000000
23407  -33.238  -8.688  45.841 0.0000000000
23408  -34.081  -8.085  44.764 0.0000000000
23409  -32.795  -8.022  44.504 0.0000000000
23410  -32.346  -7.013  43.735 0.0000000000
23411  -31.900  -5.764  43.584 0.0000000000
23412  -31.539  -4.512  43.916 0.0000000000
23413  -30.733  -5.574  43.952 0.0000000000
23414  -29.533  -5.147  44.038 0.0000000000
23415  -28.510  -4.674  44.223 0.0000000000
23455  -27.520  -4.448  44.384 0.0000000000
23456  -27.790  -5.717  44.075 0.0000000000
23457  -26.948  -6.738  44.080 0.0000000000
23458  -26.269  -7.804  44.382 0.0000000000
23846  -20.868  3.008  51.258 0.0000000000
24491  -36.199  -9.026  55.081 0.0000000000
24492  -35.327  -9.186  52.976 0.0000000000
24493  -34.932  -9.688  53.805 0.0000000000
24494  -33.665  -10.347  52.416 0.0000000000
24495  -32.538  -10.910  51.480 0.0000000000
24535  -31.443  -11.444  50.874 0.0000000000
24536  -32.283  -11.561  52.843 0.0000000000
24537  -32.065  -12.150  54.155 0.0000000000
24538  -32.090  -12.554  55.593 0.0000000000
24926  -19.927  -3.446  61.288 0.0000000000
24927  -19.498  -1.841  61.582 0.0000000000
24928  -19.867  -2.583  62.669 0.0000000000
24929  -19.733  -1.727  64.017 0.0000000000
24930  -19.571  -0.773  65.245 0.0000000000
25574  -46.476  -0.223  46.511 0.0000000000
25576  -43.169  -7.976  52.917 0.0000000000
25577  -43.816  -8.282  52.053 0.0000000000
25578  -42.744  -7.644  51.621 0.0000000000
25579  -42.239  -7.526  49.842 0.0000000000
25580  -41.860  -7.506  47.815 0.0000000000
25581  -37.750  -5.321  42.345 0.0000000000
25582  -39.260  -5.858  42.617 0.0000000000
25583  -38.898  -4.417  42.357 0.0000000000
25584  -39.951  -3.674  42.748 0.0000000000
25585  -40.859  -2.747  43.374 0.0000000000
25586  -41.615  -1.858  44.150 0.0000000000
25587  -40.182  -1.576  44.014 0.0000000000
25588  -39.702  -0.652  45.132 0.0000000000
25593  -36.289  1.318  48.821 0.0000000000
25594  -30.678  -0.946  48.080 0.0000000000
25727  -23.914  -2.661  45.360 0.0000000000
25728  -24.357  -1.229  45.648 0.0000000000
25729  -23.295  -1.984  45.759 0.0000000000
25730  -22.744  -1.298  46.346 0.0000000000
25731  -22.218  -0.393  47.043 0.0000000000
25732  -21.785  0.294  47.785 0.0000000000
25733  -21.471  -1.156  47.723 0.0000000000
25734  -20.905  -1.875  48.612 0.0000000000
25735  -20.499  -2.611  49.520 0.0000000000
25736  -27.362  -12.366  49.763 0.0000000000
25737  -26.539  -11.608  48.257 0.0000000000
25738  -26.240  -12.108  49.678 0.0000000000
25739  -25.209  -11.826  49.868 0.0000000000
25740  -24.274  -11.483  50.127 0.0000000000
25741  -22.059  -12.515  54.921 0.0000000000
25742  -22.293  -11.808  53.567 0.0000000000
25743  -21.633  -11.341  54.122 0.0000000000
25744  -21.373  -10.062  53.563 0.0000000000
25745  -21.114  -8.680  52.976 0.0000000000
25746  -20.777  -7.176  52.477 0.0000000000
25747  -20.683  -7.999  53.824 0.0000000000
25748  -20.379  -7.357  54.768 0.0000000000
25749  -20.199  -6.710  55.781 0.0000000000
25750  -20.060  -6.062  56.789 0.0000000000
25751  -20.285  -7.526  57.065 0.0000000000
25752  -20.136  -8.428  58.111 0.0000000000
25753  -19.723  -9.122  58.795 0.0000000000
29147  -18.732  -5.621  64.143 0.0000000000
29148  -19.310  -4.407  65.068 0.0000000000
29149  -18.658  -4.780  65.466 0.0000000000
29653  -38.206  -7.852  49.486 0.0000000000
29654  -39.030  -7.688  48.523 0.0000000000
29655  -37.834  -7.962  47.376 0.0000000000
29656  -37.489  -7.790  45.347 0.0000000000
29657  -37.151  -7.167  43.713 0.0000000000
29658  -34.891  -7.488  44.008 0.0000000000
29659  -35.818  -6.813  43.262 0.0000000000
29660  -36.770  -6.163  42.655 0.0000000000
29661  -36.266  -4.804  42.372 0.0000000000
29662  -35.826  -3.387  42.927 0.0000000000
29663  -35.473  -2.027  43.878 0.0000000000
29664  -35.186  -0.923  45.199 0.0000000000
29665  -34.175  -1.682  44.797 0.0000000000
29666  -33.030  -1.560  45.678 0.0000000000
29667  -31.857  -1.640  46.437 0.0000000000
29668  -31.282  -3.501  44.684 0.0000000000
29669  -31.029  -2.543  45.776 0.0000000000
29670  -30.735  -1.774  46.921 0.0000000000
29671  -29.809  -1.319  47.116 0.0000000000
29672  -29.187  -0.796  47.250 0.0000000000
29673  -28.732  -0.312  47.540 0.0000000000
29767  -28.046  -0.108  47.543 0.0000000000
29768  -27.688  -1.046  46.554 0.0000000000
29769  -26.655  -1.669  45.791 0.0000000000
29770  -25.613  -2.459  45.224 0.0000000000
29771  -26.451  -4.161  44.560 0.0000000000
29772  -25.543  -3.693  44.727 0.0000000000
29773  -24.686  -3.215  44.973 0.0000000000
29774  -23.826  -4.105  45.063 0.0000000000
29775  -23.157  -4.963  45.484 0.0000000000
29776  -22.562  -5.788  46.152 0.0000000000
29777  -26.479  -13.345  55.274 0.0000000000
29778  -25.652  -13.194  53.827 0.0000000000
29779  -25.501  -13.467  55.395 0.0000000000
29780  -24.550  -13.561  55.451 0.0000000000
29781  -23.619  -13.589  55.613 0.0000000000
29782  -23.918  -14.662  58.062 0.0000000000
29783  -23.306  -14.187  56.896 0.0000000000
29784  -22.537  -13.393  55.848 0.0000000000
29785  -21.594  -13.149  56.090 0.0000000000
29786  -20.875  -12.697  56.422 0.0000000000
29787  -20.207  -12.248  56.772 0.0000000000
29788  -19.736  -11.625  57.315 0.0000000000
29789  -19.741  -12.822  57.564 0.0000000000
29790  -19.281  -13.582  58.144 0.0000000000
32169  -43.256  -8.755  53.651 0.0000000000
32170  -42.670  -7.817  53.780 0.0000000000
32171  -41.631  -7.310  53.265 0.0000000000
32172  -40.294  -7.300  52.474 0.0000000000
32177  -40.663  -8.050  57.708 0.0000000000
32178  -41.289  -7.790  56.651 0.0000000000
32179  -40.515  -7.484  55.305 0.0000000000
32180  -39.603  -7.447  53.352 0.0000000000
32181  -38.897  -7.656  51.422 0.0000000000
32182  -37.506  -8.054  50.291 0.0000000000
32183  -36.180  -8.398  49.182 0.0000000000
32184  -34.941  -8.747  48.225 0.0000000000
32185  -34.607  -9.270  50.809 0.0000000000
32186  -34.105  -9.169  49.211 0.0000000000
32187  -33.642  -8.984  47.329 0.0000000000
32188  -32.450  -9.182  46.720 0.0000000000
32189  -31.302  -9.298  45.982 0.0000000000
32190  -30.132  -9.209  45.324 0.0000000000
32275  -28.999  -9.327  45.254 0.0000000000
32276  -29.593  -10.188  46.408 0.0000000000
32277  -29.147  -11.059  47.445 0.0000000000
32278  -28.650  -11.734  48.548 0.0000000000
32279  -30.528  -11.914  50.636 0.0000000000
32280  -29.341  -12.246  50.056 0.0000000000
32281  -28.269  -12.348  49.793 0.0000000000
32282  -28.076  -12.772  51.132 0.0000000000
32283  -27.932  -13.058  52.602 0.0000000000
32284  -27.721  -13.269  53.935 0.0000000000
32287  -31.775  -12.818  56.799 0.0000000000
32290  -30.622  -13.102  56.286 0.0000000000
32292  -28.640  -13.264  55.516 0.0000000000
32293  -27.515  -13.271  55.306 0.0000000000
32294  -27.252  -13.419  56.826 0.0000000000
32295  -26.922  -13.907  58.349 0.0000000000
33101  -19.133  -0.077  56.172 0.0000000000
33102  -19.482  1.752  56.158 0.0000000000
33103  -19.111  0.899  57.466 0.0000000000
33104  -19.249  1.828  58.750 0.0000000000
33105  -19.445  2.678  59.902 0.0000000000
33106  -19.190  -0.106  61.658 0.0000000000
33107  -19.267  1.792  61.354 0.0000000000
33108  -19.752  3.576  60.944 0.0000000000
33112  -19.463  -3.040  65.860 0.0000000000
33113  -19.368  -1.444  66.292 0.0000000000
33114  -19.253  0.209  66.267 0.0000000000
33115  -18.099  0.272  67.533 0.0000000000
33116  -18.785  1.113  66.971 0.0000000000
33117  -19.274  2.007  66.021 0.0000000000
33118  -19.450  3.827  65.578 0.0000000000
34480  -39.893  -7.596  47.493 0.0000000000
34481  -40.852  -7.524  46.660 0.0000000000
34482  -41.918  -7.298  45.802 0.0000000000
34483  -40.695  -6.285  43.283 0.0000000000
34484  -41.979  -6.651  44.097 0.0000000000
34485  -43.089  -6.992  45.158 0.0000000000
34486  -44.332  -6.464  44.693 0.0000000000
34487  -45.428  -5.591  44.639 0.0000000000
34489  -45.557  -2.464  44.986 0.0000000000
34490  -44.752  -1.061  45.507 0.0000000000
34491  -44.181  0.145  46.148 0.0000000000
34492  -42.320  -0.966  45.039 0.0000000000
34493  -43.004  -0.062  46.042 0.0000000000
34507  -35.061  0.017  46.684 0.0000000000
34784  -24.861  0.113  46.089 0.0000000000
34785  -25.396  1.387  46.662 0.0000000000
34792  -21.445  2.939  49.242 0.0000000000
34793  -21.460  1.067  48.616 0.0000000000
34794  -21.178  1.803  49.381 0.0000000000
34795  -21.002  2.416  50.286 0.0000000000
34796  -20.499  1.762  51.346 0.0000000000
34797  -19.921  1.021  52.498 0.0000000000
34798  -19.480  0.194  53.792 0.0000000000
34799  -27.882  -9.357  45.070 0.0000000000
34800  -26.763  -9.155  44.986 0.0000000000
34801  -25.706  -8.860  45.075 0.0000000000
34802  -25.906  -10.718  47.035 0.0000000000
34803  -25.235  -9.605  46.030 0.0000000000
34804  -24.700  -8.414  45.383 0.0000000000
34805  -23.719  -7.836  45.814 0.0000000000
34806  -22.934  -7.317  46.421 0.0000000000
34807  -22.215  -6.564  47.167 0.0000000000
34808  -24.886  -12.742  52.636 0.0000000000
34809  -24.108  -12.035  51.472 0.0000000000
34810  -23.472  -11.046  50.473 0.0000000000
34811  -22.565  -11.204  52.269 0.0000000000
34812  -22.753  -10.516  50.889 0.0000000000
34813  -22.944  -9.919  49.524 0.0000000000
34814  -22.443  -8.656  48.807 0.0000000000
34815  -21.968  -7.290  48.279 0.0000000000
34816  -21.540  -5.894  47.957 0.0000000000
34817  -20.969  -5.040  48.737 0.0000000000
34818  -20.550  -4.241  49.647 0.0000000000
34819  -20.161  -3.483  50.644 0.0000000000
34820  -20.431  -5.836  52.106 0.0000000000
34821  -20.074  -4.431  51.841 0.0000000000
34822  -19.858  -2.757  51.741 0.0000000000
34823  -19.594  -2.108  52.840 0.0000000000
34824  -19.393  -1.413  53.967 0.0000000000
34825  -19.242  -0.767  55.059 0.0000000000
34826  -19.107  -1.637  56.335 0.0000000000
34827  -19.188  -2.435  57.627 0.0000000000
34828  -19.480  -3.301  58.960 0.0000000000
34829  -20.032  -5.379  57.874 0.0000000000
34830  -20.004  -4.785  58.972 0.0000000000
34831  -19.930  -4.121  60.153 0.0000000000
34832  -20.357  -4.878  61.219 0.0000000000
34833  -20.212  -5.633  62.001 0.0000000000
34834  -19.583  -6.039  62.692 0.0000000000
34835  -19.416  -10.898  57.911 0.0000000000
34836  -19.155  -10.190  58.597 0.0000000000
34837  -18.997  -9.576  59.311 0.0000000000
34838  -17.853  -11.348  59.689 0.0000000000
34839  -18.260  -9.982  59.822 0.0000000000
34840  -18.857  -8.815  60.160 0.0000000000
34841  -18.798  -7.998  61.084 0.0000000000
34842  -18.785  -7.202  62.072 0.0000000000
34843  -18.747  -6.412  63.034 0.0000000000
34844  -17.949  -6.794  63.446 0.0000000000
37177  -20.023  3.428  55.933 0.0000000000
41165  -30.261  -8.468  44.656 0.0000000000
41166  -30.601  -8.142  44.417 0.0000000000
41167  -29.963  -7.886  44.318 0.0000000000
41168  -29.737  -7.327  44.100 0.0000000000
41169  -29.409  -7.752  44.246 0.0000000000
41191  -28.872  -7.660  44.262 0.0000000000
41192  -29.099  -8.236  44.486 0.0000000000
41408  -19.608  1.319  54.309 0.0000000000
41409  -19.897  2.141  54.217 0.0000000000
41410  -19.677  1.764  54.876 0.0000000000
42008  -19.872  -5.112  63.442 0.0000000000
42009  -20.076  -4.439  63.815 0.0000000000
42010  -19.767  -4.673  64.123 0.0000000000
42370  -40.283  -7.336  51.208 0.0000000000
42371  -40.642  -7.328  50.827 0.0000000000
42372  -39.873  -7.423  50.238 0.0000000000
42373  -36.650  -1.940  43.716 0.0000000000
42374  -37.377  -2.193  43.351 0.0000000000
42375  -37.153  -1.665  43.832 0.0000000000
42376  -37.602  -1.306  44.162 0.0000000000
42377  -36.924  -1.032  44.538 0.0000000000
42378  -36.756  -0.540  45.248 0.0000000000
42379  -36.287  -0.809  44.930 0.0000000000
42453  -22.125  -4.645  46.480 0.0000000000
42454  -22.096  -3.916  46.452 0.0000000000
42455  -21.835  -4.307  46.835 0.0000000000
42456  -21.531  -3.913  47.263 0.0000000000
42457  -21.602  -4.684  47.326 0.0000000000
42458  -26.824  -13.155  53.193 0.0000000000
42459  -26.483  -13.049  52.529 0.0000000000
42460  -26.345  -13.085  53.169 0.0000000000
42461  -20.461  -11.270  56.250 0.0000000000
42462  -20.658  -10.967  55.779 0.0000000000
42463  -20.472  -10.636  56.149 0.0000000000
42464  -20.525  -9.983  56.002 0.0000000000
42465  -20.311  -10.339  56.508 0.0000000000
42466  -20.183  -10.051  56.868 0.0000000000
42467  -20.097  -10.708  56.897 0.0000000000
44770  -35.143  -8.478  46.888 0.0000000000
44771  -35.562  -8.286  46.313 0.0000000000
44772  -34.990  -8.365  46.046 0.0000000000
44773  -32.925  -5.461  43.249 0.0000000000
44774  -33.523  -5.674  43.112 0.0000000000
44775  -33.282  -4.969  43.149 0.0000000000
44776  -33.738  -4.437  43.129 0.0000000000
44777  -33.070  -4.315  43.395 0.0000000000
44778  -32.872  -3.628  43.771 0.0000000000
44779  -32.513  -4.221  43.599 0.0000000000
44780  -28.750  -3.716  44.618 0.0000000000
44781  -29.125  -3.368  44.881 0.0000000000
44782  -28.647  -3.106  44.972 0.0000000000
44783  -28.566  -2.516  45.370 0.0000000000
44784  -28.150  -2.827  45.201 0.0000000000
44851  -27.738  -2.802  45.202 0.0000000000
44852  -27.807  -3.383  44.871 0.0000000000
44853  -25.585  -7.032  44.339 0.0000000000
44854  -25.425  -6.314  44.282 0.0000000000
44855  -24.997  -6.666  44.481 0.0000000000
44856  -24.570  -6.497  44.662 0.0000000000
44857  -24.768  -7.244  44.768 0.0000000000
46573  -37.188  -8.470  55.213 0.0000000000
46574  -37.952  -8.136  55.793 0.0000000000
46575  -37.553  -8.253  54.816 0.0000000000
46576  -37.858  -8.070  54.354 0.0000000000
46577  -37.122  -8.329  53.764 0.0000000000
46578  -36.736  -8.397  52.672 0.0000000000
46579  -36.316  -8.603  53.139 0.0000000000
46580  -32.420  -10.508  50.135 0.0000000000
46581  -32.706  -10.189  49.902 0.0000000000
46582  -32.120  -10.387  49.363 0.0000000000
46583  -31.801  -10.189  48.557 0.0000000000
46584  -31.495  -10.544  48.825 0.0000000000
46651  -30.929  -10.795  48.651 0.0000000000
46652  -31.276  -10.963  49.502 0.0000000000
46653  -31.079  -12.719  54.380 0.0000000000
46654  -30.563  -12.690  53.371 0.0000000000
46655  -30.562  -12.889  54.033 0.0000000000
46656  -29.908  -13.014  53.871 0.0000000000
46657  -30.383  -13.035  54.695 0.0000000000
47303  -19.289  -2.198  59.533 0.0000000000
47304  -19.139  -1.363  59.594 0.0000000000
47305  -19.341  -1.883  60.236 0.0000000000
47306  -19.447  0.494  64.539 0.0000000000
47307  -19.385  0.837  63.957 0.0000000000
47308  -19.490  1.381  64.475 0.0000000000
47309  -19.653  2.318  64.378 0.0000000000
47310  -19.562  1.966  64.974 0.0000000000
48385  -43.578  -9.452  52.487 0.0000000000
48386  -43.906  -9.577  52.046 0.0000000000
48387  -43.939  -9.068  52.333 0.0000000000
48388  -42.902  -7.580  47.978 0.0000000000
48389  -43.379  -7.704  48.778 0.0000000000
48390  -43.448  -7.538  47.653 0.0000000000
48391  -43.942  -7.564  47.381 0.0000000000
48392  -43.453  -7.403  46.711 0.0000000000
48393  -38.276  -7.072  43.633 0.0000000000
48394  -38.979  -7.178  43.996 0.0000000000
48395  -38.863  -6.747  43.280 0.0000000000
48396  -41.917  -3.591  43.185 0.0000000000
48397  -42.227  -4.355  42.982 0.0000000000
48398  -42.582  -3.828  43.257 0.0000000000
48399  -43.325  -3.978  43.395 0.0000000000
48400  -42.984  -3.199  43.543 0.0000000000
48401  -43.323  -2.607  43.854 0.0000000000
48402  -42.627  -2.521  43.812 0.0000000000
48415  -32.265  -0.855  47.458 0.0000000000
48416  -32.785  -0.476  47.702 0.0000000000
48417  -32.226  -0.504  48.137 0.0000000000
48638  -25.486  -1.608  45.564 0.0000000000
48639  -25.722  -0.957  45.889 0.0000000000
48640  -25.132  -1.320  45.623 0.0000000000
48641  -22.905  0.512  46.850 0.0000000000
48642  -23.422  0.789  46.615 0.0000000000
48643  -23.135  1.136  46.910 0.0000000000
48644  -23.360  1.787  46.977 0.0000000000
48645  -22.860  1.539  47.205 0.0000000000
48646  -22.586  1.845  47.495 0.0000000000
48647  -22.398  1.280  47.476 0.0000000000
48648  -20.335  -1.457  49.973 0.0000000000
48649  -20.393  -0.714  49.945 0.0000000000
48650  -20.189  -1.110  50.479 0.0000000000
48651  -20.052  -0.755  50.971 0.0000000000
48652  -19.998  -1.551  51.021 0.0000000000
48653  -27.815  -11.501  47.765 0.0000000000
48654  -27.483  -11.088  47.025 0.0000000000
48655  -27.316  -11.433  47.654 0.0000000000
48656  -24.043  -10.714  48.944 0.0000000000
48657  -24.269  -10.372  48.224 0.0000000000
48658  -23.810  -10.182  48.468 0.0000000000
48659  -23.511  -9.541  48.010 0.0000000000
48660  -23.290  -9.783  48.586 0.0000000000
48661  -23.396  -12.860  54.365 0.0000000000
48662  -23.397  -12.597  53.622 0.0000000000
48663  -22.974  -12.450  53.820 0.0000000000
48664  -21.390  -8.607  51.830 0.0000000000
48665  -21.633  -8.987  51.467 0.0000000000
48666  -21.458  -8.282  51.159 0.0000000000
48667  -21.526  -7.868  50.509 0.0000000000
48668  -21.249  -7.519  50.923 0.0000000000
48669  -21.073  -6.787  50.691 0.0000000000
48670  -21.062  -7.255  51.334 0.0000000000
48671  -19.946  -5.568  54.979 0.0000000000
48672  -19.859  -5.080  54.410 0.0000000000
48673  -19.773  -4.848  54.932 0.0000000000
48674  -19.544  -4.041  54.845 0.0000000000
48675  -19.586  -4.457  55.456 0.0000000000
48676  -19.491  -4.151  56.013 0.0000000000
48677  -19.684  -4.882  56.123 0.0000000000
48678  -19.903  -8.052  59.388 0.0000000000
48679  -20.128  -7.422  59.494 0.0000000000
48680  -19.923  -7.779  59.801 0.0000000000
48681  -19.922  -7.408  60.297 0.0000000000
48682  -19.612  -8.016  60.083 0.0000000000
50611  -19.734  3.935  59.080 0.0000000000
50612  -19.798  4.382  58.335 0.0000000000
50613  -19.866  4.701  58.848 0.0000000000
54370  -32.578  -8.729  45.603 0.0000000000
54371  -33.019  -8.422  45.098 0.0000000000
54372  -32.383  -8.441  45.022 0.0000000000
54373  -31.314  -7.449  44.092 0.0000000000
54374  -31.942  -7.494  44.086 0.0000000000
54375  -31.732  -6.932  43.821 0.0000000000
54376  -32.129  -6.410  43.589 0.0000000000
54377  -31.537  -6.359  43.687 0.0000000000
54378  -31.328  -5.674  43.745 0.0000000000
54379  -30.918  -6.184  43.903 0.0000000000
54380  -29.366  -6.231  43.925 0.0000000000
54381  -29.716  -5.784  43.924 0.0000000000
54382  -29.189  -5.611  43.983 0.0000000000
54383  -29.023  -4.982  44.109 0.0000000000
54384  -28.652  -5.351  44.057 0.0000000000
54451  -28.157  -5.283  44.110 0.0000000000
54452  -28.291  -5.906  44.036 0.0000000000
54453  -27.695  -7.599  44.230 0.0000000000
54454  -27.523  -6.977  44.082 0.0000000000
54455  -27.139  -7.382  44.167 0.0000000000
54456  -26.635  -7.377  44.235 0.0000000000
54457  -26.799  -7.981  44.389 0.0000000000
55103  -20.676  2.706  51.829 0.0000000000
55104  -20.770  3.411  51.747 0.0000000000
55105  -20.615  3.137  52.345 0.0000000000
55106  -20.444  3.672  54.029 0.0000000000
55107  -20.489  4.014  53.356 0.0000000000
55108  -20.332  4.464  53.817 0.0000000000
55109  -19.988  5.198  53.592 0.0000000000
55110  -20.145  4.897  54.285 0.0000000000
56173  -36.279  -9.558  56.875 0.0000000000
56174  -37.049  -9.236  57.445 0.0000000000
56175  -36.408  -9.191  56.336 0.0000000000
56176  -36.670  -8.970  55.958 0.0000000000
56177  -35.909  -9.291  55.209 0.0000000000
56178  -35.515  -9.388  54.473 0.0000000000
56179  -35.431  -9.658  54.974 0.0000000000
56180  -33.995  -10.638  54.083 0.0000000000
56181  -34.079  -10.347  53.560 0.0000000000
56182  -33.569  -10.642  53.031 0.0000000000
56183  -33.127  -10.647  51.960 0.0000000000
56184  -32.889  -10.986  52.354 0.0000000000
56251  -32.386  -11.294  52.166 0.0000000000
56252  -32.760  -11.311  53.094 0.0000000000
56253  -33.112  -11.877  55.497 0.0000000000
56254  -32.691  -11.899  54.582 0.0000000000
56255  -32.521  -12.141  55.120 0.0000000000
56256  -32.020  -12.356  54.851 0.0000000000
56257  -32.598  -12.319  55.881 0.0000000000
56903  -20.167  -3.815  61.857 0.0000000000
56904  -19.893  -2.973  61.982 0.0000000000
56905  -20.124  -3.377  62.540 0.0000000000
56906  -20.004  -2.890  64.384 0.0000000000
56907  -19.900  -2.555  63.913 0.0000000000
56908  -19.820  -2.118  64.550 0.0000000000
56909  -19.651  -1.263  64.633 0.0000000000
56910  -19.709  -1.650  65.210 0.0000000000
57980  -46.618  -1.530  46.129 0.0000000000
57981  -46.807  -1.015  46.466 0.0000000000
57982  -46.246  -0.736  46.248 0.0000000000
57983  -45.901  -0.083  46.384 0.0000000000
57984  -45.660  -0.576  46.026 0.0000000000
57985  -42.672  -7.643  52.780 0.0000000000
57986  -43.028  -7.720  52.394 0.0000000000
57987  -42.386  -7.479  52.106 0.0000000000
57988  -41.297  -7.406  49.747 0.0000000000
57989  -41.838  -7.418  50.233 0.0000000000
57990  -41.553  -7.431  49.284 0.0000000000
57991  -41.955  -7.514  48.822 0.0000000000
57992  -41.483  -7.507  48.189 0.0000000000
57993  -37.529  -4.645  42.347 0.0000000000
57994  -38.331  -4.905  42.318 0.0000000000
57995  -38.120  -4.179  42.361 0.0000000000
57996  -38.862  -2.721  43.035 0.0000000000
57997  -39.161  -3.387  42.767 0.0000000000
57998  -39.605  -2.956  42.980 0.0000000000
57999  -40.388  -3.197  43.049 0.0000000000
58000  -40.081  -2.548  43.344 0.0000000000
58001  -40.508  -2.131  43.621 0.0000000000
58002  -39.745  -1.935  43.636 0.0000000000
58003  -38.575  -0.692  44.809 0.0000000000
58004  -39.274  -0.912  44.640 0.0000000000
58005  -39.047  -0.402  45.277 0.0000000000
58006  -39.565  -0.118  45.853 0.0000000000
58007  -38.906  0.043  45.977 0.0000000000
58008  -38.862  0.478  46.738 0.0000000000
58009  -38.332  0.235  46.339 0.0000000000
58010  -36.642  0.380  46.768 0.0000000000
58011  -37.190  0.627  47.093 0.0000000000
58012  -36.687  0.825  47.601 0.0000000000
58013  -36.741  1.190  48.382 0.0000000000
58014  -36.156  0.922  48.052 0.0000000000
58015  -30.322  -0.719  48.183 0.0000000000
58016  -30.772  -0.536  48.713 0.0000000000
58017  -30.463  -0.322  48.814 0.0000000000
58238  -23.501  -3.034  45.444 0.0000000000
58239  -23.647  -2.265  45.551 0.0000000000
58240  -23.192  -2.758  45.645 0.0000000000
58241  -22.206  -2.371  46.492 0.0000000000
58242  -22.573  -1.965  46.271 0.0000000000
58243  -22.320  -1.534  46.529 0.0000000000
58244  -22.463  -0.833  46.634 0.0000000000
58245  -22.044  -1.112  46.948 0.0000000000
58246  -21.828  -0.740  47.363 0.0000000000
58247  -21.679  -1.498  47.296 0.0000000000
58248  -21.067  -3.056  48.164 0.0000000000
58249  -21.092  -2.270  48.148 0.0000000000
58250  -20.851  -2.639  48.599 0.0000000000
58251  -20.673  -2.323  49.011 0.0000000000
58252  -20.650  -3.025  49.053 0.0000000000
58253  -27.204  -12.530  50.404 0.0000000000
58254  -26.774  -12.216  49.660 0.0000000000
58255  -26.656  -12.399  50.294 0.0000000000
58256  -25.493  -12.429  51.182 0.0000000000
58257  -25.632  -12.240  50.483 0.0000000000
58258  -25.061  -12.059  50.544 0.0000000000
58259  -24.718  -11.693  49.990 0.0000000000
58260  -24.653  -11.932  50.680 0.0000000000
58261  -21.646  -12.329  55.186 0.0000000000
58262  -21.855  -11.927  54.556 0.0000000000
58263  -21.405  -11.654  54.776 0.0000000000
58264  -21.000  -10.199  54.617 0.0000000000
58265  -21.179  -10.451  54.222 0.0000000000
58266  -21.141  -9.784  53.916 0.0000000000
58267  -21.210  -9.384  53.264 0.0000000000
58268  -21.031  -9.139  53.645 0.0000000000
58269  -20.880  -8.349  53.360 0.0000000000
58270  -20.842  -8.750  54.056 0.0000000000
58271  -20.489  -8.515  55.664 0.0000000000
58272  -20.517  -8.126  55.007 0.0000000000
58273  -20.398  -7.746  55.405 0.0000000000
58274  -20.284  -7.011  55.281 0.0000000000
58275  -20.315  -7.437  55.973 0.0000000000
58276  -20.273  -7.090  56.447 0.0000000000
58277  -20.325  -7.872  56.615 0.0000000000
58278  -20.049  -9.434  57.648 0.0000000000
58279  -20.183  -8.769  57.656 0.0000000000
58280  -19.989  -9.110  58.075 0.0000000000
58281  -19.949  -8.793  58.473 0.0000000000
58282  -19.750  -9.422  58.417 0.0000000000
64103  -18.347  -5.796  64.365 0.0000000000
64104  -18.706  -5.211  64.797 0.0000000000
64105  -18.272  -5.362  65.040 0.0000000000
65185  -37.636  -8.017  48.783 0.0000000000
65186  -38.023  -7.930  48.468 0.0000000000
65187  -37.436  -8.077  47.863 0.0000000000
65188  -36.393  -7.950  45.397 0.0000000000
65189  -36.979  -7.994  45.971 0.0000000000
65190  -36.849  -7.747  44.940 0.0000000000
65191  -37.288  -7.553  44.526 0.0000000000
65192  -36.704  -7.424  44.058 0.0000000000
65193  -33.850  -7.758  44.222 0.0000000000
65194  -34.477  -7.850  44.407 0.0000000000
65195  -34.249  -7.444  43.852 0.0000000000
65196  -34.897  -6.043  42.936 0.0000000000
65197  -35.150  -6.698  43.191 0.0000000000
65198  -35.567  -6.241  42.892 0.0000000000
65199  -36.272  -6.518  42.938 0.0000000000
65200  -36.048  -5.910  42.603 0.0000000000
65201  -36.528  -5.479  42.454 0.0000000000
65202  -35.814  -5.234  42.524 0.0000000000
65203  -34.629  -3.480  43.140 0.0000000000
65204  -35.349  -3.897  42.794 0.0000000000
65205  -35.173  -3.143  43.180 0.0000000000
65206  -35.693  -2.742  43.372 0.0000000000
65207  -34.963  -2.459  43.736 0.0000000000
65208  -34.838  -1.847  44.358 0.0000000000
65209  -34.317  -2.239  44.200 0.0000000000
65210  -32.630  -2.483  44.773 0.0000000000
65211  -33.124  -2.098  45.024 0.0000000000
65212  -32.537  -2.017  45.405 0.0000000000
65213  -32.421  -1.671  46.016 0.0000000000
65214  -31.967  -2.045  45.792 0.0000000000
65215  -31.004  -4.487  44.170 0.0000000000
65216  -31.402  -3.983  44.261 0.0000000000
65217  -30.857  -3.981  44.533 0.0000000000
65218  -30.003  -2.801  45.618 0.0000000000
65219  -30.598  -2.926  45.487 0.0000000000
65220  -30.434  -2.455  45.999 0.0000000000
65221  -30.884  -2.144  46.345 0.0000000000
65222  -30.300  -2.029  46.520 0.0000000000
65223  -30.215  -1.601  47.029 0.0000000000
65224  -29.785  -1.779  46.578 0.0000000000
65225  -28.612  -1.479  46.282 0.0000000000
65226  -29.022  -1.244  46.726 0.0000000000
65227  -28.753  -1.024  46.756 0.0000000000
65228  -28.944  -0.590  47.267 0.0000000000
65229  -28.533  -0.777  46.979 0.0000000000
65431  -28.215  -0.686  47.007 0.0000000000
65432  -28.004  -1.154  46.513 0.0000000000
65433  -26.878  -2.402  45.430 0.0000000000
65434  -26.985  -1.870  45.803 0.0000000000
65435  -26.457  -2.289  45.456 0.0000000000
65436  -26.086  -2.030  45.480 0.0000000000
65437  -25.945  -2.596  45.196 0.0000000000
65438  -27.068  -4.912  44.233 0.0000000000
65439  -26.966  -4.267  44.462 0.0000000000
65440  -26.546  -4.784  44.320 0.0000000000
65441  -25.227  -4.876  44.435 0.0000000000
65442  -25.561  -4.355  44.495 0.0000000000
65443  -25.117  -4.163  44.644 0.0000000000
65444  -25.040  -3.449  44.886 0.0000000000
65445  -24.677  -3.930  44.788 0.0000000000
65446  -24.241  -3.698  44.952 0.0000000000
65447  -24.248  -4.394  44.814 0.0000000000
65448  -23.652  -5.983  45.179 0.0000000000
65449  -23.529  -5.242  45.167 0.0000000000
65450  -23.221  -5.630  45.488 0.0000000000
65451  -22.814  -5.381  45.755 0.0000000000
65452  -22.948  -6.110  45.817 0.0000000000
65453  -26.436  -13.484  56.098 0.0000000000
65454  -25.944  -13.389  55.333 0.0000000000
65455  -25.917  -13.573  56.099 0.0000000000
65456  -24.818  -14.103  56.850 0.0000000000
65457  -24.927  -13.830  56.122 0.0000000000
65458  -24.449  -13.905  56.206 0.0000000000
65459  -24.049  -13.554  55.545 0.0000000000
65460  -23.966  -13.923  56.244 0.0000000000
65464  -22.566  -14.409  57.422 0.0000000000
65465  -23.026  -14.438  57.439 0.0000000000
65466  -22.759  -14.094  56.889 0.0000000000
65467  -22.841  -13.826  56.347 0.0000000000
65468  -22.382  -13.767  56.361 0.0000000000
65469  -22.046  -13.262  55.973 0.0000000000
65470  -21.941  -13.601  56.467 0.0000000000
65471  -20.873  -13.590  57.125 0.0000000000
65472  -21.049  -13.324  56.648 0.0000000000
65473  -20.670  -13.104  56.826 0.0000000000
65474  -20.539  -12.487  56.585 0.0000000000
65475  -20.322  -12.814  57.002 0.0000000000
65476  -19.978  -12.548  57.175 0.0000000000
65477  -20.091  -13.132  57.405 0.0000000000
70580  -41.611  -7.475  54.511 0.0000000000
70581  -41.840  -7.531  54.024 0.0000000000
70582  -41.380  -7.337  53.671 0.0000000000
70583  -40.978  -7.258  52.934 0.0000000000
70584  -40.602  -7.258  53.302 0.0000000000
70596  -39.577  -7.780  56.735 0.0000000000
70597  -39.976  -7.894  57.461 0.0000000000
70598  -40.327  -7.766  57.044 0.0000000000
70599  -40.943  -7.959  57.188 0.0000000000
70600  -40.613  -7.684  56.468 0.0000000000
70601  -40.889  -7.586  55.953 0.0000000000
70602  -40.196  -7.574  55.730 0.0000000000
70603  -38.561  -7.720  53.290 0.0000000000
70604  -39.348  -7.584  53.838 0.0000000000
70605  -38.890  -7.619  52.870 0.0000000000
70606  -39.242  -7.543  52.445 0.0000000000
70607  -38.538  -7.742  51.986 0.0000000000
70608  -38.163  -7.897  50.858 0.0000000000
70609  -37.846  -7.958  51.295 0.0000000000
70610  -36.049  -8.554  50.623 0.0000000000
70611  -36.452  -8.363  50.154 0.0000000000
70612  -35.784  -8.630  49.633 0.0000000000
70613  -35.580  -8.602  48.725 0.0000000000
70614  -35.167  -8.758  48.988 0.0000000000
70615  -34.775  -9.478  52.580 0.0000000000
70616  -34.992  -9.250  51.897 0.0000000000
70617  -34.383  -9.519  51.396 0.0000000000
70618  -33.203  -9.585  49.024 0.0000000000
70619  -33.749  -9.455  49.524 0.0000000000
70620  -33.512  -9.318  48.734 0.0000000000
70621  -33.904  -9.111  48.275 0.0000000000
70622  -33.258  -9.195  47.913 0.0000000000
70623  -33.015  -9.066  47.119 0.0000000000
70624  -32.688  -9.355  47.449 0.0000000000
70625  -31.199  -9.761  47.003 0.0000000000
70626  -31.563  -9.545  46.667 0.0000000000
70627  -30.957  -9.536  46.313 0.0000000000
70628  -30.725  -9.217  45.623 0.0000000000
70629  -30.383  -9.528  45.873 0.0000000000
70831  -29.867  -9.708  45.940 0.0000000000
70832  -30.181  -10.079  46.610 0.0000000000
70833  -29.932  -11.160  48.270 0.0000000000
70834  -29.637  -10.975  47.560 0.0000000000
70835  -29.423  -11.312  48.107 0.0000000000
70836  -28.861  -11.398  47.922 0.0000000000
70837  -29.165  -11.649  48.655 0.0000000000
70838  -31.423  -11.781  51.753 0.0000000000
70839  -31.011  -11.679  50.820 0.0000000000
70840  -30.901  -12.055  51.508 0.0000000000
70841  -29.593  -12.578  51.535 0.0000000000
70842  -29.719  -12.381  50.840 0.0000000000
70843  -29.149  -12.499  50.713 0.0000000000
70844  -28.733  -12.287  49.840 0.0000000000
70845  -28.680  -12.531  50.528 0.0000000000
70846  -28.248  -12.590  50.539 0.0000000000
70847  -28.546  -12.765  51.254 0.0000000000
70848  -28.891  -13.162  53.460 0.0000000000
70849  -28.384  -13.042  52.592 0.0000000000
70850  -28.421  -13.177  53.428 0.0000000000
70851  -27.897  -13.137  53.377 0.0000000000
70852  -28.272  -13.218  54.043 0.0000000000
70871  -28.788  -13.241  56.986 0.0000000000
70872  -28.996  -13.261  56.497 0.0000000000
70873  -28.496  -13.255  56.204 0.0000000000
70874  -27.941  -13.259  55.294 0.0000000000
70875  -27.915  -13.276  56.049 0.0000000000
70876  -27.363  -13.283  56.001 0.0000000000
70877  -27.810  -13.268  56.865 0.0000000000
72788  -19.041  -0.432  56.832 0.0000000000
72789  -19.115  0.376  56.823 0.0000000000
72790  -19.018  -0.044  57.443 0.0000000000
72791  -19.014  0.480  59.544 0.0000000000
72792  -19.052  0.904  58.794 0.0000000000
72793  -19.136  1.386  59.453 0.0000000000
72794  -19.326  2.264  59.338 0.0000000000
72795  -19.253  1.823  60.039 0.0000000000
72796  -19.448  -1.452  62.239 0.0000000000
72797  -19.318  -0.948  61.679 0.0000000000
72798  -19.286  -0.556  62.319 0.0000000000
72799  -19.400  1.787  62.665 0.0000000000
72800  -19.286  1.328  62.084 0.0000000000
72801  -19.415  2.252  61.935 0.0000000000
72802  -19.499  2.756  61.138 0.0000000000
72803  -19.661  3.181  61.680 0.0000000000
72804  -19.901  3.957  61.477 0.0000000000
72805  -19.864  3.581  62.235 0.0000000000
72811  -19.126  -3.962  65.711 0.0000000000
72812  -19.447  -3.781  65.504 0.0000000000
72813  -19.208  -3.312  66.071 0.0000000000
72814  -18.850  -1.371  66.953 0.0000000000
72815  -19.132  -1.804  66.583 0.0000000000
72816  -19.106  -0.955  66.708 0.0000000000
72817  -19.303  -0.636  66.290 0.0000000000
72818  -19.077  -0.116  66.728 0.0000000000
72822  -18.404  2.334  66.986 0.0000000000
72823  -18.462  1.511  67.185 0.0000000000
72824  -18.757  1.967  66.796 0.0000000000
72825  -19.060  1.571  66.518 0.0000000000
72826  -19.089  2.517  66.362 0.0000000000
72827  -19.347  2.938  65.844 0.0000000000
72828  -19.104  3.385  66.139 0.0000000000
76038  -43.637  -7.938  51.551 0.0000000000
76039  -44.165  -8.433  51.555 0.0000000000
76040  -43.973  -8.135  51.094 0.0000000000
76053  -38.850  -7.754  47.434 0.0000000000
76054  -39.455  -7.612  48.030 0.0000000000
76055  -39.277  -7.687  47.008 0.0000000000
76056  -40.284  -7.343  45.094 0.0000000000
76057  -40.253  -7.563  46.123 0.0000000000
76058  -40.856  -7.427  45.641 0.0000000000
76059  -41.406  -7.472  46.281 0.0000000000
76060  -41.380  -7.240  45.256 0.0000000000
76061  -39.800  -5.492  42.580 0.0000000000
76062  -39.975  -6.097  42.976 0.0000000000
76063  -40.544  -5.700  42.845 0.0000000000
76064  -42.561  -5.741  43.350 0.0000000000
76065  -41.969  -6.208  43.465 0.0000000000
76066  -42.568  -6.366  43.854 0.0000000000
76067  -42.564  -6.806  44.571 0.0000000000
76068  -43.160  -6.556  44.380 0.0000000000
76069  -43.799  -6.686  44.821 0.0000000000
76070  -43.778  -6.273  44.219 0.0000000000
76071  -44.690  -4.463  43.921 0.0000000000
76072  -44.899  -5.296  44.091 0.0000000000
76073  -45.325  -4.662  44.270 0.0000000000
76074  -45.896  -4.969  44.772 0.0000000000
76075  -45.662  -4.106  44.525 0.0000000000
76076  -45.913  -3.391  44.918 0.0000000000
76077  -45.331  -3.158  44.556 0.0000000000
76078  -43.828  -1.464  44.835 0.0000000000
76079  -44.508  -1.554  45.035 0.0000000000
76080  -44.130  -0.993  45.328 0.0000000000
76081  -44.440  -0.419  45.858 0.0000000000
76082  -43.813  -0.486  45.699 0.0000000000
76083  -41.309  -1.321  44.600 0.0000000000
76084  -41.976  -1.354  44.536 0.0000000000
76085  -41.685  -0.925  45.102 0.0000000000
76120  -34.611  -0.825  45.656 0.0000000000
76121  -35.066  -0.416  45.926 0.0000000000
76122  -34.543  -0.343  46.375 0.0000000000
76793  -27.525  -0.436  47.076 0.0000000000
76794  -27.732  0.106  47.628 0.0000000000
76795  -27.200  -0.139  47.110 0.0000000000
76796  -26.146  0.194  46.627 0.0000000000
76797  -26.637  0.496  47.147 0.0000000000
76798  -26.381  0.850  47.059 0.0000000000
76799  -26.567  1.496  47.627 0.0000000000
76800  -26.127  1.281  47.030 0.0000000000
76801  -24.072  -0.902  45.810 0.0000000000
76802  -24.597  -0.555  45.851 0.0000000000
76803  -24.318  -0.248  46.025 0.0000000000
76818  -22.073  2.531  48.055 0.0000000000
76819  -22.154  3.127  47.982 0.0000000000
76820  -21.882  2.911  48.435 0.0000000000
76821  -21.663  3.216  48.797 0.0000000000
76822  -21.601  2.637  48.885 0.0000000000
76823  -21.443  0.028  48.201 0.0000000000
76824  -21.631  0.709  48.201 0.0000000000
76825  -21.260  0.404  48.635 0.0000000000
76826  -20.688  0.757  49.897 0.0000000000
76827  -21.010  1.141  49.413 0.0000000000
76828  -20.882  1.463  49.870 0.0000000000
76829  -21.062  2.068  49.813 0.0000000000
76830  -20.822  1.838  50.326 0.0000000000
76831  -20.751  2.113  50.817 0.0000000000
76832  -20.542  1.455  50.861 0.0000000000
76833  -19.806  -0.055  51.993 0.0000000000
76834  -19.960  0.714  52.014 0.0000000000
76835  -19.758  0.285  52.576 0.0000000000
76836  -19.686  0.629  53.156 0.0000000000
76837  -19.530  -0.074  53.239 0.0000000000
76838  -28.697  -9.832  45.574 0.0000000000
76839  -28.424  -9.354  45.114 0.0000000000
76840  -28.192  -9.873  45.532 0.0000000000
76841  -26.833  -10.228  45.845 0.0000000000
76842  -27.021  -9.707  45.359 0.0000000000
76843  -26.554  -9.714  45.406 0.0000000000
76844  -26.247  -9.033  45.011 0.0000000000
76845  -25.956  -9.466  45.414 0.0000000000
76846  -26.004  -11.478  48.297 0.0000000000
76847  -26.246  -11.194  47.620 0.0000000000
76848  -25.750  -11.106  47.730 0.0000000000
76849  -24.533  -9.727  46.812 0.0000000000
76850  -25.047  -9.972  46.621 0.0000000000
76851  -24.729  -9.387  46.230 0.0000000000
76852  -24.970  -9.067  45.699 0.0000000000
76853  -24.465  -8.767  45.870 0.0000000000
76854  -24.208  -8.092  45.572 0.0000000000
76855  -23.987  -8.571  46.120 0.0000000000
76856  -22.980  -8.314  47.265 0.0000000000
76857  -23.133  -7.976  46.638 0.0000000000
76858  -22.750  -7.640  46.985 0.0000000000
76859  -22.521  -6.845  46.769 0.0000000000
76860  -22.440  -7.340  47.377 0.0000000000
76861  -25.198  -13.134  53.920 0.0000000000
76862  -25.320  -13.032  53.232 0.0000000000
76863  -24.814  -12.975  53.283 0.0000000000
76864  -23.573  -12.073  52.295 0.0000000000
76865  -24.034  -12.244  52.171 0.0000000000
76866  -23.715  -11.879  51.635 0.0000000000
76867  -23.783  -11.528  50.938 0.0000000000
76868  -23.368  -11.330  51.125 0.0000000000
76869  -22.059  -11.240  53.190 0.0000000000
76870  -22.441  -11.483  52.942 0.0000000000
76871  -22.203  -10.870  52.536 0.0000000000
76872  -22.223  -9.630  50.765 0.0000000000
76873  -22.422  -10.263  51.159 0.0000000000
76874  -22.532  -9.939  50.450 0.0000000000
76875  -22.876  -10.261  50.214 0.0000000000
76876  -22.587  -9.636  49.810 0.0000000000
76877  -22.718  -9.353  49.135 0.0000000000
76878  -22.396  -9.009  49.434 0.0000000000
76879  -21.638  -7.241  49.247 0.0000000000
76880  -21.958  -7.652  48.856 0.0000000000
76881  -21.719  -6.970  48.622 0.0000000000
76882  -21.723  -6.586  48.115 0.0000000000
76883  -21.441  -6.236  48.468 0.0000000000
76884  -21.243  -5.503  48.318 0.0000000000
76885  -21.150  -5.813  48.847 0.0000000000
76886  -20.635  -5.295  50.347 0.0000000000
76887  -20.706  -5.079  49.712 0.0000000000
76888  -20.448  -4.629  50.219 0.0000000000
76889  -20.391  -3.825  50.122 0.0000000000
76890  -20.252  -4.203  50.703 0.0000000000
76891  -20.593  -6.909  52.919 0.0000000000
76892  -20.645  -6.563  52.274 0.0000000000
76893  -20.427  -6.199  52.757 0.0000000000
76894  -19.808  -4.387  53.131 0.0000000000
76895  -20.041  -4.710  52.544 0.0000000000
76896  -19.935  -4.007  52.406 0.0000000000
76897  -19.909  -3.566  51.785 0.0000000000
76898  -19.802  -3.228  52.330 0.0000000000
76899  -19.739  -2.478  52.248 0.0000000000
76900  -19.662  -2.854  52.920 0.0000000000
76901  -19.393  -2.621  54.703 0.0000000000
76902  -19.427  -2.195  54.083 0.0000000000
76903  -19.341  -1.849  54.598 0.0000000000
76904  -19.297  -1.105  54.511 0.0000000000
76905  -19.231  -1.577  55.145 0.0000000000
76906  -19.137  -1.199  55.693 0.0000000000
76907  -19.173  -1.998  55.784 0.0000000000
76908  -19.383  -3.513  57.119 0.0000000000
76909  -19.215  -2.799  57.033 0.0000000000
76910  -19.335  -3.186  57.709 0.0000000000
76911  -19.312  -2.818  58.312 0.0000000000
76912  -19.460  -3.584  58.385 0.0000000000
76913  -20.211  -6.454  57.420 0.0000000000
76914  -20.044  -5.699  57.319 0.0000000000
76915  -20.252  -6.214  57.909 0.0000000000
76916  -20.290  -5.916  59.574 0.0000000000
76917  -20.167  -5.518  59.015 0.0000000000
76918  -20.155  -5.206  59.532 0.0000000000
76919  -19.952  -4.443  59.582 0.0000000000
76920  -20.155  -4.845  60.123 0.0000000000
76921  -20.162  -4.498  60.659 0.0000000000
76922  -20.348  -5.255  60.679 0.0000000000
76923  -19.955  -6.671  61.313 0.0000000000
76924  -20.203  -6.001  61.494 0.0000000000
76925  -19.946  -6.304  61.812 0.0000000000
76926  -19.960  -5.945  62.338 0.0000000000
76927  -19.607  -6.440  62.155 0.0000000000
76928  -19.455  -11.904  57.652 0.0000000000
76929  -19.558  -11.228  57.619 0.0000000000
76930  -19.234  -11.543  57.912 0.0000000000
76931  -18.599  -11.173  58.701 0.0000000000
76932  -18.922  -10.886  58.472 0.0000000000
76933  -18.813  -10.543  58.766 0.0000000000
76934  -19.075  -9.895  58.951 0.0000000000
76935  -18.694  -10.201  59.114 0.0000000000
76939  -17.880  -9.776  60.549 0.0000000000
76940  -17.925  -10.228  60.115 0.0000000000
76941  -18.180  -9.533  60.275 0.0000000000
76942  -18.541  -9.371  59.943 0.0000000000
76943  -18.492  -8.958  60.397 0.0000000000
76944  -18.819  -8.409  60.619 0.0000000000
76945  -18.460  -8.518  60.907 0.0000000000
76946  -17.988  -7.971  61.987 0.0000000000
76947  -18.374  -7.744  61.804 0.0000000000
76948  -18.361  -7.341  62.254 0.0000000000
76949  -18.759  -6.791  62.566 0.0000000000
76950  -18.349  -6.993  62.745 0.0000000000
76951  -18.360  -6.598  63.276 0.0000000000
76952  -17.965  -7.192  62.922 0.0000000000
82711  -19.532  2.201  56.795 0.0000000000
82712  -19.773  2.606  56.071 0.0000000000
82713  -19.788  3.084  56.660 0.0000000000
92527  -31.411  -8.733  45.168 0.0000000000
92528  -31.773  -8.397  44.853 0.0000000000
92529  -31.172  -8.297  44.611 0.0000000000
92530  -30.928  -7.763  44.245 0.0000000000
92531  -30.692  -7.217  44.038 0.0000000000
92532  -30.463  -6.587  43.927 0.0000000000
92533  -30.083  -6.943  43.945 0.0000000000
92534  -29.543  -6.773  43.965 0.0000000000
92535  -28.985  -6.562  43.980 0.0000000000
92575  -28.451  -6.497  44.034 0.0000000000
92576  -28.648  -7.070  44.106 0.0000000000
92577  -28.284  -7.656  44.224 0.0000000000
92578  -27.907  -8.170  44.436 0.0000000000
92966  -20.167  2.055  53.001 0.0000000000
92967  -20.466  2.808  52.951 0.0000000000
92968  -20.195  2.480  53.586 0.0000000000
92969  -20.205  2.908  54.134 0.0000000000
92970  -20.223  3.351  54.670 0.0000000000
93610  -36.047  -9.890  57.133 0.0000000000
93611  -35.634  -9.911  56.160 0.0000000000
93612  -35.078  -9.916  55.125 0.0000000000
93613  -34.986  -10.270  55.635 0.0000000000
93614  -34.344  -10.626  54.951 0.0000000000
93615  -33.629  -11.001  54.296 0.0000000000
93655  -33.201  -11.293  54.148 0.0000000000
93656  -33.671  -11.272  55.207 0.0000000000
93657  -33.528  -11.608  55.575 0.0000000000
93658  -33.540  -11.840  56.286 0.0000000000
94046  -20.338  -4.543  62.765 0.0000000000
94047  -20.259  -3.719  63.005 0.0000000000
94048  -20.264  -4.137  63.433 0.0000000000
94049  -20.125  -3.691  64.154 0.0000000000
94050  -19.925  -3.237  64.898 0.0000000000
94694  -46.987  -2.458  46.028 0.0000000000
94695  -46.426  -2.146  45.719 0.0000000000
94696  -41.540  -7.274  52.105 0.0000000000
94697  -41.756  -7.314  51.678 0.0000000000
94698  -41.201  -7.287  51.166 0.0000000000
94699  -40.892  -7.327  50.281 0.0000000000
94700  -40.623  -7.460  49.141 0.0000000000
94701  -37.081  -3.255  42.815 0.0000000000
94702  -37.867  -3.575  42.629 0.0000000000
94703  -37.632  -2.871  42.984 0.0000000000
94704  -38.114  -2.468  43.174 0.0000000000
94705  -38.622  -2.122  43.376 0.0000000000
94706  -39.027  -1.736  43.680 0.0000000000
94707  -38.348  -1.520  43.840 0.0000000000
94708  -38.096  -0.998  44.478 0.0000000000
94709  -37.922  -0.454  45.191 0.0000000000
94710  -37.804  0.057  45.987 0.0000000000
94711  -37.279  -0.295  45.502 0.0000000000
94712  -36.673  -0.081  45.957 0.0000000000
94713  -36.084  0.084  46.448 0.0000000000
94714  -29.785  -0.225  48.262 0.0000000000
94715  -30.281  0.005  48.954 0.0000000000
94716  -29.991  0.232  48.942 0.0000000000
94847  -22.711  -3.870  45.838 0.0000000000
94848  -22.756  -3.073  45.885 0.0000000000
94849  -22.419  -3.556  46.100 0.0000000000
94850  -22.123  -3.134  46.470 0.0000000000
94851  -21.826  -2.779  46.816 0.0000000000
94852  -21.591  -2.323  47.250 0.0000000000
94853  -21.530  -3.138  47.260 0.0000000000
94854  -21.288  -3.499  47.717 0.0000000000
94855  -21.059  -3.860  48.211 0.0000000000
94856  -26.930  -12.808  51.739 0.0000000000
94857  -26.637  -12.680  51.121 0.0000000000
94858  -26.347  -12.806  51.755 0.0000000000
94859  -25.950  -12.727  51.798 0.0000000000
94860  -25.423  -12.620  51.867 0.0000000000
94861  -20.956  -11.889  55.687 0.0000000000
94862  -21.226  -11.497  55.137 0.0000000000
94863  -20.879  -11.206  55.461 0.0000000000
94864  -20.836  -10.534  55.229 0.0000000000
94865  -20.807  -9.878  55.004 0.0000000000
94866  -20.736  -9.179  54.754 0.0000000000
94867  -20.685  -9.579  55.442 0.0000000000
94868  -20.564  -9.318  55.898 0.0000000000
94869  -20.417  -8.999  56.303 0.0000000000
94870  -20.308  -8.686  56.707 0.0000000000
94871  -20.285  -9.388  56.832 0.0000000000
94872  -20.109  -9.739  57.225 0.0000000000
94873  -19.843  -10.026  57.594 0.0000000000
98366  -17.430  -6.437  64.747 0.0000000000
98367  -17.802  -5.724  65.211 0.0000000000
98368  -17.326  -6.025  65.377 0.0000000000
99016  -36.379  -8.274  47.830 0.0000000000
99017  -36.763  -8.185  47.365 0.0000000000
99018  -36.163  -8.230  46.729 0.0000000000
99019  -35.964  -8.144  45.898 0.0000000000
99020  -35.774  -7.916  45.016 0.0000000000
99021  -33.378  -6.745  43.419 0.0000000000
99022  -34.029  -6.882  43.453 0.0000000000
99023  -33.797  -6.354  43.194 0.0000000000
99024  -34.216  -5.897  42.938 0.0000000000
99025  -34.657  -5.417  42.808 0.0000000000
99026  -35.077  -4.880  42.625 0.0000000000
99027  -34.392  -4.682  42.854 0.0000000000
99028  -34.185  -3.971  43.086 0.0000000000
99029  -33.929  -3.246  43.529 0.0000000000
99030  -33.772  -2.629  44.012 0.0000000000
99031  -33.357  -3.135  43.914 0.0000000000
99032  -32.732  -2.981  44.219 0.0000000000
99033  -32.215  -3.032  44.514 0.0000000000
99034  -29.840  -4.193  44.475 0.0000000000
99035  -30.257  -3.794  44.733 0.0000000000
99036  -29.693  -3.669  44.803 0.0000000000
99037  -29.547  -3.132  45.182 0.0000000000
99038  -29.423  -2.540  45.627 0.0000000000
99039  -29.333  -2.032  46.141 0.0000000000
99040  -28.961  -2.251  45.773 0.0000000000
99041  -28.533  -1.963  45.836 0.0000000000
99042  -28.214  -1.732  46.004 0.0000000000
99163  -27.839  -1.657  46.054 0.0000000000
99164  -27.726  -2.189  45.622 0.0000000000
99165  -27.316  -2.537  45.378 0.0000000000
99166  -26.844  -3.006  45.102 0.0000000000
99167  -26.277  -5.955  44.095 0.0000000000
99168  -26.158  -5.279  44.173 0.0000000000
99169  -25.762  -5.746  44.193 0.0000000000
99170  -25.328  -5.583  44.286 0.0000000000
99171  -24.820  -5.341  44.512 0.0000000000
99172  -24.298  -5.093  44.707 0.0000000000
99173  -24.418  -5.764  44.612 0.0000000000
99174  -24.109  -6.292  44.906 0.0000000000
99175  -23.808  -6.648  45.247 0.0000000000
99176  -26.164  -13.964  57.602 0.0000000000
99177  -25.787  -13.882  56.822 0.0000000000
99178  -25.718  -14.128  57.589 0.0000000000
99179  -25.125  -14.263  57.517 0.0000000000
99180  -24.614  -14.328  57.506 0.0000000000
99184  -22.505  -14.691  57.920 0.0000000000
99185  -22.094  -14.328  57.403 0.0000000000
99186  -21.809  -13.949  56.944 0.0000000000
99187  -21.663  -14.264  57.432 0.0000000000
99188  -21.137  -14.096  57.454 0.0000000000
99189  -20.650  -13.897  57.537 0.0000000000
99190  -20.260  -13.711  57.640 0.0000000000
99191  -20.539  -14.258  57.917 0.0000000000
102254  -41.952  -7.738  54.946 0.0000000000
102255  -41.435  -7.517  54.948 0.0000000000
102264  -38.824  -7.929  56.371 0.0000000000
102265  -39.102  -7.748  55.809 0.0000000000
102266  -39.473  -7.642  55.396 0.0000000000
102267  -38.707  -7.760  54.843 0.0000000000
102268  -38.308  -7.886  53.824 0.0000000000
102269  -37.829  -8.003  52.780 0.0000000000
102270  -37.500  -8.093  51.860 0.0000000000
102271  -37.083  -8.227  52.191 0.0000000000
102272  -36.403  -8.484  51.715 0.0000000000
102273  -35.716  -8.775  51.109 0.0000000000
102274  -33.605  -10.031  51.325 0.0000000000
102275  -33.794  -9.724  50.726 0.0000000000
102276  -33.259  -10.003  50.344 0.0000000000
102277  -32.872  -9.906  49.304 0.0000000000
102278  -32.601  -9.731  48.511 0.0000000000
102279  -32.372  -9.613  47.786 0.0000000000
102280  -32.047  -9.903  48.141 0.0000000000
102281  -31.478  -9.969  47.721 0.0000000000
102282  -30.917  -10.128  47.315 0.0000000000
102403  -30.423  -10.349  47.259 0.0000000000
102404  -30.655  -10.577  47.903 0.0000000000
102405  -30.457  -10.968  48.349 0.0000000000
102406  -30.240  -11.347  49.041 0.0000000000
102407  -31.073  -12.352  52.931 0.0000000000
102408  -30.664  -12.303  51.996 0.0000000000
102409  -30.654  -12.507  52.739 0.0000000000
102410  -30.071  -12.668  52.500 0.0000000000
102411  -29.618  -12.777  52.238 0.0000000000
102412  -29.046  -12.907  52.037 0.0000000000
102413  -29.439  -13.007  52.855 0.0000000000
102414  -29.487  -13.088  53.683 0.0000000000
102415  -29.359  -13.182  54.304 0.0000000000
102428  -29.184  -13.169  57.946 0.0000000000
102429  -28.639  -13.177  57.764 0.0000000000
102430  -28.107  -13.284  57.702 0.0000000000
102431  -28.492  -13.328  58.679 0.0000000000
103577  -19.011  -1.299  58.196 0.0000000000
103578  -18.965  -0.517  58.146 0.0000000000
103579  -19.001  -0.836  58.923 0.0000000000
103580  -19.019  -0.451  59.616 0.0000000000
103581  -19.028  -0.032  60.308 0.0000000000
103582  -19.443  -0.495  63.492 0.0000000000
103583  -19.238  -0.221  62.874 0.0000000000
103584  -19.283  0.322  63.421 0.0000000000
103585  -19.402  1.282  63.337 0.0000000000
103586  -19.589  2.277  63.223 0.0000000000
103587  -19.765  3.154  62.992 0.0000000000
103588  -19.712  2.692  63.722 0.0000000000
103591  -18.597  -3.091  66.783 0.0000000000
103592  -18.885  -2.825  66.552 0.0000000000
103593  -18.581  -2.380  67.002 0.0000000000
103594  -18.574  -1.652  67.224 0.0000000000
103595  -18.526  -0.932  67.292 0.0000000000
103599  -17.988  2.638  67.018 0.0000000000
103600  -18.370  3.204  66.639 0.0000000000
103601  -18.770  3.749  66.266 0.0000000000
103602  -18.351  4.082  66.259 0.0000000000
105528  -43.145  -7.704  49.950 0.0000000000
105529  -43.790  -7.974  50.409 0.0000000000
105530  -43.632  -7.789  49.628 0.0000000000
105537  -38.589  -7.596  45.277 0.0000000000
105538  -39.200  -7.588  45.897 0.0000000000
105539  -39.067  -7.432  44.908 0.0000000000
105540  -39.661  -7.278  44.617 0.0000000000
105541  -40.231  -6.997  44.183 0.0000000000
105542  -40.925  -4.585  42.774 0.0000000000
105543  -41.117  -5.314  42.883 0.0000000000
105544  -41.690  -4.790  42.907 0.0000000000
105545  -42.406  -5.077  43.057 0.0000000000
105546  -43.120  -5.257  43.347 0.0000000000
105547  -43.728  -5.560  43.705 0.0000000000
105548  -43.603  -4.774  43.388 0.0000000000
105549  -44.008  -4.146  43.651 0.0000000000
105550  -44.386  -3.593  43.887 0.0000000000
105551  -44.670  -2.920  44.293 0.0000000000
105552  -43.980  -2.723  44.111 0.0000000000
105553  -43.596  -2.046  44.381 0.0000000000
105554  -43.180  -1.490  44.678 0.0000000000
105555  -40.819  -0.422  45.560 0.0000000000
105556  -41.438  -0.496  45.609 0.0000000000
105557  -41.254  -0.065  46.183 0.0000000000
105577  -33.445  -0.668  46.631 0.0000000000
105578  -33.938  -0.318  46.902 0.0000000000
105579  -33.376  -0.296  47.385 0.0000000000
105980  -26.514  -0.973  46.184 0.0000000000
105981  -26.707  -0.408  46.635 0.0000000000
105982  -26.190  -0.670  46.215 0.0000000000
105983  -25.917  -0.429  46.223 0.0000000000
105984  -25.665  0.061  46.219 0.0000000000
105985  -23.462  -0.265  46.270 0.0000000000
105986  -24.017  0.025  46.151 0.0000000000
105987  -23.696  0.407  46.441 0.0000000000
105996  -22.302  2.153  47.745 0.0000000000
105997  -21.932  1.968  48.139 0.0000000000
105998  -20.812  -0.684  49.061 0.0000000000
105999  -20.951  0.074  49.036 0.0000000000
106000  -20.654  -0.338  49.481 0.0000000000
106001  -20.532  0.063  49.929 0.0000000000
106002  -20.385  0.470  50.398 0.0000000000
106003  -20.334  0.767  50.910 0.0000000000
106004  -20.157  0.018  50.935 0.0000000000
106005  -19.892  -0.317  51.508 0.0000000000
106006  -19.750  -0.856  52.078 0.0000000000
106007  -28.266  -10.804  46.623 0.0000000000
106008  -27.937  -10.375  45.983 0.0000000000
106009  -27.674  -10.744  46.372 0.0000000000
106010  -27.156  -10.680  46.431 0.0000000000
106011  -26.542  -10.532  46.315 0.0000000000
106012  -25.019  -11.109  48.555 0.0000000000
106013  -25.215  -10.845  47.821 0.0000000000
106014  -24.761  -10.638  47.984 0.0000000000
106015  -24.478  -10.108  47.478 0.0000000000
106016  -24.084  -9.494  46.999 0.0000000000
106017  -23.772  -8.888  46.662 0.0000000000
106018  -23.673  -9.214  47.303 0.0000000000
106019  -23.247  -8.973  47.568 0.0000000000
106020  -22.847  -8.634  47.904 0.0000000000
106021  -24.191  -13.039  54.075 0.0000000000
106022  -24.281  -12.816  53.359 0.0000000000
106023  -23.817  -12.730  53.511 0.0000000000
106024  -23.503  -12.353  52.978 0.0000000000
106025  -23.187  -11.937  52.456 0.0000000000
106026  -21.772  -9.938  52.505 0.0000000000
106027  -22.069  -10.349  52.206 0.0000000000
106028  -21.816  -9.669  51.809 0.0000000000
106029  -21.926  -9.324  51.095 0.0000000000
106030  -22.013  -8.937  50.398 0.0000000000
106031  -22.094  -8.641  49.741 0.0000000000
106032  -21.774  -8.224  50.086 0.0000000000
106033  -21.586  -7.610  49.853 0.0000000000
106034  -21.366  -6.866  49.635 0.0000000000
106035  -21.164  -6.164  49.437 0.0000000000
106036  -21.132  -6.509  50.020 0.0000000000
106037  -20.833  -6.077  50.493 0.0000000000
106038  -20.622  -5.750  50.914 0.0000000000
106039  -20.223  -6.233  53.958 0.0000000000
106040  -20.210  -5.797  53.295 0.0000000000
106041  -20.026  -5.479  53.829 0.0000000000
106042  -19.829  -4.758  53.746 0.0000000000
106043  -19.696  -4.044  53.654 0.0000000000
106044  -19.588  -3.319  53.592 0.0000000000
106045  -19.568  -3.630  54.240 0.0000000000
106046  -19.419  -3.333  54.802 0.0000000000
106047  -19.310  -3.023  55.313 0.0000000000
106048  -19.242  -2.702  55.848 0.0000000000
106049  -19.350  -3.417  55.903 0.0000000000
106050  -19.426  -3.824  56.579 0.0000000000
106051  -19.538  -4.225  57.175 0.0000000000
106052  -20.231  -7.335  58.571 0.0000000000
106053  -20.243  -6.584  58.541 0.0000000000
106054  -20.211  -7.000  59.070 0.0000000000
106055  -20.257  -6.692  59.565 0.0000000000
106056  -20.311  -6.350  60.131 0.0000000000
106057  -20.341  -6.003  60.621 0.0000000000
106058  -20.162  -6.724  60.474 0.0000000000
106059  -19.930  -7.031  60.806 0.0000000000
106060  -19.588  -7.268  61.098 0.0000000000
106061  -18.866  -12.555  58.204 0.0000000000
106062  -18.941  -11.902  58.168 0.0000000000
106063  -18.650  -12.189  58.429 0.0000000000
106064  -18.432  -11.824  58.684 0.0000000000
106065  -18.258  -11.467  58.987 0.0000000000
106069  -17.498  -10.055  60.824 0.0000000000
106070  -17.815  -9.364  60.974 0.0000000000
106071  -18.071  -8.709  61.160 0.0000000000
106072  -17.735  -8.938  61.404 0.0000000000
106073  -17.686  -8.573  61.791 0.0000000000
106074  -17.641  -8.147  62.207 0.0000000000
106075  -17.608  -7.753  62.668 0.0000000000
106076  -17.253  -8.412  62.444 0.0000000000
109531  -19.616  3.136  57.965 0.0000000000
109532  -19.791  3.544  57.261 0.0000000000
109533  -19.810  3.948  57.816 0.0000000000
116053  -33.884  -8.637  46.123 0.0000000000
116054  -34.301  -8.385  45.522 0.0000000000
116055  -33.658  -8.392  45.325 0.0000000000
116056  -33.445  -8.108  44.675 0.0000000000
116057  -33.186  -7.730  44.086 0.0000000000
116058  -32.166  -8.000  44.466 0.0000000000
116059  -32.566  -7.591  44.076 0.0000000000
116060  -32.958  -7.227  43.748 0.0000000000
116061  -32.733  -6.635  43.498 0.0000000000
116062  -32.483  -5.952  43.357 0.0000000000
116063  -32.284  -5.290  43.405 0.0000000000
116064  -32.118  -4.693  43.614 0.0000000000
116065  -31.707  -5.120  43.688 0.0000000000
116066  -31.153  -5.003  43.936 0.0000000000
116067  -30.571  -5.092  44.112 0.0000000000
116068  -30.288  -6.000  43.897 0.0000000000
116069  -30.122  -5.421  43.998 0.0000000000
116070  -29.966  -4.822  44.202 0.0000000000
116071  -29.396  -4.599  44.255 0.0000000000
116072  -28.877  -4.363  44.307 0.0000000000
116073  -28.377  -4.045  44.475 0.0000000000
116167  -27.907  -3.976  44.569 0.0000000000
116168  -28.040  -4.627  44.262 0.0000000000
116169  -27.650  -5.081  44.194 0.0000000000
116170  -27.186  -5.589  44.108 0.0000000000
116171  -27.940  -6.390  44.092 0.0000000000
116172  -27.345  -6.285  44.057 0.0000000000
116173  -26.796  -6.109  44.061 0.0000000000
116174  -26.438  -6.630  44.117 0.0000000000
116175  -26.067  -7.101  44.203 0.0000000000
116176  -25.777  -7.673  44.453 0.0000000000
117085  -20.575  3.566  52.853 0.0000000000
118582  -36.872  -8.660  55.600 0.0000000000
118583  -36.443  -8.790  54.683 0.0000000000
118584  -36.012  -8.859  53.611 0.0000000000
118585  -35.667  -9.101  53.952 0.0000000000
118586  -35.086  -9.403  53.531 0.0000000000
118587  -34.513  -9.738  52.892 0.0000000000
118588  -34.705  -9.985  54.272 0.0000000000
118589  -34.291  -10.051  53.221 0.0000000000
118590  -33.956  -10.019  52.280 0.0000000000
118591  -33.334  -10.329  51.542 0.0000000000
118592  -32.745  -10.599  50.980 0.0000000000
118593  -32.187  -10.807  50.621 0.0000000000
118687  -31.653  -11.076  50.365 0.0000000000
118688  -32.028  -11.179  51.247 0.0000000000
118689  -31.879  -11.509  51.908 0.0000000000
118690  -31.809  -11.857  52.618 0.0000000000
118691  -32.752  -11.609  53.843 0.0000000000
118692  -32.159  -11.878  53.488 0.0000000000
118693  -31.636  -12.102  53.199 0.0000000000
118694  -31.553  -12.414  53.824 0.0000000000
118695  -31.615  -12.611  54.746 0.0000000000
118696  -31.484  -12.734  55.261 0.0000000000
119600  -19.700  -3.087  60.775 0.0000000000
119601  -19.500  -2.247  60.943 0.0000000000
119602  -19.687  -2.686  61.446 0.0000000000
119603  -19.698  -2.245  62.138 0.0000000000
119604  -19.652  -1.787  62.823 0.0000000000
119605  -20.037  -2.932  63.237 0.0000000000
119606  -19.813  -2.178  63.343 0.0000000000
119607  -19.607  -1.346  63.454 0.0000000000
119608  -19.555  -0.918  64.070 0.0000000000
119609  -19.489  -0.340  64.634 0.0000000000
119610  -19.434  0.106  65.139 0.0000000000
121114  -43.515  -8.479  52.925 0.0000000000
121115  -43.806  -8.606  52.455 0.0000000000
121116  -43.506  -8.136  52.494 0.0000000000
121117  -43.303  -7.809  52.026 0.0000000000
121118  -43.016  -7.693  51.245 0.0000000000
121119  -42.135  -7.431  51.218 0.0000000000
121120  -42.416  -7.478  50.731 0.0000000000
121121  -42.812  -7.599  50.286 0.0000000000
121122  -42.553  -7.541  49.462 0.0000000000
121123  -42.357  -7.541  48.410 0.0000000000
121124  -42.320  -7.497  47.422 0.0000000000
121125  -38.010  -6.006  42.547 0.0000000000
121126  -38.728  -6.248  42.740 0.0000000000
121127  -38.524  -5.647  42.427 0.0000000000
121128  -39.081  -5.163  42.387 0.0000000000
121129  -39.618  -4.773  42.451 0.0000000000
121130  -38.632  -3.771  42.535 0.0000000000
121131  -39.378  -4.050  42.563 0.0000000000
121132  -40.152  -4.309  42.597 0.0000000000
121133  -40.727  -3.867  42.852 0.0000000000
121134  -41.135  -3.424  43.141 0.0000000000
121135  -41.578  -2.941  43.352 0.0000000000
121136  -41.969  -2.373  43.726 0.0000000000
121137  -41.243  -2.267  43.773 0.0000000000
121138  -40.914  -1.696  44.124 0.0000000000
121139  -40.611  -1.229  44.526 0.0000000000
121140  -39.483  -1.458  44.060 0.0000000000
121141  -39.921  -1.107  44.472 0.0000000000
121142  -40.372  -0.785  45.006 0.0000000000
121143  -40.147  -0.315  45.645 0.0000000000
121150  -37.760  0.427  46.708 0.0000000000
121156  -31.167  -0.964  47.926 0.0000000000
121157  -31.653  -0.528  48.339 0.0000000000
121158  -31.189  -0.544  48.565 0.0000000000
121161  -30.613  0.081  49.447 0.0000000000
121469  -24.406  -2.233  45.334 0.0000000000
121470  -24.591  -1.602  45.534 0.0000000000
121471  -24.095  -1.933  45.494 0.0000000000
121472  -23.825  -1.571  45.668 0.0000000000
121473  -23.505  -1.289  45.867 0.0000000000
121474  -22.867  -2.298  45.940 0.0000000000
121475  -23.029  -1.638  46.010 0.0000000000
121476  -23.227  -0.926  46.116 0.0000000000
121477  -22.952  -0.596  46.464 0.0000000000
121478  -22.671  -0.169  46.756 0.0000000000
121479  -22.410  0.268  47.075 0.0000000000
121480  -22.195  0.678  47.442 0.0000000000
121481  -21.991  -0.023  47.419 0.0000000000
121482  -21.616  -0.391  47.769 0.0000000000
121483  -21.272  -0.702  48.203 0.0000000000
121484  -21.355  -1.932  47.713 0.0000000000
121485  -21.159  -1.484  48.135 0.0000000000
121486  -20.947  -1.153  48.590 0.0000000000
121487  -20.689  -1.466  49.032 0.0000000000
121488  -20.494  -1.809  49.496 0.0000000000
121489  -20.311  -2.247  50.011 0.0000000000
121490  -27.482  -12.058  49.074 0.0000000000
121491  -27.077  -11.729  48.326 0.0000000000
121492  -26.890  -12.046  49.049 0.0000000000
121493  -26.379  -11.857  48.983 0.0000000000
121494  -25.893  -11.762  49.055 0.0000000000
121495  -26.219  -12.324  50.452 0.0000000000
121496  -25.685  -11.911  49.722 0.0000000000
121497  -25.334  -11.532  49.131 0.0000000000
121498  -24.832  -11.398  49.317 0.0000000000
121499  -24.335  -11.176  49.440 0.0000000000
121500  -23.956  -10.969  49.589 0.0000000000
121501  -22.466  -12.601  54.712 0.0000000000
121502  -22.616  -12.306  54.020 0.0000000000
121503  -22.220  -12.139  54.253 0.0000000000
121504  -21.960  -11.593  53.841 0.0000000000
121505  -21.759  -11.011  53.472 0.0000000000
121506  -21.338  -11.108  54.508 0.0000000000
121507  -21.471  -10.718  53.814 0.0000000000
121508  -21.610  -10.374  53.204 0.0000000000
121509  -21.502  -9.685  52.886 0.0000000000
121510  -21.341  -8.963  52.558 0.0000000000
121511  -21.137  -8.245  52.264 0.0000000000
121512  -20.990  -7.574  52.011 0.0000000000
121513  -20.940  -7.959  52.698 0.0000000000
121514  -20.761  -7.683  53.166 0.0000000000
121515  -20.543  -7.321  53.585 0.0000000000
121516  -20.631  -8.423  54.533 0.0000000000
121517  -20.546  -7.665  54.289 0.0000000000
121518  -20.397  -6.939  54.107 0.0000000000
121519  -20.274  -6.612  54.604 0.0000000000
121520  -20.123  -6.325  55.097 0.0000000000
121521  -19.988  -5.953  55.666 0.0000000000
121522  -19.906  -5.625  56.172 0.0000000000
121523  -20.118  -6.377  56.292 0.0000000000
121524  -20.212  -6.753  56.930 0.0000000000
121525  -20.263  -7.200  57.542 0.0000000000
121526  -20.254  -8.356  57.180 0.0000000000
121527  -20.237  -8.042  57.663 0.0000000000
121528  -20.230  -7.673  58.128 0.0000000000
121529  -20.107  -8.070  58.557 0.0000000000
121530  -19.927  -8.457  58.924 0.0000000000
121531  -19.664  -8.788  59.186 0.0000000000
124231  -19.924  4.695  60.111 0.0000000000
124232  -19.934  5.070  59.363 0.0000000000
124233  -20.045  5.459  59.876 0.0000000000
129581  -19.121  -5.403  63.941 0.0000000000
129582  -19.425  -4.863  64.392 0.0000000000
129583  -19.063  -5.034  64.589 0.0000000000
129584  -18.977  -4.585  65.301 0.0000000000
129585  -18.811  -4.140  65.922 0.0000000000
129586  -18.151  -5.004  65.619 0.0000000000
129587  -18.436  -4.372  66.050 0.0000000000
129588  -18.549  -3.761  66.449 0.0000000000
129589  -18.305  -3.453  66.992 0.0000000000
130951  -38.908  -7.649  50.069 0.0000000000
130952  -39.230  -7.597  49.619 0.0000000000
130953  -38.631  -7.736  48.857 0.0000000000
130954  -38.346  -7.819  47.951 0.0000000000
130955  -38.229  -7.818  46.796 0.0000000000
130956  -37.217  -8.024  46.768 0.0000000000
130957  -37.683  -7.900  46.314 0.0000000000
130958  -38.111  -7.753  45.718 0.0000000000
130959  -37.933  -7.585  44.879 0.0000000000
130960  -37.797  -7.311  44.066 0.0000000000
130961  -37.650  -6.918  43.312 0.0000000000
130962  -34.690  -8.168  45.146 0.0000000000
130963  -35.117  -7.897  44.717 0.0000000000
130964  -35.566  -7.639  44.329 0.0000000000
130965  -34.661  -7.015  43.494 0.0000000000
130966  -35.363  -7.215  43.700 0.0000000000
130967  -36.010  -7.334  43.863 0.0000000000
130968  -36.483  -7.011  43.407 0.0000000000
130969  -36.974  -6.728  43.057 0.0000000000
130970  -37.469  -6.349  42.781 0.0000000000
130971  -37.248  -5.713  42.496 0.0000000000
130972  -37.005  -5.063  42.295 0.0000000000
130973  -36.757  -4.334  42.424 0.0000000000
130974  -35.551  -4.535  42.598 0.0000000000
130975  -36.013  -4.106  42.546 0.0000000000
130976  -36.595  -3.721  42.631 0.0000000000
130977  -36.407  -3.070  42.967 0.0000000000
130978  -36.179  -2.361  43.509 0.0000000000
130979  -35.986  -1.719  44.085 0.0000000000
130980  -35.791  -1.128  44.690 0.0000000000
130981  -35.311  -1.465  44.481 0.0000000000
130982  -34.706  -1.325  44.954 0.0000000000
130983  -34.071  -1.161  45.451 0.0000000000
130984  -33.674  -2.092  44.591 0.0000000000
130985  -33.579  -1.622  45.256 0.0000000000
130986  -33.509  -1.186  45.962 0.0000000000
130987  -32.968  -1.114  46.399 0.0000000000
130988  -32.344  -1.256  46.753 0.0000000000
130989  -31.751  -1.258  47.070 0.0000000000
130990  -31.962  -4.077  43.950 0.0000000000
130991  -31.808  -3.471  44.371 0.0000000000
130992  -31.681  -2.985  44.879 0.0000000000
130993  -30.738  -3.414  45.016 0.0000000000
130994  -31.170  -3.021  45.207 0.0000000000
130995  -31.555  -2.527  45.485 0.0000000000
130996  -31.442  -2.074  46.135 0.0000000000
130997  -31.295  -1.742  46.725 0.0000000000
130998  -31.206  -1.361  47.326 0.0000000000
130999  -30.663  -1.352  47.512 0.0000000000
131000  -30.203  -1.161  47.562 0.0000000000
131001  -29.913  -0.900  47.645 0.0000000000
131002  -29.345  -1.545  46.629 0.0000000000
131003  -29.432  -1.088  47.117 0.0000000000
131004  -29.613  -0.681  47.654 0.0000000000
131005  -29.391  -0.354  47.818 0.0000000000
131265  -27.872  -0.577  47.016 0.0000000000
131266  -27.303  -0.977  46.542 0.0000000000
131267  -27.503  -1.525  46.127 0.0000000000
131268  -27.122  -1.410  46.190 0.0000000000
131269  -26.838  -1.142  46.185 0.0000000000
131270  -26.300  -1.500  45.816 0.0000000000
131271  -25.775  -1.892  45.510 0.0000000000
131272  -25.292  -2.174  45.310 0.0000000000
131273  -27.399  -3.796  44.661 0.0000000000
131274  -26.896  -3.645  44.754 0.0000000000
131275  -26.420  -3.434  44.859 0.0000000000
131276  -26.043  -4.594  44.361 0.0000000000
131277  -25.964  -3.907  44.612 0.0000000000
131278  -25.898  -3.203  44.940 0.0000000000
131279  -25.558  -3.039  44.974 0.0000000000
131280  -25.116  -2.788  45.088 0.0000000000
131281  -24.752  -2.561  45.204 0.0000000000
131282  -24.279  -2.924  45.131 0.0000000000
131283  -23.834  -3.380  45.223 0.0000000000
131284  -23.437  -3.808  45.316 0.0000000000
131285  -23.833  -4.781  44.962 0.0000000000
131286  -23.449  -4.516  45.208 0.0000000000
131287  -23.073  -4.234  45.489 0.0000000000
131288  -22.745  -4.630  45.780 0.0000000000
131289  -22.484  -5.051  46.104 0.0000000000
131290  -22.216  -5.371  46.533 0.0000000000
131291  -26.593  -13.264  54.513 0.0000000000
131292  -26.248  -13.226  53.864 0.0000000000
131293  -26.047  -13.275  54.483 0.0000000000
131294  -25.565  -13.261  54.616 0.0000000000
131295  -25.063  -13.276  54.653 0.0000000000
131296  -25.364  -13.723  56.097 0.0000000000
131297  -25.010  -13.489  55.403 0.0000000000
131298  -24.575  -13.286  54.729 0.0000000000
131299  -24.169  -13.275  54.832 0.0000000000
131300  -23.735  -13.281  54.959 0.0000000000
131301  -23.192  -13.185  55.082 0.0000000000
131303  -24.419  -14.585  58.116 0.0000000000
131304  -24.116  -14.392  57.516 0.0000000000
131306  -23.601  -14.455  57.484 0.0000000000
131307  -23.810  -14.170  56.871 0.0000000000
131308  -23.447  -13.852  56.317 0.0000000000
131309  -23.092  -13.519  55.749 0.0000000000
131310  -22.773  -13.094  55.217 0.0000000000
131311  -22.300  -12.975  55.369 0.0000000000
131312  -21.783  -12.816  55.551 0.0000000000
131313  -21.422  -12.641  55.754 0.0000000000
131314  -21.500  -13.488  56.563 0.0000000000
131315  -21.238  -12.948  56.257 0.0000000000
131316  -21.078  -12.463  55.959 0.0000000000
131317  -20.742  -12.195  56.155 0.0000000000
131318  -20.461  -11.895  56.395 0.0000000000
131319  -20.227  -11.659  56.665 0.0000000000
131320  -20.008  -11.347  56.955 0.0000000000
131321  -19.943  -11.956  57.024 0.0000000000
131322  -19.719  -12.272  57.384 0.0000000000
131323  -19.400  -12.509  57.738 0.0000000000
131324  -19.855  -13.452  57.738 0.0000000000
131325  -19.496  -13.155  57.887 0.0000000000
131326  -19.179  -12.889  58.025 0.0000000000
131327  -18.966  -13.275  58.291 0.0000000000
137771  -43.227  -9.789  52.501 0.0000000000
137772  -43.406  -9.288  52.895 0.0000000000
137780  -43.260  -9.213  53.333 0.0000000000
137781  -43.434  -8.873  53.143 0.0000000000
137782  -43.282  -8.326  53.415 0.0000000000
137783  -42.957  -7.865  53.481 0.0000000000
137784  -42.382  -7.570  53.097 0.0000000000
137786  -42.125  -7.555  53.562 0.0000000000
137787  -41.825  -7.365  52.849 0.0000000000
137788  -41.345  -7.301  52.454 0.0000000000
137789  -40.580  -7.270  52.114 0.0000000000
137790  -39.931  -7.377  51.582 0.0000000000
137810  -41.148  -7.505  55.145 0.0000000000
137811  -40.771  -7.393  54.641 0.0000000000
137812  -39.789  -7.498  54.754 0.0000000000
137813  -40.058  -7.419  54.222 0.0000000000
137814  -40.370  -7.333  53.904 0.0000000000
137815  -39.938  -7.388  52.931 0.0000000000
137816  -39.536  -7.439  52.115 0.0000000000
137817  -39.204  -7.528  51.008 0.0000000000
137818  -38.528  -7.683  50.566 0.0000000000
137819  -37.957  -7.969  49.898 0.0000000000
137820  -37.199  -8.151  49.370 0.0000000000
137821  -37.173  -8.139  50.796 0.0000000000
137822  -36.874  -8.241  49.640 0.0000000000
137823  -36.606  -8.310  48.712 0.0000000000
137824  -35.930  -8.441  48.146 0.0000000000
137825  -35.355  -8.530  47.743 0.0000000000
137826  -34.736  -8.679  47.375 0.0000000000
137827  -35.616  -8.926  52.657 0.0000000000
137828  -35.265  -8.993  51.481 0.0000000000
137829  -35.010  -9.009  50.507 0.0000000000
137830  -34.029  -9.517  50.412 0.0000000000
137831  -34.358  -9.230  50.055 0.0000000000
137832  -34.717  -8.963  49.504 0.0000000000
137833  -34.496  -8.941  48.620 0.0000000000
137834  -34.291  -8.865  47.786 0.0000000000
137835  -34.105  -8.747  46.899 0.0000000000
137836  -33.452  -8.865  46.583 0.0000000000
137837  -32.792  -8.921  46.273 0.0000000000
137838  -32.226  -8.984  46.006 0.0000000000
137839  -32.155  -9.499  47.135 0.0000000000
137840  -31.851  -9.296  46.270 0.0000000000
137841  -31.635  -9.048  45.676 0.0000000000
137842  -31.029  -8.976  45.318 0.0000000000
137843  -30.490  -8.853  45.053 0.0000000000
137844  -29.909  -8.812  44.892 0.0000000000
138091  -29.345  -8.825  44.840 0.0000000000
138092  -29.575  -9.270  45.324 0.0000000000
138093  -29.303  -9.851  45.815 0.0000000000
138094  -28.989  -10.252  46.160 0.0000000000
138095  -29.871  -10.476  46.995 0.0000000000
138096  -29.291  -10.655  46.826 0.0000000000
138097  -28.805  -10.745  46.720 0.0000000000
138098  -28.563  -11.148  47.245 0.0000000000
138099  -28.318  -11.428  47.775 0.0000000000
138100  -28.203  -11.831  48.537 0.0000000000
138101  -31.147  -11.333  50.078 0.0000000000
138102  -30.564  -11.525  49.870 0.0000000000
138103  -30.111  -11.746  49.684 0.0000000000
138104  -30.312  -12.231  51.168 0.0000000000
138105  -29.931  -12.048  50.374 0.0000000000
138106  -29.526  -11.902  49.482 0.0000000000
138107  -29.011  -12.050  49.316 0.0000000000
138108  -28.457  -12.032  49.129 0.0000000000
138109  -27.939  -12.146  49.153 0.0000000000
138110  -27.847  -12.340  49.834 0.0000000000
138111  -27.774  -12.611  50.500 0.0000000000
138112  -27.685  -12.765  51.129 0.0000000000
138113  -28.506  -12.903  51.903 0.0000000000
138114  -28.065  -12.918  51.889 0.0000000000
138115  -27.518  -12.948  51.805 0.0000000000
138116  -27.479  -13.038  52.596 0.0000000000
138117  -27.414  -13.158  53.288 0.0000000000
138118  -27.209  -13.242  53.982 0.0000000000
138120  -34.067  -11.764  57.344 0.0000000000
138121  -33.474  -12.077  56.979 0.0000000000
138123  -33.388  -12.228  57.634 0.0000000000
138124  -33.011  -12.310  56.689 0.0000000000
138125  -32.445  -12.557  56.381 0.0000000000
138126  -32.000  -12.715  56.251 0.0000000000
138127  -31.344  -12.912  55.893 0.0000000000
138135  -31.266  -12.951  56.627 0.0000000000
138136  -30.902  -13.032  55.727 0.0000000000
138137  -30.273  -13.170  55.425 0.0000000000
138138  -29.778  -13.165  55.250 0.0000000000
138139  -29.203  -13.266  54.999 0.0000000000
138141  -29.064  -13.290  55.596 0.0000000000
138142  -28.666  -13.272  54.821 0.0000000000
138143  -28.133  -13.327  54.736 0.0000000000
138144  -27.708  -13.287  54.619 0.0000000000
138145  -27.080  -13.304  54.502 0.0000000000
138146  -26.931  -13.279  55.184 0.0000000000
138147  -26.843  -13.341  56.021 0.0000000000
138148  -26.764  -13.561  56.841 0.0000000000
138149  -27.688  -13.435  57.740 0.0000000000
138150  -27.137  -13.623  57.643 0.0000000000
138151  -26.682  -13.831  57.661 0.0000000000
138152  -26.490  -14.046  58.361 0.0000000000
140483  -19.263  0.389  55.551 0.0000000000
140484  -19.445  1.300  55.545 0.0000000000
140485  -19.268  0.824  56.172 0.0000000000
140486  -19.285  1.266  56.819 0.0000000000
140487  -19.351  1.755  57.426 0.0000000000
140488  -19.003  0.441  58.135 0.0000000000
140489  -19.165  1.323  58.076 0.0000000000
140490  -19.391  2.248  58.044 0.0000000000
140491  -19.502  2.675  58.657 0.0000000000
140492  -19.555  3.080  59.215 0.0000000000
140493  -19.641  3.490  59.754 0.0000000000
140494  -19.329  -1.390  60.976 0.0000000000
140495  -19.178  -0.522  61.017 0.0000000000
140496  -19.073  0.435  60.981 0.0000000000
140497  -19.158  0.330  62.299 0.0000000000
140498  -19.145  0.869  61.535 0.0000000000
140499  -19.160  1.337  60.773 0.0000000000
140500  -19.377  2.267  60.566 0.0000000000
140501  -19.636  3.127  60.395 0.0000000000
140502  -19.787  3.873  60.261 0.0000000000
140503  -19.942  4.316  60.772 0.0000000000
140506  -20.012  4.004  62.728 0.0000000000
140512  -19.607  -4.223  64.841 0.0000000000
140513  -19.705  -3.500  65.272 0.0000000000
140514  -19.665  -2.771  65.576 0.0000000000
140515  -19.173  -2.597  66.368 0.0000000000
140516  -19.422  -2.288  66.097 0.0000000000
140517  -19.572  -1.959  65.740 0.0000000000
140518  -19.504  -1.152  65.793 0.0000000000
140519  -19.429  -0.266  65.794 0.0000000000
140520  -19.332  0.621  65.664 0.0000000000
140522  -18.136  -0.533  67.536 0.0000000000
140523  -18.527  -0.123  67.357 0.0000000000
140525  -18.466  0.710  67.301 0.0000000000
140526  -18.826  0.314  67.045 0.0000000000
140527  -19.058  0.664  66.651 0.0000000000
140528  -19.234  1.095  66.153 0.0000000000
140529  -19.378  1.486  65.575 0.0000000000
140530  -19.494  2.442  65.430 0.0000000000
140533  -19.147  4.230  65.856 0.0000000000
144454  -44.088  -8.752  52.105 0.0000000000
144457  -44.363  -8.271  50.686 0.0000000000
144472  -39.677  -7.528  49.110 0.0000000000
144473  -40.077  -7.531  48.538 0.0000000000
144474  -40.408  -7.534  48.180 0.0000000000
144475  -39.813  -7.572  46.485 0.0000000000
144476  -40.374  -7.615  47.053 0.0000000000
144477  -40.940  -7.549  47.667 0.0000000000
144478  -41.438  -7.580  47.187 0.0000000000
144479  -41.821  -7.448  46.907 0.0000000000
144480  -42.398  -7.385  46.457 0.0000000000
144481  -39.428  -6.527  43.055 0.0000000000
144482  -40.156  -6.605  43.426 0.0000000000
144483  -40.779  -6.812  43.934 0.0000000000
144484  -41.281  -5.941  43.121 0.0000000000
144485  -41.338  -6.503  43.726 0.0000000000
144486  -41.419  -6.956  44.338 0.0000000000
144487  -41.921  -7.074  44.887 0.0000000000
144488  -42.448  -7.187  45.482 0.0000000000
144489  -42.918  -7.311  46.102 0.0000000000
144490  -43.597  -7.170  45.826 0.0000000000
144493  -44.361  -5.836  44.107 0.0000000000
144500  -46.197  -2.736  45.310 0.0000000000
144501  -45.785  -1.904  45.427 0.0000000000
144502  -44.920  -2.297  44.741 0.0000000000
144503  -45.134  -1.694  45.246 0.0000000000
144504  -45.394  -1.100  45.659 0.0000000000
144505  -45.043  -0.520  45.939 0.0000000000
144508  -42.288  -1.951  44.108 0.0000000000
144509  -42.609  -1.402  44.617 0.0000000000
144510  -42.927  -0.959  45.083 0.0000000000
144511  -42.043  -0.531  45.499 0.0000000000
144512  -42.689  -0.501  45.513 0.0000000000
144513  -43.212  -0.444  45.638 0.0000000000
144514  -43.579  -0.008  46.130 0.0000000000
144553  -35.664  -0.637  45.382 0.0000000000
144554  -35.582  -0.158  46.171 0.0000000000
144555  -35.540  0.260  46.960 0.0000000000
144556  -34.500  0.053  47.164 0.0000000000
144557  -35.068  0.372  47.444 0.0000000000
144558  -35.592  0.645  47.726 0.0000000000
144559  -35.650  0.956  48.582 0.0000000000
144562  -32.217  -0.180  48.765 0.0000000000
145370  -26.902  0.175  47.126 0.0000000000
145376  -24.846  -0.999  45.703 0.0000000000
145377  -25.112  -0.359  45.956 0.0000000000
145378  -25.368  0.298  46.239 0.0000000000
145379  -24.555  0.383  46.214 0.0000000000
145380  -25.138  0.751  46.336 0.0000000000
145381  -25.650  0.968  46.583 0.0000000000
145382  -25.869  1.610  47.069 0.0000000000
145403  -21.972  0.974  47.787 0.0000000000
145404  -21.786  1.326  48.180 0.0000000000
145405  -21.634  1.679  48.570 0.0000000000
145406  -21.115  0.803  49.008 0.0000000000
145407  -21.299  1.450  48.981 0.0000000000
145408  -21.476  2.067  48.947 0.0000000000
145409  -21.346  2.407  49.319 0.0000000000
145413  -20.721  2.355  51.299 0.0000000000
145414  -20.445  2.080  51.893 0.0000000000
145415  -20.197  1.043  51.389 0.0000000000
145416  -20.184  1.399  51.962 0.0000000000
145417  -20.161  1.718  52.459 0.0000000000
145418  -19.913  1.335  53.083 0.0000000000
145419  -19.620  1.012  53.691 0.0000000000
145420  -19.427  0.506  54.374 0.0000000000
145421  -28.728  -8.779  44.779 0.0000000000
145422  -28.143  -8.732  44.714 0.0000000000
145423  -27.557  -8.708  44.630 0.0000000000
145424  -27.655  -9.887  45.454 0.0000000000
145425  -27.368  -9.282  45.032 0.0000000000
145426  -27.050  -8.633  44.669 0.0000000000
145427  -26.487  -8.430  44.629 0.0000000000
145428  -25.992  -8.324  44.656 0.0000000000
145429  -25.472  -8.182  44.826 0.0000000000
145430  -26.759  -11.342  47.648 0.0000000000
145431  -26.388  -10.878  46.965 0.0000000000
145432  -26.027  -10.372  46.374 0.0000000000
145433  -25.398  -10.545  47.132 0.0000000000
145434  -25.554  -10.172  46.460 0.0000000000
145435  -25.719  -9.828  45.888 0.0000000000
145436  -25.483  -9.299  45.535 0.0000000000
145437  -25.230  -8.689  45.220 0.0000000000
145438  -25.001  -7.994  44.970 0.0000000000
145439  -24.441  -7.674  45.165 0.0000000000
145440  -24.004  -7.399  45.364 0.0000000000
145441  -23.514  -7.152  45.618 0.0000000000
145442  -23.536  -8.255  46.368 0.0000000000
145443  -23.332  -7.583  46.140 0.0000000000
145444  -23.100  -6.822  45.948 0.0000000000
145445  -22.716  -6.538  46.262 0.0000000000
145446  -22.338  -6.094  46.643 0.0000000000
145447  -22.039  -5.816  46.981 0.0000000000
145448  -25.738  -13.047  53.159 0.0000000000
145449  -25.356  -12.851  52.514 0.0000000000
145450  -24.979  -12.516  51.955 0.0000000000
145451  -24.408  -12.641  52.700 0.0000000000
145452  -24.514  -12.441  52.043 0.0000000000
145453  -24.566  -12.110  51.325 0.0000000000
145454  -24.185  -11.708  50.822 0.0000000000
145455  -23.889  -11.298  50.255 0.0000000000
145456  -23.574  -10.831  49.786 0.0000000000
145457  -22.626  -11.933  53.277 0.0000000000
145458  -22.835  -11.753  52.682 0.0000000000
145459  -22.907  -11.427  52.009 0.0000000000
145460  -22.318  -10.652  51.878 0.0000000000
145461  -22.670  -10.861  51.607 0.0000000000
145462  -23.001  -11.105  51.325 0.0000000000
145463  -23.082  -10.855  50.650 0.0000000000
145464  -23.160  -10.472  49.933 0.0000000000
145465  -23.246  -10.188  49.287 0.0000000000
145466  -23.024  -9.626  48.851 0.0000000000
145467  -22.756  -8.979  48.496 0.0000000000
145468  -22.514  -8.365  48.193 0.0000000000
145469  -22.190  -8.375  49.128 0.0000000000
145470  -22.214  -8.008  48.489 0.0000000000
145471  -22.284  -7.690  47.931 0.0000000000
145472  -22.071  -6.968  47.717 0.0000000000
145473  -21.890  -6.210  47.516 0.0000000000
145474  -21.695  -5.507  47.400 0.0000000000
145475  -21.397  -5.121  47.823 0.0000000000
145476  -21.092  -4.643  48.252 0.0000000000
145477  -20.870  -4.288  48.674 0.0000000000
145478  -20.933  -5.414  49.269 0.0000000000
145479  -20.776  -4.626  49.163 0.0000000000
145480  -20.670  -3.874  49.110 0.0000000000
145481  -20.507  -3.424  49.568 0.0000000000
145482  -20.288  -3.065  50.082 0.0000000000
145483  -20.137  -2.703  50.579 0.0000000000
145484  -20.844  -6.894  51.782 0.0000000000
145485  -20.637  -6.148  51.589 0.0000000000
145486  -20.430  -5.457  51.444 0.0000000000
145487  -20.222  -5.434  52.677 0.0000000000
145488  -20.248  -5.160  51.937 0.0000000000
145489  -20.189  -4.667  51.334 0.0000000000
145490  -20.053  -3.905  51.267 0.0000000000
145491  -20.009  -3.101  51.168 0.0000000000
145492  -19.970  -2.340  51.123 0.0000000000
145493  -19.839  -1.963  51.635 0.0000000000
145494  -19.728  -1.636  52.176 0.0000000000
145495  -19.582  -1.280  52.718 0.0000000000
145496  -19.574  -2.571  53.488 0.0000000000
145497  -19.510  -1.799  53.389 0.0000000000
145498  -19.480  -0.975  53.263 0.0000000000
145499  -19.366  -0.673  53.829 0.0000000000
145500  -19.321  -0.317  54.424 0.0000000000
145501  -19.275  0.054  55.002 0.0000000000
145502  -19.173  -0.387  55.595 0.0000000000
145503  -19.080  -0.869  56.261 0.0000000000
145504  -19.054  -1.294  56.880 0.0000000000
145505  -19.168  -2.375  56.402 0.0000000000
145506  -19.114  -2.070  56.960 0.0000000000
145507  -19.080  -1.744  57.568 0.0000000000
145508  -19.126  -2.103  58.259 0.0000000000
145509  -19.286  -2.513  58.906 0.0000000000
145510  -19.508  -2.985  59.549 0.0000000000
145511  -19.847  -5.263  56.702 0.0000000000
145512  -19.781  -4.953  57.270 0.0000000000
145513  -19.760  -4.632  57.846 0.0000000000
145514  -20.188  -5.844  58.457 0.0000000000
145515  -20.018  -5.087  58.406 0.0000000000
145516  -19.738  -4.364  58.362 0.0000000000
145517  -19.733  -4.038  58.956 0.0000000000
145518  -19.708  -3.696  59.576 0.0000000000
145519  -19.735  -3.390  60.159 0.0000000000
145520  -19.951  -3.821  60.676 0.0000000000
145521  -20.159  -4.147  61.271 0.0000000000
145522  -20.364  -4.526  61.754 0.0000000000
145523  -20.366  -5.659  61.143 0.0000000000
145524  -20.383  -5.296  61.633 0.0000000000
145525  -20.362  -4.912  62.202 0.0000000000
145526  -20.221  -5.280  62.549 0.0000000000
145527  -19.935  -5.490  62.902 0.0000000000
145528  -19.553  -5.680  63.217 0.0000000000
145529  -19.825  -11.006  57.248 0.0000000000
145530  -19.707  -10.640  57.617 0.0000000000
145531  -19.588  -10.303  57.964 0.0000000000
145532  -19.067  -11.207  58.193 0.0000000000
145533  -19.280  -10.563  58.235 0.0000000000
145534  -19.501  -10.044  58.279 0.0000000000
145535  -19.407  -9.691  58.655 0.0000000000
145536  -19.360  -9.335  59.073 0.0000000000
145537  -19.321  -8.996  59.485 0.0000000000
145539  -18.016  -11.799  59.310 0.0000000000
145540  -18.142  -11.121  59.306 0.0000000000
145542  -18.027  -10.683  59.702 0.0000000000
145543  -18.343  -10.388  59.404 0.0000000000
145544  -18.617  -9.798  59.526 0.0000000000
145545  -18.911  -9.200  59.724 0.0000000000
145546  -19.281  -8.631  59.933 0.0000000000
145547  -19.240  -8.232  60.401 0.0000000000
145548  -19.216  -7.844  60.849 0.0000000000
145549  -19.213  -7.463  61.361 0.0000000000
145550  -18.413  -8.120  61.371 0.0000000000
145551  -18.799  -7.608  61.578 0.0000000000
145552  -19.190  -7.065  61.866 0.0000000000
145553  -19.199  -6.644  62.378 0.0000000000
145554  -19.166  -6.226  62.894 0.0000000000
145555  -19.130  -5.822  63.411 0.0000000000
145556  -18.738  -6.028  63.566 0.0000000000
145557  -18.388  -6.200  63.777 0.0000000000
145558  -17.911  -6.430  63.960 0.0000000000
145559  -17.595  -7.396  63.119 0.0000000000
145560  -17.554  -7.045  63.671 0.0000000000
145561  -17.500  -6.730  64.218 0.0000000000
145562  -17.026  -7.079  64.468 0.0000000000
152497  -19.713  2.144  55.441 0.0000000000
152498  -20.021  3.020  55.338 0.0000000000
152499  -20.148  3.806  55.212 0.0000000000
152500  -20.008  3.850  56.488 0.0000000000
152501  -20.083  4.241  55.757 0.0000000000
152502  -20.189  4.557  55.009 0.0000000000
152503  -19.969  5.328  54.835 0.0000000000
152506  -19.925  5.469  58.657 0.0000000000
