#!ascii label  , from subject fsaverage vox2ras=TkReg coords=white
1590
21  37.501  6.228  23.710 0.0000000000
250  41.264  13.929  20.957 0.0000000000
252  47.790  4.157  17.757 0.0000000000
386  35.184  17.030  24.713 0.0000000000
495  32.720  10.573  31.089 0.0000000000
497  37.356  3.828  37.516 0.0000000000
730  38.862  10.410  22.072 0.0000000000
731  43.609  8.631  19.347 0.0000000000
732  42.802  5.020  21.129 0.0000000000
734  42.729  3.773  23.857 0.0000000000
884  38.919  21.307  26.629 0.0000000000
1092  40.221  1.552  40.106 0.0000000000
1093  42.937  -0.532  36.376 0.0000000000
1094  38.830  1.272  33.708 0.0000000000
1604  46.204  11.552  19.436 0.0000000000
1605  47.185  6.626  14.645 0.0000000000
1861  37.032  15.798  21.876 0.0000000000
1862  34.753  11.452  24.198 0.0000000000
2131  36.846  18.285  28.257 0.0000000000
2132  32.961  13.677  27.681 0.0000000000
2133  33.220  7.646  26.891 0.0000000000
2140  34.466  6.977  34.752 0.0000000000
2141  34.840  3.916  30.739 0.0000000000
2142  38.537  3.206  26.769 0.0000000000
2143  44.453  4.054  27.792 0.0000000000
2650  37.807  8.333  22.704 0.0000000000
2651  40.470  7.550  21.282 0.0000000000
2652  40.108  5.724  22.367 0.0000000000
2653  42.702  4.104  22.398 0.0000000000
2654  39.828  4.488  23.592 0.0000000000
3632  43.856  12.732  20.937 0.0000000000
3633  45.132  6.037  18.104 0.0000000000
3634  45.309  7.668  17.039 0.0000000000
4090  36.292  19.141  23.812 0.0000000000
4091  36.859  18.434  21.905 0.0000000000
4092  35.798  16.567  23.132 0.0000000000
4093  35.904  13.799  23.011 0.0000000000
4094  34.526  14.362  24.283 0.0000000000
4698  33.402  13.574  31.351 0.0000000000
4699  33.559  14.921  29.651 0.0000000000
4700  32.475  12.059  29.346 0.0000000000
4701  32.566  10.701  27.263 0.0000000000
4702  32.401  8.960  28.983 0.0000000000
4714  38.777  2.543  38.709 0.0000000000
4720  35.720  5.411  36.220 0.0000000000
4721  40.194  1.188  31.920 0.0000000000
4722  36.656  2.465  32.560 0.0000000000
4723  38.099  2.185  30.597 0.0000000000
4724  36.374  3.190  28.558 0.0000000000
4725  40.020  2.593  28.796 0.0000000000
4726  41.588  3.234  27.103 0.0000000000
4727  43.320  2.859  29.193 0.0000000000
5922  39.917  12.345  21.571 0.0000000000
5923  42.383  11.141  20.896 0.0000000000
5924  41.372  9.491  21.083 0.0000000000
5925  43.001  6.735  19.924 0.0000000000
5926  45.342  4.471  19.593 0.0000000000
5927  48.079  3.649  19.709 0.0000000000
5928  45.368  3.647  21.312 0.0000000000
5929  45.520  3.388  22.789 0.0000000000
6199  37.874  21.348  24.770 0.0000000000
6200  36.702  19.426  25.680 0.0000000000
6572  42.547  1.823  42.035 0.0000000000
6574  41.426  0.413  38.327 0.0000000000
6575  39.637  1.108  36.890 0.0000000000
6576  37.909  2.300  35.560 0.0000000000
6577  40.811  0.249  35.043 0.0000000000
6578  42.439  0.408  33.345 0.0000000000
7582  47.354  10.894  16.479 0.0000000000
7583  44.636  10.157  19.235 0.0000000000
7584  46.211  9.260  16.546 0.0000000000
8204  40.732  16.336  20.361 0.0000000000
8206  38.530  17.366  20.763 0.0000000000
8207  38.992  14.857  21.292 0.0000000000
8208  37.810  13.097  22.287 0.0000000000
8209  36.606  10.875  22.995 0.0000000000
8210  35.758  8.589  23.899 0.0000000000
8959  40.816  21.195  28.338 0.0000000000
8960  38.059  19.707  27.226 0.0000000000
8961  35.656  17.858  26.465 0.0000000000
8963  34.406  16.264  27.971 0.0000000000
8964  34.033  15.301  26.055 0.0000000000
8965  33.405  12.602  25.730 0.0000000000
8966  33.750  9.567  25.403 0.0000000000
8967  35.089  6.756  25.152 0.0000000000
8980  39.525  3.154  42.323 0.0000000000
8987  34.678  10.397  34.575 0.0000000000
8988  33.536  8.640  32.955 0.0000000000
8989  35.902  3.697  34.334 0.0000000000
8990  34.251  5.148  33.014 0.0000000000
8991  32.942  6.849  30.916 0.0000000000
8992  33.666  5.535  28.744 0.0000000000
8993  35.363  4.718  26.657 0.0000000000
8994  37.667  4.404  24.957 0.0000000000
8995  40.487  3.612  25.150 0.0000000000
8996  43.586  3.699  25.499 0.0000000000
8997  46.666  4.640  26.322 0.0000000000
10330  37.600  7.289  23.191 0.0000000000
10331  38.908  6.931  22.516 0.0000000000
10332  38.829  6.000  23.014 0.0000000000
10333  39.963  5.084  22.937 0.0000000000
10334  38.602  5.250  23.591 0.0000000000
11310  42.125  14.720  20.723 0.0000000000
11311  43.424  14.143  20.878 0.0000000000
11312  42.565  13.375  20.940 0.0000000000
11313  46.334  4.949  17.873 0.0000000000
11314  46.220  5.662  17.103 0.0000000000
11315  47.499  4.728  16.887 0.0000000000
11319  49.140  3.868  17.687 0.0000000000
11770  35.858  18.092  24.264 0.0000000000
11771  35.965  17.824  23.419 0.0000000000
11772  35.428  16.810  23.923 0.0000000000
11773  35.200  15.504  23.665 0.0000000000
11774  34.734  15.692  24.461 0.0000000000
12378  33.021  12.157  31.186 0.0000000000
12379  32.873  12.853  30.361 0.0000000000
12380  32.546  11.290  30.162 0.0000000000
12381  32.349  10.486  29.133 0.0000000000
12382  32.439  9.706  30.048 0.0000000000
12394  38.031  3.179  38.065 0.0000000000
12398  36.665  5.432  37.849 0.0000000000
12399  35.880  6.262  37.110 0.0000000000
12400  36.574  4.642  36.872 0.0000000000
12401  41.158  1.413  31.095 0.0000000000
12402  39.161  1.690  31.279 0.0000000000
12403  40.007  1.878  30.450 0.0000000000
12404  39.080  2.307  29.662 0.0000000000
12405  41.047  2.194  29.624 0.0000000000
12406  41.702  2.624  28.890 0.0000000000
12407  42.772  2.298  29.757 0.0000000000
13710  39.379  11.442  21.858 0.0000000000
13711  40.611  10.885  21.401 0.0000000000
13712  40.092  9.978  21.618 0.0000000000
13713  41.553  6.233  21.132 0.0000000000
13714  41.793  7.141  20.623 0.0000000000
13715  42.807  5.830  20.481 0.0000000000
13716  43.976  5.465  19.634 0.0000000000
13717  44.060  4.684  20.386 0.0000000000
13718  45.344  3.987  20.541 0.0000000000
13719  43.983  4.185  21.207 0.0000000000
13720  42.720  3.897  23.100 0.0000000000
13721  44.099  3.572  22.564 0.0000000000
13722  44.106  3.579  23.355 0.0000000000
13723  45.636  3.456  23.563 0.0000000000
13724  44.187  3.623  24.074 0.0000000000
14172  38.318  21.319  25.737 0.0000000000
14173  37.303  20.411  25.323 0.0000000000
14174  37.737  20.442  26.190 0.0000000000
14781  34.202  13.622  33.105 0.0000000000
14794  44.065  -0.682  37.275 0.0000000000
14796  42.163  -0.143  37.426 0.0000000000
14797  40.466  0.616  37.569 0.0000000000
14798  41.018  0.036  36.586 0.0000000000
14799  40.164  0.490  35.973 0.0000000000
14800  41.825  -0.252  35.592 0.0000000000
14803  44.335  0.324  33.221 0.0000000000
14804  43.147  0.811  32.559 0.0000000000
16653  46.111  12.772  20.705 0.0000000000
16657  46.822  11.288  17.926 0.0000000000
16658  43.090  9.854  20.304 0.0000000000
16659  43.658  10.587  20.362 0.0000000000
16660  44.042  9.424  19.221 0.0000000000
16661  46.290  7.145  15.910 0.0000000000
16662  45.705  8.483  16.778 0.0000000000
16663  46.551  7.930  15.493 0.0000000000
16664  46.917  8.705  15.206 0.0000000000
16681  49.600  3.639  19.762 0.0000000000
18033  36.897  17.031  21.802 0.0000000000
18034  37.584  17.876  21.240 0.0000000000
18035  37.708  16.581  21.249 0.0000000000
18036  38.705  16.099  20.970 0.0000000000
18037  37.970  15.332  21.520 0.0000000000
18038  38.375  14.035  21.799 0.0000000000
18039  37.349  14.453  22.079 0.0000000000
18040  35.320  12.667  23.602 0.0000000000
18041  36.194  12.361  23.100 0.0000000000
18042  35.618  11.170  23.580 0.0000000000
18043  36.120  9.750  23.418 0.0000000000
18044  35.180  9.967  24.001 0.0000000000
19847  41.713  21.065  29.126 0.0000000000
19850  37.434  18.904  27.633 0.0000000000
19851  36.734  18.836  26.872 0.0000000000
19852  36.192  18.077  27.369 0.0000000000
19856  33.110  14.325  28.678 0.0000000000
19857  33.892  15.597  28.826 0.0000000000
19858  33.483  14.971  27.828 0.0000000000
19859  34.077  15.734  27.002 0.0000000000
19860  33.433  14.502  26.807 0.0000000000
19861  33.583  14.007  25.853 0.0000000000
19862  33.076  13.144  26.578 0.0000000000
19863  32.731  9.114  27.075 0.0000000000
19864  33.026  10.121  26.281 0.0000000000
19865  33.358  8.619  26.101 0.0000000000
19866  34.257  8.147  25.238 0.0000000000
19867  34.023  7.174  25.956 0.0000000000
19899  41.324  1.533  41.098 0.0000000000
19900  40.868  2.276  42.111 0.0000000000
19901  39.786  2.327  41.195 0.0000000000
19916  34.917  7.893  35.492 0.0000000000
19918  34.531  8.682  34.634 0.0000000000
19919  34.062  9.511  33.826 0.0000000000
19920  34.039  7.825  33.881 0.0000000000
19921  38.312  1.627  34.576 0.0000000000
19922  36.919  2.955  34.844 0.0000000000
19923  37.230  2.318  33.996 0.0000000000
19924  35.739  3.197  31.766 0.0000000000
19925  35.307  3.672  32.795 0.0000000000
19926  34.442  4.411  31.884 0.0000000000
19927  33.543  5.975  31.978 0.0000000000
19928  33.672  5.227  30.856 0.0000000000
19929  33.158  6.090  29.830 0.0000000000
19930  34.137  4.612  29.752 0.0000000000
19931  37.357  3.148  27.609 0.0000000000
19932  35.778  3.887  27.535 0.0000000000
19933  36.848  3.728  26.641 0.0000000000
19934  36.441  4.510  25.765 0.0000000000
19935  37.996  3.721  25.829 0.0000000000
19936  38.986  3.842  25.035 0.0000000000
19937  39.447  3.430  25.914 0.0000000000
19938  43.026  3.555  27.438 0.0000000000
19939  42.553  3.488  26.280 0.0000000000
19940  43.981  3.932  26.583 0.0000000000
19941  45.164  4.086  25.816 0.0000000000
19942  45.456  4.486  26.981 0.0000000000
23202  38.228  9.353  22.273 0.0000000000
23203  39.539  8.938  21.747 0.0000000000
23204  39.087  7.911  22.041 0.0000000000
23205  40.199  6.630  21.800 0.0000000000
23206  41.570  5.394  21.717 0.0000000000
23207  42.717  4.443  21.794 0.0000000000
23208  41.374  4.881  22.318 0.0000000000
23209  41.334  4.405  22.920 0.0000000000
23210  41.286  4.048  23.648 0.0000000000
23855  44.848  -0.924  36.308 0.0000000000
23856  43.733  -0.716  35.308 0.0000000000
24969  44.731  13.576  20.999 0.0000000000
24970  45.176  11.964  20.560 0.0000000000
24971  44.253  7.311  18.526 0.0000000000
24972  44.445  8.149  18.150 0.0000000000
24973  45.132  6.818  17.475 0.0000000000
24974  46.144  6.370  16.449 0.0000000000
24975  47.158  5.939  15.317 0.0000000000
25794  36.846  20.136  23.293 0.0000000000
25795  37.001  19.766  22.228 0.0000000000
25796  36.416  18.855  22.835 0.0000000000
25797  36.307  17.427  22.517 0.0000000000
25798  36.279  16.140  22.400 0.0000000000
25799  36.470  14.865  22.495 0.0000000000
25800  35.807  15.218  23.037 0.0000000000
25801  35.134  14.081  23.605 0.0000000000
25802  34.558  12.950  24.241 0.0000000000
26887  37.494  18.451  29.137 0.0000000000
26888  33.973  14.899  31.541 0.0000000000
26890  33.365  14.206  30.519 0.0000000000
26891  32.872  13.575  29.473 0.0000000000
26892  32.634  12.916  28.488 0.0000000000
26893  32.687  12.228  27.440 0.0000000000
26894  32.394  11.369  28.294 0.0000000000
26895  32.372  9.799  28.096 0.0000000000
26896  32.660  8.226  27.915 0.0000000000
26916  39.396  1.950  39.360 0.0000000000
26917  39.005  2.725  40.331 0.0000000000
26927  35.351  7.093  36.344 0.0000000000
26928  34.991  6.207  35.505 0.0000000000
26929  39.466  1.104  32.766 0.0000000000
26930  37.703  1.900  33.094 0.0000000000
26931  38.340  1.662  32.202 0.0000000000
26932  37.267  2.258  31.601 0.0000000000
26933  36.305  2.878  30.694 0.0000000000
26934  35.473  3.497  29.610 0.0000000000
26935  37.157  2.685  29.611 0.0000000000
26936  38.185  2.682  28.622 0.0000000000
26937  39.222  2.877  27.683 0.0000000000
26938  40.086  3.112  26.864 0.0000000000
26939  40.800  2.914  27.933 0.0000000000
26940  42.304  3.151  28.225 0.0000000000
26941  43.848  3.489  28.553 0.0000000000
29178  40.525  13.157  21.284 0.0000000000
29179  41.802  12.527  21.055 0.0000000000
29180  41.127  11.761  21.269 0.0000000000
29181  41.893  10.366  20.956 0.0000000000
29182  42.632  9.091  20.272 0.0000000000
29183  40.870  8.536  21.118 0.0000000000
29184  42.153  8.209  20.427 0.0000000000
29185  43.300  7.732  19.598 0.0000000000
29186  44.070  6.376  19.017 0.0000000000
29187  45.167  5.183  18.766 0.0000000000
29188  46.583  4.270  18.706 0.0000000000
29189  47.915  3.845  18.670 0.0000000000
29190  46.670  3.890  19.626 0.0000000000
29191  46.751  3.609  20.560 0.0000000000
29192  46.835  3.403  21.374 0.0000000000
29193  44.019  3.785  21.857 0.0000000000
29194  45.399  3.429  22.030 0.0000000000
29196  47.137  3.399  23.012 0.0000000000
29826  36.968  20.329  24.322 0.0000000000
29827  36.425  19.348  24.735 0.0000000000
29828  35.862  18.316  25.133 0.0000000000
30678  33.545  12.859  32.164 0.0000000000
30679  33.245  11.420  32.040 0.0000000000
30695  41.890  0.896  40.095 0.0000000000
30697  42.555  0.353  39.146 0.0000000000
30698  40.794  0.937  39.166 0.0000000000
30699  39.895  1.311  38.512 0.0000000000
30700  39.186  1.794  37.745 0.0000000000
30701  38.363  2.407  37.102 0.0000000000
30702  37.658  3.095  36.495 0.0000000000
30703  38.779  1.661  36.233 0.0000000000
30704  39.279  1.068  35.343 0.0000000000
30705  39.854  0.733  34.416 0.0000000000
30707  41.575  0.233  34.151 0.0000000000
30708  40.542  0.606  33.468 0.0000000000
30709  41.208  0.779  32.522 0.0000000000
30710  42.102  1.113  31.733 0.0000000000
30712  43.846  1.974  30.441 0.0000000000
33197  43.077  11.899  20.849 0.0000000000
33198  44.366  11.268  20.419 0.0000000000
33199  45.368  10.820  19.239 0.0000000000
33200  44.846  9.000  17.948 0.0000000000
33201  45.425  9.747  17.914 0.0000000000
33202  46.140  10.551  17.882 0.0000000000
33203  46.752  10.100  16.512 0.0000000000
33204  47.385  9.460  14.973 0.0000000000
34916  40.980  15.120  20.654 0.0000000000
34920  37.572  19.225  21.320 0.0000000000
34923  39.588  16.819  20.466 0.0000000000
34924  39.800  15.576  20.781 0.0000000000
34925  40.099  14.385  21.102 0.0000000000
34926  39.419  13.589  21.561 0.0000000000
34927  38.832  12.678  21.942 0.0000000000
34928  38.335  11.685  22.287 0.0000000000
34929  36.804  13.519  22.607 0.0000000000
34930  37.247  12.040  22.696 0.0000000000
34931  37.748  10.601  22.523 0.0000000000
34932  37.150  9.506  22.846 0.0000000000
34933  36.769  8.458  23.309 0.0000000000
34934  36.537  7.363  23.796 0.0000000000
37125  39.863  21.280  27.445 0.0000000000
37127  39.419  20.469  27.760 0.0000000000
37128  38.563  20.505  26.986 0.0000000000
37129  37.330  19.634  26.540 0.0000000000
37130  36.200  18.651  26.062 0.0000000000
37131  35.269  17.480  25.625 0.0000000000
37136  34.952  16.733  28.911 0.0000000000
37137  35.564  17.434  28.094 0.0000000000
37138  35.038  17.052  27.140 0.0000000000
37139  34.686  16.557  26.256 0.0000000000
37140  34.596  16.162  25.337 0.0000000000
37141  34.154  14.874  25.100 0.0000000000
37142  33.949  13.543  24.973 0.0000000000
37143  34.002  12.086  24.929 0.0000000000
37144  32.931  11.675  26.468 0.0000000000
37145  33.467  11.084  25.589 0.0000000000
37146  34.213  10.508  24.779 0.0000000000
37147  34.674  9.076  24.599 0.0000000000
37148  35.344  7.712  24.503 0.0000000000
37149  36.240  6.472  24.377 0.0000000000
37186  42.041  2.466  43.068 0.0000000000
37189  38.825  3.615  41.339 0.0000000000
37210  34.279  11.230  33.786 0.0000000000
37211  33.650  10.440  32.912 0.0000000000
37212  33.081  9.575  32.033 0.0000000000
37213  36.674  3.844  35.859 0.0000000000
37214  35.747  4.546  35.286 0.0000000000
37215  34.932  5.246  34.670 0.0000000000
37216  36.155  2.988  33.428 0.0000000000
37217  35.005  4.377  33.783 0.0000000000
37218  34.246  6.076  33.980 0.0000000000
37219  33.649  6.869  33.002 0.0000000000
37220  33.083  7.775  31.974 0.0000000000
37221  32.663  8.712  30.986 0.0000000000
37222  32.565  7.826  29.939 0.0000000000
37223  32.815  7.097  28.882 0.0000000000
37224  33.353  6.528  27.758 0.0000000000
37225  34.824  4.169  28.622 0.0000000000
37226  34.389  5.050  27.628 0.0000000000
37227  34.147  5.998  26.748 0.0000000000
37228  35.149  5.681  25.872 0.0000000000
37229  36.257  5.427  25.040 0.0000000000
37230  37.510  5.215  24.294 0.0000000000
37231  38.726  4.454  24.231 0.0000000000
37232  40.102  3.929  24.314 0.0000000000
37233  41.596  3.719  24.470 0.0000000000
37234  40.979  3.382  26.023 0.0000000000
37235  42.010  3.548  25.272 0.0000000000
37236  43.104  3.653  24.583 0.0000000000
37237  44.750  3.690  24.865 0.0000000000
37238  46.388  4.090  25.253 0.0000000000
37240  44.516  2.552  29.931 0.0000000000
37245  45.977  4.696  28.231 0.0000000000
37246  46.948  5.194  27.421 0.0000000000
41050  37.550  6.747  23.440 0.0000000000
41051  38.174  6.606  23.122 0.0000000000
41052  38.141  6.116  23.369 0.0000000000
41053  38.700  5.631  23.292 0.0000000000
41054  38.025  5.726  23.649 0.0000000000
42030  41.679  14.338  20.843 0.0000000000
42031  42.325  14.058  20.868 0.0000000000
42032  41.911  13.653  20.952 0.0000000000
42033  47.039  4.509  17.827 0.0000000000
42034  46.925  4.846  17.400 0.0000000000
42035  47.630  4.453  17.322 0.0000000000
42036  48.195  4.399  16.820 0.0000000000
42037  48.385  4.188  17.259 0.0000000000
42038  49.076  4.032  17.223 0.0000000000
42039  48.458  4.005  17.708 0.0000000000
42490  35.576  17.649  24.493 0.0000000000
42491  35.651  17.460  24.079 0.0000000000
42492  35.337  16.927  24.279 0.0000000000
42493  35.087  16.280  24.177 0.0000000000
42494  34.923  16.374  24.567 0.0000000000
43098  32.848  11.350  31.131 0.0000000000
43099  32.762  11.707  30.670 0.0000000000
43100  32.585  10.933  30.600 0.0000000000
43101  32.452  10.502  30.113 0.0000000000
43102  32.542  10.124  30.556 0.0000000000
43114  37.670  3.502  37.783 0.0000000000
43115  37.588  3.872  38.279 0.0000000000
43116  37.241  4.196  38.006 0.0000000000
43117  36.975  4.954  38.140 0.0000000000
43118  36.993  4.590  37.696 0.0000000000
43119  36.606  5.033  37.376 0.0000000000
43120  36.998  4.199  37.209 0.0000000000
43121  41.663  1.566  30.745 0.0000000000
43122  40.602  1.631  30.758 0.0000000000
43123  41.091  1.787  30.394 0.0000000000
43124  40.555  2.004  30.028 0.0000000000
43125  41.614  1.999  30.019 0.0000000000
43126  41.895  2.217  29.658 0.0000000000
43127  42.460  2.050  30.061 0.0000000000
44430  39.127  10.935  21.975 0.0000000000
44431  39.748  10.683  21.717 0.0000000000
44432  39.444  10.194  21.817 0.0000000000
44433  42.147  5.610  21.135 0.0000000000
44434  42.190  6.044  20.821 0.0000000000
44435  42.712  5.427  20.813 0.0000000000
44436  43.370  5.227  20.424 0.0000000000
44437  43.406  4.874  20.777 0.0000000000
44438  44.009  4.445  20.800 0.0000000000
44439  43.388  4.571  21.150 0.0000000000
44440  42.709  3.828  23.470 0.0000000000
44441  43.415  3.712  23.223 0.0000000000
44442  43.403  3.698  23.607 0.0000000000
44443  44.145  3.615  23.744 0.0000000000
44444  43.459  3.700  23.950 0.0000000000
44890  39.195  21.700  26.363 0.0000000000
44892  38.606  21.324  26.186 0.0000000000
44893  38.034  20.881  25.991 0.0000000000
44894  38.319  20.885  26.426 0.0000000000
45514  43.510  -0.615  36.811 0.0000000000
45515  43.124  -0.387  37.316 0.0000000000
45516  42.580  -0.349  36.916 0.0000000000
45517  41.617  -0.061  37.022 0.0000000000
45518  41.978  -0.255  36.491 0.0000000000
45519  41.454  -0.150  36.093 0.0000000000
45520  42.352  -0.418  35.967 0.0000000000
47373  46.201  12.086  20.140 0.0000000000
47375  46.630  11.884  19.481 0.0000000000
47376  46.942  11.782  18.765 0.0000000000
47377  46.543  11.435  18.732 0.0000000000
47378  43.368  9.271  19.805 0.0000000000
47379  43.600  9.621  19.801 0.0000000000
47380  43.816  9.038  19.267 0.0000000000
47381  46.745  6.873  15.273 0.0000000000
47382  46.385  7.536  15.684 0.0000000000
47383  46.817  7.272  15.030 0.0000000000
47384  46.910  7.645  14.779 0.0000000000
47385  47.191  7.036  14.347 0.0000000000
47386  47.619  6.716  13.645 0.0000000000
47387  47.590  6.357  13.982 0.0000000000
48753  36.914  16.420  21.860 0.0000000000
48754  37.276  16.821  21.534 0.0000000000
48755  37.334  16.207  21.600 0.0000000000
48756  37.812  15.950  21.362 0.0000000000
48757  37.481  15.600  21.625 0.0000000000
48758  37.646  14.909  21.810 0.0000000000
48759  37.178  15.138  21.956 0.0000000000
48760  35.041  12.070  23.908 0.0000000000
48761  35.464  11.915  23.617 0.0000000000
48762  35.178  11.302  23.877 0.0000000000
48763  35.362  10.560  23.810 0.0000000000
48764  34.900  10.675  24.128 0.0000000000
50568  37.517  18.639  28.347 0.0000000000
50569  37.849  18.933  28.040 0.0000000000
50570  37.155  18.550  27.897 0.0000000000
50571  36.769  18.471  27.502 0.0000000000
50572  36.510  18.179  27.808 0.0000000000
50576  32.983  14.004  28.210 0.0000000000
50577  33.272  14.678  28.231 0.0000000000
50578  33.190  14.353  27.751 0.0000000000
50579  33.443  14.722  27.316 0.0000000000
50580  33.189  14.096  27.238 0.0000000000
50581  33.227  13.897  26.705 0.0000000000
50582  33.004  13.414  27.137 0.0000000000
50583  32.957  8.363  26.970 0.0000000000
50584  33.039  8.840  26.574 0.0000000000
50585  33.267  8.130  26.478 0.0000000000
50586  33.640  7.905  26.009 0.0000000000
50587  33.568  7.403  26.404 0.0000000000
50619  40.725  1.510  40.605 0.0000000000
50620  40.511  1.880  41.118 0.0000000000
50621  40.004  1.937  40.650 0.0000000000
50636  34.656  7.399  35.126 0.0000000000
50637  34.699  8.248  35.057 0.0000000000
50638  34.427  7.809  34.743 0.0000000000
50639  34.265  8.249  34.292 0.0000000000
50640  34.235  7.391  34.351 0.0000000000
50641  38.554  1.418  34.138 0.0000000000
50642  37.804  1.967  34.285 0.0000000000
50643  38.028  1.745  33.852 0.0000000000
50644  35.278  3.562  31.246 0.0000000000
50645  35.052  3.788  31.807 0.0000000000
50646  34.631  4.118  31.304 0.0000000000
50647  34.031  4.798  31.371 0.0000000000
50648  34.221  4.498  30.821 0.0000000000
50649  33.887  4.886  30.293 0.0000000000
50650  34.474  4.223  30.266 0.0000000000
50651  37.970  3.159  27.173 0.0000000000
50652  37.119  3.422  27.108 0.0000000000
50653  37.655  3.415  26.704 0.0000000000
50654  37.396  3.710  26.232 0.0000000000
50655  38.224  3.458  26.308 0.0000000000
50656  38.695  3.548  25.883 0.0000000000
50657  38.986  3.338  26.350 0.0000000000
50658  43.772  3.773  27.546 0.0000000000
50659  43.486  3.751  27.004 0.0000000000
50660  44.201  3.996  27.160 0.0000000000
50661  44.719  4.187  26.763 0.0000000000
50662  44.918  4.286  27.387 0.0000000000
54030  38.015  8.821  22.483 0.0000000000
54031  38.640  8.609  22.202 0.0000000000
54032  38.452  8.124  22.394 0.0000000000
54033  39.480  6.311  22.433 0.0000000000
54034  39.555  6.781  22.139 0.0000000000
54035  40.106  6.169  22.097 0.0000000000
54036  40.830  5.998  21.729 0.0000000000
54037  40.803  5.581  22.039 0.0000000000
54038  41.439  5.140  22.020 0.0000000000
54039  40.717  5.292  22.330 0.0000000000
54040  39.906  4.766  23.255 0.0000000000
54041  40.650  4.702  22.922 0.0000000000
54042  40.589  4.464  23.259 0.0000000000
54043  41.293  4.214  23.293 0.0000000000
54044  40.550  4.236  23.615 0.0000000000
56973  43.621  13.456  20.965 0.0000000000
56974  44.052  13.880  20.982 0.0000000000
56975  44.277  13.122  20.977 0.0000000000
56976  44.972  12.765  20.897 0.0000000000
56977  44.539  12.342  20.856 0.0000000000
56978  44.640  6.691  18.281 0.0000000000
56979  44.685  7.074  17.979 0.0000000000
56980  45.101  6.444  17.771 0.0000000000
56981  46.722  5.470  16.611 0.0000000000
56982  46.154  5.986  16.725 0.0000000000
56983  46.678  5.816  16.249 0.0000000000
56984  46.659  6.166  15.924 0.0000000000
56985  47.175  5.627  15.698 0.0000000000
56986  47.683  5.455  15.094 0.0000000000
56987  47.794  5.145  15.514 0.0000000000
58350  36.526  19.635  23.564 0.0000000000
58351  36.546  19.483  23.065 0.0000000000
58352  36.265  18.995  23.313 0.0000000000
58353  35.867  17.189  23.269 0.0000000000
58354  36.095  17.637  22.954 0.0000000000
58355  36.079  16.972  22.822 0.0000000000
58356  36.320  16.767  22.416 0.0000000000
58357  36.036  16.327  22.745 0.0000000000
58358  36.029  15.699  22.730 0.0000000000
58359  35.748  15.878  23.079 0.0000000000
58360  34.860  14.926  23.988 0.0000000000
58361  35.131  14.789  23.620 0.0000000000
58362  34.801  14.217  23.932 0.0000000000
58363  34.824  13.500  23.927 0.0000000000
58364  34.512  13.655  24.254 0.0000000000
60173  33.653  14.258  31.443 0.0000000000
60174  33.653  14.561  31.014 0.0000000000
60175  33.335  13.887  30.903 0.0000000000
60176  32.666  12.481  29.848 0.0000000000
60177  32.853  13.204  29.924 0.0000000000
60178  32.639  12.852  29.413 0.0000000000
60179  32.718  13.267  28.991 0.0000000000
60180  32.540  12.497  28.900 0.0000000000
60181  32.500  12.116  28.379 0.0000000000
60182  32.424  11.698  28.806 0.0000000000
60183  32.352  9.733  29.049 0.0000000000
60184  32.334  10.144  28.632 0.0000000000
60185  32.370  9.376  28.524 0.0000000000
60186  32.452  8.996  28.017 0.0000000000
60187  32.458  8.574  28.471 0.0000000000
60219  39.063  2.250  39.059 0.0000000000
60220  38.840  2.622  39.511 0.0000000000
60221  38.575  2.927  39.173 0.0000000000
60236  35.764  5.845  36.671 0.0000000000
60237  35.594  6.645  36.718 0.0000000000
60238  35.443  6.216  36.308 0.0000000000
60239  35.154  6.631  35.929 0.0000000000
60240  35.330  5.795  35.876 0.0000000000
60241  39.804  1.117  32.311 0.0000000000
60242  38.917  1.380  32.476 0.0000000000
60243  39.275  1.389  32.010 0.0000000000
60244  38.605  1.956  30.965 0.0000000000
60245  38.186  1.933  31.412 0.0000000000
60246  37.666  2.222  31.063 0.0000000000
60247  36.762  2.592  31.163 0.0000000000
60248  37.139  2.483  30.619 0.0000000000
60249  36.702  2.772  30.139 0.0000000000
60250  37.603  2.446  30.147 0.0000000000
60251  39.580  2.440  29.248 0.0000000000
60252  38.623  2.507  29.191 0.0000000000
60253  39.125  2.615  28.698 0.0000000000
60254  38.688  2.785  28.150 0.0000000000
60255  39.611  2.746  28.251 0.0000000000
60256  40.008  2.877  27.798 0.0000000000
60257  40.404  2.753  28.347 0.0000000000
60258  42.510  2.751  29.054 0.0000000000
60259  42.009  2.894  28.557 0.0000000000
60260  42.775  3.047  28.759 0.0000000000
60261  43.057  3.313  28.399 0.0000000000
60262  43.587  3.185  28.900 0.0000000000
64170  40.202  12.766  21.400 0.0000000000
64171  40.817  12.455  21.279 0.0000000000
64172  40.503  12.044  21.407 0.0000000000
64173  41.031  10.185  21.267 0.0000000000
64174  41.242  10.651  21.189 0.0000000000
64175  41.649  9.981  20.987 0.0000000000
64176  42.283  9.734  20.680 0.0000000000
64177  42.022  9.303  20.695 0.0000000000
64178  39.995  8.240  21.503 0.0000000000
64179  40.259  8.765  21.462 0.0000000000
64180  40.668  8.051  21.167 0.0000000000
64181  42.428  6.927  20.299 0.0000000000
64182  41.970  7.656  20.474 0.0000000000
64183  42.588  7.430  20.158 0.0000000000
64184  42.765  7.948  20.029 0.0000000000
64185  43.151  7.208  19.743 0.0000000000
64186  43.674  7.028  19.260 0.0000000000
64187  43.556  6.537  19.452 0.0000000000
64188  44.605  4.925  19.580 0.0000000000
64189  44.570  5.297  19.162 0.0000000000
64190  45.224  4.804  19.169 0.0000000000
64191  45.856  4.674  18.714 0.0000000000
64192  45.968  4.330  19.158 0.0000000000
64193  46.638  4.064  19.135 0.0000000000
64194  45.994  4.125  19.614 0.0000000000
64195  45.379  3.794  20.946 0.0000000000
64196  46.043  3.751  20.555 0.0000000000
64197  46.099  3.593  20.963 0.0000000000
64198  46.794  3.482  20.988 0.0000000000
64199  46.086  3.493  21.349 0.0000000000
64200  42.694  4.265  22.093 0.0000000000
64201  43.356  4.029  21.837 0.0000000000
64202  43.372  3.916  22.136 0.0000000000
64203  44.783  3.449  22.678 0.0000000000
64204  44.724  3.471  22.300 0.0000000000
64205  45.459  3.389  22.407 0.0000000000
64206  46.163  3.357  22.085 0.0000000000
64207  46.258  3.355  22.462 0.0000000000
64208  47.039  3.363  22.559 0.0000000000
64209  46.343  3.364  22.851 0.0000000000
64210  45.728  3.534  23.920 0.0000000000
64211  46.489  3.475  23.654 0.0000000000
64212  46.593  3.594  24.046 0.0000000000
64213  47.496  3.722  24.213 0.0000000000
64214  46.703  3.737  24.472 0.0000000000
65558  37.263  20.845  24.051 0.0000000000
65559  37.399  20.858  24.549 0.0000000000
65560  36.984  19.930  25.524 0.0000000000
65561  36.820  19.910  25.049 0.0000000000
65562  36.563  19.403  25.253 0.0000000000
65563  36.195  18.832  24.967 0.0000000000
65564  36.246  18.887  25.414 0.0000000000
67383  34.074  12.923  33.018 0.0000000000
67384  33.884  13.266  32.632 0.0000000000
67385  33.728  12.538  32.557 0.0000000000
67386  33.386  12.147  32.083 0.0000000000
67387  33.560  11.812  32.476 0.0000000000
67422  42.313  0.089  38.218 0.0000000000
67423  42.911  0.086  38.664 0.0000000000
67424  41.977  0.376  38.705 0.0000000000
67425  41.651  0.621  39.163 0.0000000000
67426  41.110  0.660  38.761 0.0000000000
67427  40.335  1.109  38.823 0.0000000000
67428  40.645  0.797  38.435 0.0000000000
67429  40.039  0.847  37.209 0.0000000000
67430  39.771  1.177  37.643 0.0000000000
67431  39.404  1.405  37.289 0.0000000000
67432  38.778  2.125  37.425 0.0000000000
67433  38.975  1.732  36.972 0.0000000000
67434  38.570  2.024  36.655 0.0000000000
67435  39.195  1.367  36.523 0.0000000000
67436  40.455  0.357  35.508 0.0000000000
67437  39.706  0.779  35.691 0.0000000000
67438  40.006  0.621  35.200 0.0000000000
67439  39.544  0.861  34.883 0.0000000000
67440  40.330  0.504  34.748 0.0000000000
67444  43.007  0.194  33.701 0.0000000000
67445  42.521  0.046  34.073 0.0000000000
67446  42.030  0.306  33.767 0.0000000000
67447  41.071  0.423  33.815 0.0000000000
67448  41.410  0.484  33.364 0.0000000000
67449  40.881  0.653  33.016 0.0000000000
67450  41.789  0.596  32.924 0.0000000000
73008  47.453  11.471  17.225 0.0000000000
73010  47.696  11.237  16.417 0.0000000000
73011  47.938  10.951  15.565 0.0000000000
73012  47.642  10.580  15.610 0.0000000000
73013  42.081  11.835  20.983 0.0000000000
73014  42.440  12.223  20.928 0.0000000000
73015  42.727  11.495  20.876 0.0000000000
73016  44.188  10.331  19.848 0.0000000000
73017  44.021  10.897  20.352 0.0000000000
73018  44.543  10.636  19.869 0.0000000000
73019  44.896  10.999  19.894 0.0000000000
73020  44.983  10.481  19.245 0.0000000000
73021  44.852  7.910  17.552 0.0000000000
73022  44.620  8.573  17.994 0.0000000000
73023  45.033  8.338  17.455 0.0000000000
73024  45.961  8.889  16.640 0.0000000000
73025  45.573  9.149  17.319 0.0000000000
73026  45.827  9.526  17.223 0.0000000000
73027  45.776  10.137  17.884 0.0000000000
73028  46.134  9.934  17.205 0.0000000000
73029  46.477  10.356  17.238 0.0000000000
73030  46.516  9.665  16.557 0.0000000000
73080  47.959  3.748  19.189 0.0000000000
73081  48.626  3.757  18.709 0.0000000000
73082  48.681  3.659  19.219 0.0000000000
77128  41.437  15.503  20.501 0.0000000000
77129  40.842  15.739  20.519 0.0000000000
77138  36.893  19.111  22.044 0.0000000000
77139  37.258  19.495  21.743 0.0000000000
77140  37.180  18.828  21.605 0.0000000000
77141  38.039  17.658  20.945 0.0000000000
77142  37.970  18.338  20.910 0.0000000000
77143  38.432  18.066  20.661 0.0000000000
77145  38.945  17.768  20.506 0.0000000000
77147  39.028  17.092  20.616 0.0000000000
77148  38.845  15.461  21.133 0.0000000000
77149  39.234  15.810  20.869 0.0000000000
77150  39.368  15.212  21.043 0.0000000000
77151  39.960  14.990  20.952 0.0000000000
77152  39.534  14.612  21.213 0.0000000000
77153  39.732  13.999  21.349 0.0000000000
77154  39.183  14.233  21.439 0.0000000000
77155  38.068  13.593  22.031 0.0000000000
77156  38.573  13.366  21.912 0.0000000000
77157  38.313  12.892  22.131 0.0000000000
77158  38.610  12.196  22.097 0.0000000000
77159  38.067  12.379  22.311 0.0000000000
77160  36.198  14.341  22.770 0.0000000000
77161  36.608  14.186  22.568 0.0000000000
77162  36.323  13.664  22.803 0.0000000000
77163  36.358  11.622  23.078 0.0000000000
77164  36.697  12.200  22.889 0.0000000000
77165  36.896  11.464  22.844 0.0000000000
77166  37.496  11.311  22.624 0.0000000000
77167  37.171  10.721  22.740 0.0000000000
77168  37.412  10.045  22.662 0.0000000000
77169  36.866  10.158  22.918 0.0000000000
77170  35.936  9.167  23.639 0.0000000000
77171  36.443  9.099  23.348 0.0000000000
77172  36.268  8.536  23.600 0.0000000000
77173  36.634  7.921  23.548 0.0000000000
77174  36.136  7.976  23.840 0.0000000000
82578  41.512  21.535  28.637 0.0000000000
82580  41.021  21.587  28.174 0.0000000000
82581  40.520  21.619  27.682 0.0000000000
82582  40.355  21.237  27.883 0.0000000000
82586  38.462  19.712  27.611 0.0000000000
82587  39.163  20.072  27.879 0.0000000000
82588  38.765  20.129  27.475 0.0000000000
82589  38.951  20.470  27.362 0.0000000000
82590  38.323  20.122  27.098 0.0000000000
82591  37.949  20.115  26.757 0.0000000000
82592  37.683  19.696  26.883 0.0000000000
82593  36.163  18.370  26.668 0.0000000000
82594  36.442  18.789  26.477 0.0000000000
82595  35.925  18.260  26.251 0.0000000000
82596  35.718  18.090  25.821 0.0000000000
82597  35.439  17.660  26.042 0.0000000000
82606  33.821  15.170  30.146 0.0000000000
82607  34.254  15.711  30.240 0.0000000000
82608  33.967  15.485  29.728 0.0000000000
82609  34.133  15.929  28.395 0.0000000000
82610  34.379  16.163  28.847 0.0000000000
82611  34.665  16.518  28.440 0.0000000000
82612  35.251  17.094  28.500 0.0000000000
82613  34.978  16.891  28.030 0.0000000000
82614  35.269  17.244  27.607 0.0000000000
82615  34.704  16.649  27.543 0.0000000000
82616  34.022  15.473  26.546 0.0000000000
82617  34.405  16.117  26.645 0.0000000000
82618  34.326  15.927  26.199 0.0000000000
82619  34.618  16.382  25.823 0.0000000000
82620  34.322  15.745  25.721 0.0000000000
82621  34.330  15.524  25.263 0.0000000000
82622  34.076  15.105  25.577 0.0000000000
82623  33.470  13.303  25.792 0.0000000000
82624  33.718  13.791  25.393 0.0000000000
82625  33.678  13.064  25.344 0.0000000000
82626  33.965  12.819  24.925 0.0000000000
82627  33.700  12.332  25.286 0.0000000000
82628  32.593  11.480  27.361 0.0000000000
82629  32.770  11.948  26.942 0.0000000000
82630  32.736  11.172  26.862 0.0000000000
82631  33.358  9.813  25.836 0.0000000000
82632  33.223  10.619  25.935 0.0000000000
82633  33.573  10.323  25.508 0.0000000000
82634  33.819  10.797  25.172 0.0000000000
82635  33.961  10.078  25.112 0.0000000000
82636  34.422  9.790  24.673 0.0000000000
82637  34.184  9.355  24.985 0.0000000000
82638  34.656  7.419  25.179 0.0000000000
82639  34.792  7.919  24.866 0.0000000000
82640  35.192  7.263  24.812 0.0000000000
82641  35.776  7.080  24.423 0.0000000000
82642  35.636  6.615  24.743 0.0000000000
82734  43.159  1.979  42.484 0.0000000000
82735  42.871  2.299  43.011 0.0000000000
82736  42.277  2.142  42.545 0.0000000000
82737  40.080  2.628  42.188 0.0000000000
82738  40.624  2.631  42.686 0.0000000000
82739  39.936  3.016  42.805 0.0000000000
82740  39.835  3.344  43.337 0.0000000000
82741  39.434  3.511  42.856 0.0000000000
82789  34.877  9.947  34.935 0.0000000000
82790  35.213  10.310  35.247 0.0000000000
82791  34.997  10.782  34.889 0.0000000000
82792  35.120  11.569  34.876 0.0000000000
82793  34.796  11.229  34.517 0.0000000000
82794  34.618  11.650  34.162 0.0000000000
82795  34.472  10.818  34.170 0.0000000000
82796  33.803  9.097  33.377 0.0000000000
82797  33.863  9.973  33.370 0.0000000000
82798  33.562  9.542  32.910 0.0000000000
82799  33.347  10.008  32.475 0.0000000000
82800  33.293  9.082  32.486 0.0000000000
82801  37.786  2.735  36.034 0.0000000000
82802  37.173  3.472  36.181 0.0000000000
82803  37.323  3.083  35.682 0.0000000000
82804  36.409  3.350  34.600 0.0000000000
82805  36.283  3.778  35.093 0.0000000000
82806  35.809  4.116  34.795 0.0000000000
82807  35.325  4.868  34.995 0.0000000000
82808  35.354  4.445  34.514 0.0000000000
82809  37.137  2.180  32.814 0.0000000000
82810  36.887  2.351  33.265 0.0000000000
82811  36.389  2.696  32.985 0.0000000000
82812  34.733  4.358  32.932 0.0000000000
82813  35.141  3.981  33.308 0.0000000000
82814  34.625  4.758  33.428 0.0000000000
82815  34.554  5.203  33.908 0.0000000000
82816  34.200  5.582  33.523 0.0000000000
82817  33.961  6.462  33.524 0.0000000000
82818  33.904  5.979  33.050 0.0000000000
82819  33.216  6.395  31.407 0.0000000000
82820  33.259  6.845  31.986 0.0000000000
82821  32.970  7.300  31.479 0.0000000000
82822  32.847  8.253  31.467 0.0000000000
82823  32.750  7.772  30.970 0.0000000000
82824  32.575  8.273  30.464 0.0000000000
82825  32.726  7.294  30.449 0.0000000000
82826  33.365  5.762  29.293 0.0000000000
82827  32.932  6.606  29.365 0.0000000000
82828  33.198  6.287  28.784 0.0000000000
82829  33.039  6.797  28.318 0.0000000000
82830  33.498  6.022  28.231 0.0000000000
82831  35.874  3.344  29.089 0.0000000000
82832  35.105  3.800  29.150 0.0000000000
82833  35.571  3.634  28.559 0.0000000000
82834  35.551  4.288  27.076 0.0000000000
82835  35.032  4.422  27.548 0.0000000000
82836  34.856  4.891  27.116 0.0000000000
82837  34.259  5.492  27.183 0.0000000000
82838  34.718  5.356  26.688 0.0000000000
82839  34.619  5.860  26.277 0.0000000000
82840  35.220  5.180  26.252 0.0000000000
82841  37.046  4.453  25.327 0.0000000000
82842  36.329  4.961  25.376 0.0000000000
82843  36.950  4.862  24.935 0.0000000000
82844  36.867  5.301  24.664 0.0000000000
82845  37.578  4.794  24.602 0.0000000000
82846  38.112  4.801  24.243 0.0000000000
82847  38.211  4.418  24.571 0.0000000000
82848  39.721  3.689  25.098 0.0000000000
82849  39.542  3.883  24.662 0.0000000000
82850  40.249  3.767  24.744 0.0000000000
82851  40.831  3.817  24.401 0.0000000000
82852  41.012  3.668  24.795 0.0000000000
82853  40.830  3.151  26.982 0.0000000000
82854  40.507  3.250  26.442 0.0000000000
82855  41.277  3.304  26.569 0.0000000000
82856  43.048  3.623  25.877 0.0000000000
82857  42.272  3.518  25.746 0.0000000000
82858  42.806  3.584  25.351 0.0000000000
82859  42.561  3.615  24.899 0.0000000000
82860  43.351  3.609  24.969 0.0000000000
82861  43.927  3.642  24.696 0.0000000000
82862  44.188  3.716  25.143 0.0000000000
82863  45.876  4.369  26.066 0.0000000000
82864  45.772  4.131  25.528 0.0000000000
82865  46.542  4.384  25.790 0.0000000000
82866  47.176  4.287  25.536 0.0000000000
82867  47.344  4.618  26.069 0.0000000000
92322  37.684  7.821  22.940 0.0000000000
92323  38.334  7.624  22.621 0.0000000000
92324  38.239  7.129  22.877 0.0000000000
92325  38.850  6.450  22.807 0.0000000000
92326  39.515  5.847  22.679 0.0000000000
92327  40.013  5.395  22.632 0.0000000000
92328  39.359  5.527  22.963 0.0000000000
92329  39.258  5.171  23.253 0.0000000000
92330  39.201  4.834  23.569 0.0000000000
94088  42.751  14.449  20.807 0.0000000000
94089  42.973  13.757  20.929 0.0000000000
94090  43.210  13.114  20.973 0.0000000000
94091  45.701  5.442  17.961 0.0000000000
94092  45.688  5.809  17.585 0.0000000000
94093  46.257  5.328  17.493 0.0000000000
94094  46.813  5.190  17.012 0.0000000000
94095  47.357  4.998  16.494 0.0000000000
94096  47.911  4.861  15.945 0.0000000000
94097  48.041  4.621  16.389 0.0000000000
94914  36.080  18.613  24.058 0.0000000000
94915  36.102  18.480  23.588 0.0000000000
94916  35.893  17.951  23.823 0.0000000000
94917  35.736  17.330  23.691 0.0000000000
94918  35.552  16.685  23.520 0.0000000000
94919  35.483  16.031  23.392 0.0000000000
94920  35.226  16.157  23.778 0.0000000000
94921  34.952  15.616  24.080 0.0000000000
94922  34.603  15.001  24.352 0.0000000000
96008  33.203  12.891  31.270 0.0000000000
96009  33.082  13.159  30.839 0.0000000000
96010  32.914  12.483  30.764 0.0000000000
96011  32.706  12.085  30.249 0.0000000000
96012  32.514  11.679  29.724 0.0000000000
96013  32.406  11.254  29.214 0.0000000000
96014  32.404  10.885  29.672 0.0000000000
96015  32.367  10.085  29.600 0.0000000000
96016  32.381  9.336  29.526 0.0000000000
96036  38.434  2.877  38.377 0.0000000000
96037  38.275  3.339  38.916 0.0000000000
96038  37.943  3.576  38.576 0.0000000000
96047  36.151  5.455  37.007 0.0000000000
96048  36.139  5.075  36.538 0.0000000000
96049  40.641  1.301  31.484 0.0000000000
96050  39.711  1.401  31.587 0.0000000000
96051  40.175  1.512  31.150 0.0000000000
96052  39.598  1.763  30.839 0.0000000000
96053  39.022  2.011  30.504 0.0000000000
96054  38.558  2.227  30.116 0.0000000000
96055  39.557  2.092  30.079 0.0000000000
96056  40.075  2.225  29.665 0.0000000000
96057  40.538  2.394  29.234 0.0000000000
96058  40.837  2.587  28.813 0.0000000000
96059  41.351  2.401  29.240 0.0000000000
96060  42.200  2.465  29.338 0.0000000000
96061  43.073  2.583  29.464 0.0000000000
98406  39.648  11.899  21.710 0.0000000000
98407  40.272  11.608  21.496 0.0000000000
98408  40.006  11.163  21.610 0.0000000000
98409  40.378  10.437  21.505 0.0000000000
98410  40.746  9.742  21.359 0.0000000000
98411  40.977  6.887  21.169 0.0000000000
98412  41.132  7.338  20.969 0.0000000000
98413  41.643  6.677  20.845 0.0000000000
98414  42.304  6.477  20.526 0.0000000000
98415  42.896  6.275  20.166 0.0000000000
98416  43.448  6.104  19.756 0.0000000000
98417  43.388  5.641  20.086 0.0000000000
98418  43.962  5.037  19.985 0.0000000000
98419  44.713  4.550  19.979 0.0000000000
98420  45.346  4.209  20.060 0.0000000000
98421  44.708  4.291  20.428 0.0000000000
98422  44.668  4.081  20.892 0.0000000000
98423  44.603  3.876  21.269 0.0000000000
98424  42.740  3.977  22.765 0.0000000000
98425  43.410  3.783  22.479 0.0000000000
98426  43.438  3.721  22.858 0.0000000000
98427  44.150  3.543  22.958 0.0000000000
98428  44.767  3.440  23.054 0.0000000000
98429  45.557  3.408  23.180 0.0000000000
98430  44.824  3.498  23.466 0.0000000000
98431  44.912  3.550  23.833 0.0000000000
98432  44.942  3.586  24.161 0.0000000000
99238  38.101  21.347  25.258 0.0000000000
99239  37.573  20.870  25.031 0.0000000000
99240  37.805  20.868  25.546 0.0000000000
99241  37.497  20.435  25.774 0.0000000000
99242  37.194  19.942  25.941 0.0000000000
100335  34.394  13.250  33.470 0.0000000000
100336  34.292  12.578  33.405 0.0000000000
100359  42.641  -0.165  37.815 0.0000000000
100360  41.747  0.093  37.917 0.0000000000
100361  40.933  0.461  37.977 0.0000000000
100362  41.287  0.187  37.534 0.0000000000
100363  40.775  0.330  37.112 0.0000000000
100364  40.302  0.530  36.751 0.0000000000
100365  39.886  0.753  36.430 0.0000000000
100366  40.615  0.225  36.268 0.0000000000
100367  40.941  0.055  35.800 0.0000000000
100368  41.307  -0.017  35.309 0.0000000000
100372  43.989  0.107  33.573 0.0000000000
100373  43.435  0.366  33.335 0.0000000000
100374  42.807  0.583  32.960 0.0000000000
100375  43.769  0.590  32.965 0.0000000000
103710  47.204  11.651  17.979 0.0000000000
103711  47.090  11.092  17.208 0.0000000000
103712  42.715  10.514  20.723 0.0000000000
103713  43.023  10.865  20.699 0.0000000000
103714  43.332  10.233  20.314 0.0000000000
103715  43.871  9.964  19.822 0.0000000000
103716  44.288  9.785  19.215 0.0000000000
103717  45.787  7.400  16.478 0.0000000000
103718  45.473  8.082  16.900 0.0000000000
103719  45.957  7.787  16.303 0.0000000000
103720  46.148  8.214  16.144 0.0000000000
103721  46.372  8.588  15.993 0.0000000000
103722  46.607  8.936  15.889 0.0000000000
103723  46.728  8.274  15.325 0.0000000000
103752  48.163  3.549  20.183 0.0000000000
103753  48.837  3.625  19.736 0.0000000000
103754  48.937  3.572  20.210 0.0000000000
106187  36.866  17.727  21.827 0.0000000000
106188  37.198  18.149  21.552 0.0000000000
106189  37.235  17.475  21.513 0.0000000000
106190  37.640  17.227  21.202 0.0000000000
106191  38.118  16.987  21.001 0.0000000000
106192  38.603  16.739  20.841 0.0000000000
106193  38.175  16.356  21.086 0.0000000000
106194  38.322  15.712  21.239 0.0000000000
106195  38.485  15.098  21.405 0.0000000000
106196  38.672  14.467  21.548 0.0000000000
106197  38.172  14.705  21.694 0.0000000000
106198  37.847  14.256  21.925 0.0000000000
106199  37.575  13.810  22.166 0.0000000000
106200  35.584  13.229  23.300 0.0000000000
106201  36.006  13.088  23.058 0.0000000000
106202  35.740  12.500  23.335 0.0000000000
106203  35.903  11.779  23.337 0.0000000000
106204  36.090  11.045  23.287 0.0000000000
106205  36.332  10.277  23.206 0.0000000000
106206  35.825  10.435  23.510 0.0000000000
106207  35.620  9.852  23.717 0.0000000000
106208  35.435  9.242  23.953 0.0000000000
109452  41.951  21.451  29.066 0.0000000000
109453  41.286  21.144  28.773 0.0000000000
109457  38.123  19.301  27.791 0.0000000000
109458  37.735  19.300  27.407 0.0000000000
109459  37.383  19.278  27.052 0.0000000000
109460  37.063  18.850  27.260 0.0000000000
109461  36.442  18.405  27.075 0.0000000000
109462  35.900  17.997  26.898 0.0000000000
109468  33.295  14.672  29.186 0.0000000000
109469  33.713  15.264  29.238 0.0000000000
109470  33.461  15.001  28.742 0.0000000000
109471  33.660  15.319  28.321 0.0000000000
109472  33.932  15.639  27.900 0.0000000000
109473  34.199  16.017  27.483 0.0000000000
109474  33.779  15.342  27.397 0.0000000000
109475  33.721  15.091  26.905 0.0000000000
109476  33.720  14.853  26.391 0.0000000000
109477  33.779  14.663  25.930 0.0000000000
109478  33.478  14.274  26.303 0.0000000000
109479  33.329  13.571  26.236 0.0000000000
109480  33.222  12.848  26.169 0.0000000000
109481  32.620  9.904  27.148 0.0000000000
109482  32.771  10.385  26.742 0.0000000000
109483  32.874  9.586  26.657 0.0000000000
109484  33.174  9.331  26.181 0.0000000000
109485  33.545  9.093  25.736 0.0000000000
109486  33.981  8.852  25.299 0.0000000000
109487  33.793  8.388  25.650 0.0000000000
109488  34.129  7.662  25.586 0.0000000000
109489  34.543  6.962  25.540 0.0000000000
109545  41.937  1.666  41.583 0.0000000000
109546  41.694  2.004  42.078 0.0000000000
109547  41.144  1.871  41.584 0.0000000000
109548  40.313  2.266  41.660 0.0000000000
109549  39.649  2.746  41.715 0.0000000000
109579  34.835  9.095  35.017 0.0000000000
109580  34.605  9.546  34.642 0.0000000000
109581  34.369  9.965  34.245 0.0000000000
109582  34.317  9.111  34.260 0.0000000000
109583  34.083  8.694  33.883 0.0000000000
109584  33.797  8.231  33.444 0.0000000000
109585  38.115  1.914  35.067 0.0000000000
109586  37.444  2.643  35.201 0.0000000000
109587  37.635  2.272  34.733 0.0000000000
109588  37.078  2.628  34.425 0.0000000000
109589  36.566  2.945  34.145 0.0000000000
109590  36.197  2.829  32.207 0.0000000000
109591  35.925  3.037  32.660 0.0000000000
109592  35.513  3.423  32.307 0.0000000000
109593  34.871  4.050  32.391 0.0000000000
109594  34.284  4.755  32.479 0.0000000000
109595  33.829  5.597  32.511 0.0000000000
109596  33.917  5.158  31.953 0.0000000000
109597  33.577  5.568  31.440 0.0000000000
109598  33.264  6.004  30.889 0.0000000000
109599  32.989  6.428  30.362 0.0000000000
109600  33.410  5.640  30.331 0.0000000000
109601  33.622  5.320  29.778 0.0000000000
109602  33.875  5.062  29.233 0.0000000000
109603  36.884  3.152  28.065 0.0000000000
109604  36.072  3.517  28.034 0.0000000000
109605  36.598  3.439  27.517 0.0000000000
109606  36.318  3.789  27.075 0.0000000000
109607  36.082  4.172  26.629 0.0000000000
109608  35.885  4.589  26.228 0.0000000000
109609  36.622  4.104  26.196 0.0000000000
109610  37.185  4.066  25.756 0.0000000000
109611  37.799  4.052  25.372 0.0000000000
109612  38.292  4.092  24.978 0.0000000000
109613  38.468  3.788  25.420 0.0000000000
109614  39.192  3.605  25.485 0.0000000000
109615  39.964  3.525  25.512 0.0000000000
109616  42.317  3.367  27.248 0.0000000000
109617  42.042  3.378  26.682 0.0000000000
109618  42.762  3.534  26.851 0.0000000000
109619  43.263  3.704  26.437 0.0000000000
109620  43.781  3.813  26.039 0.0000000000
109621  44.383  3.868  25.650 0.0000000000
109622  44.577  4.024  26.145 0.0000000000
109623  45.261  4.284  26.376 0.0000000000
109624  46.000  4.596  26.608 0.0000000000
115578  38.538  9.874  22.163 0.0000000000
115579  39.126  9.661  21.894 0.0000000000
115580  38.858  9.138  22.007 0.0000000000
115581  39.290  8.421  21.856 0.0000000000
115582  39.788  7.745  21.655 0.0000000000
115583  38.997  7.425  22.260 0.0000000000
115584  39.642  7.279  21.878 0.0000000000
115585  40.316  7.086  21.499 0.0000000000
115586  40.876  6.432  21.450 0.0000000000
115587  41.508  5.797  21.429 0.0000000000
115588  42.196  5.203  21.443 0.0000000000
115589  42.764  4.705  21.455 0.0000000000
115590  42.149  4.906  21.750 0.0000000000
115591  42.051  4.682  22.058 0.0000000000
115592  42.037  4.472  22.346 0.0000000000
115593  40.681  4.991  22.614 0.0000000000
115594  41.388  4.624  22.589 0.0000000000
115595  42.067  4.283  22.656 0.0000000000
115596  42.017  4.120  23.011 0.0000000000
115597  41.998  3.998  23.367 0.0000000000
115598  42.008  3.883  23.754 0.0000000000
116228  39.541  21.610  26.803 0.0000000000
117100  44.453  -0.827  36.811 0.0000000000
117101  43.888  -0.769  36.301 0.0000000000
117102  43.347  -0.649  35.808 0.0000000000
117103  44.311  -0.836  35.771 0.0000000000
119702  45.447  13.181  21.018 0.0000000000
119703  45.640  12.363  20.656 0.0000000000
119704  45.755  11.725  20.061 0.0000000000
119705  43.926  7.956  18.882 0.0000000000
119706  44.049  8.381  18.748 0.0000000000
119707  44.338  7.716  18.306 0.0000000000
119708  44.751  7.474  17.760 0.0000000000
119709  45.172  7.242  17.214 0.0000000000
119710  45.634  6.202  17.258 0.0000000000
119711  45.573  6.567  16.955 0.0000000000
119712  45.676  6.994  16.707 0.0000000000
119713  46.187  6.752  16.155 0.0000000000
119714  46.685  6.535  15.592 0.0000000000
119715  47.173  6.266  14.969 0.0000000000
119716  47.630  6.029  14.339 0.0000000000
119717  47.672  5.718  14.709 0.0000000000
119720  48.478  4.773  15.408 0.0000000000
121626  37.171  20.588  22.988 0.0000000000
121628  36.890  19.963  22.767 0.0000000000
121629  36.684  19.309  22.563 0.0000000000
121630  36.610  18.670  22.356 0.0000000000
121631  36.169  18.369  23.083 0.0000000000
121632  36.343  18.156  22.651 0.0000000000
121633  36.558  17.926  22.217 0.0000000000
121634  36.555  17.251  22.124 0.0000000000
121635  36.570  16.610  22.094 0.0000000000
121636  36.627  15.961  22.118 0.0000000000
121637  36.745  15.339  22.182 0.0000000000
121638  36.358  15.523  22.429 0.0000000000
121639  36.118  15.057  22.736 0.0000000000
121640  35.848  14.513  23.006 0.0000000000
121641  35.472  15.349  23.322 0.0000000000
121642  35.462  14.653  23.300 0.0000000000
121643  35.497  13.960  23.278 0.0000000000
121644  35.203  13.381  23.599 0.0000000000
121645  34.929  12.832  23.906 0.0000000000
121646  34.645  12.226  24.227 0.0000000000
124176  37.855  18.719  28.799 0.0000000000
124177  37.174  18.376  28.705 0.0000000000
124181  33.694  14.866  30.572 0.0000000000
124182  33.444  14.567  30.085 0.0000000000
124183  33.073  13.521  30.418 0.0000000000
124184  33.113  13.892  30.005 0.0000000000
124185  33.189  14.295  29.582 0.0000000000
124186  32.971  13.941  29.079 0.0000000000
124187  32.837  13.635  28.595 0.0000000000
124188  32.753  13.296  28.097 0.0000000000
124189  32.807  12.957  27.556 0.0000000000
124190  32.634  12.528  27.965 0.0000000000
124191  32.501  11.775  27.862 0.0000000000
124192  32.424  11.043  27.791 0.0000000000
124193  32.358  10.921  28.714 0.0000000000
124194  32.351  10.587  28.221 0.0000000000
124195  32.435  10.249  27.687 0.0000000000
124196  32.510  9.446  27.580 0.0000000000
124197  32.654  8.670  27.493 0.0000000000
124198  32.927  7.897  27.381 0.0000000000
124242  39.740  1.745  39.704 0.0000000000
124243  39.581  2.092  40.226 0.0000000000
124244  39.178  2.356  39.856 0.0000000000
124247  38.189  3.687  39.364 0.0000000000
124271  34.899  6.961  35.521 0.0000000000
124272  34.728  6.591  35.156 0.0000000000
124273  39.093  1.173  33.227 0.0000000000
124274  38.305  1.572  33.417 0.0000000000
124275  38.573  1.448  32.942 0.0000000000
124276  37.998  1.746  32.654 0.0000000000
124277  37.415  2.028  32.364 0.0000000000
124278  38.700  1.657  31.694 0.0000000000
124279  37.788  1.926  31.923 0.0000000000
124280  36.960  2.330  32.091 0.0000000000
124281  36.436  2.695  31.672 0.0000000000
124282  35.995  3.038  31.219 0.0000000000
124283  35.535  3.367  30.712 0.0000000000
124284  35.148  3.690  30.191 0.0000000000
124285  35.883  3.192  30.144 0.0000000000
124286  36.271  3.044  29.618 0.0000000000
124287  36.741  2.947  29.091 0.0000000000
124288  38.089  2.434  29.676 0.0000000000
124289  37.671  2.654  29.124 0.0000000000
124290  37.255  2.894  28.595 0.0000000000
124291  37.756  2.916  28.118 0.0000000000
124292  38.266  2.952  27.648 0.0000000000
124293  38.892  2.997  27.224 0.0000000000
124294  39.341  3.114  26.809 0.0000000000
124295  39.662  2.974  27.281 0.0000000000
124296  40.412  3.001  27.373 0.0000000000
124297  41.173  3.052  27.520 0.0000000000
124298  41.217  2.796  28.436 0.0000000000
124299  41.562  3.009  28.044 0.0000000000
124300  41.899  3.200  27.650 0.0000000000
124301  42.614  3.362  27.838 0.0000000000
124302  43.364  3.553  27.980 0.0000000000
124303  44.123  3.797  28.187 0.0000000000
129666  40.872  13.548  21.149 0.0000000000
129667  41.531  13.229  21.038 0.0000000000
129668  41.150  12.835  21.178 0.0000000000
129669  41.448  12.175  21.161 0.0000000000
129670  41.778  11.472  21.080 0.0000000000
129671  40.841  11.319  21.337 0.0000000000
129672  41.481  11.050  21.147 0.0000000000
129673  42.132  10.744  20.926 0.0000000000
129674  42.517  10.098  20.659 0.0000000000
129675  42.869  9.507  20.267 0.0000000000
129676  43.148  8.887  19.841 0.0000000000
129677  39.820  9.458  21.678 0.0000000000
129678  40.492  9.267  21.433 0.0000000000
129679  41.112  9.035  21.103 0.0000000000
129680  41.322  7.836  20.802 0.0000000000
129681  41.516  8.347  20.765 0.0000000000
129682  41.738  8.855  20.743 0.0000000000
129683  42.394  8.642  20.339 0.0000000000
129684  42.944  8.439  19.922 0.0000000000
129685  43.435  8.237  19.469 0.0000000000
129686  43.810  7.544  19.092 0.0000000000
129687  44.149  6.864  18.768 0.0000000000
129688  44.566  6.225  18.584 0.0000000000
129689  43.989  5.920  19.281 0.0000000000
129690  44.556  5.764  18.869 0.0000000000
129691  45.087  5.614  18.461 0.0000000000
129692  45.774  5.028  18.283 0.0000000000
129693  46.438  4.591  18.288 0.0000000000
129694  47.184  4.202  18.239 0.0000000000
129695  47.858  3.984  18.197 0.0000000000
129696  47.242  4.000  18.667 0.0000000000
129697  47.291  3.878  19.150 0.0000000000
129698  47.356  3.732  19.670 0.0000000000
129699  46.014  3.940  20.097 0.0000000000
129700  46.707  3.743  20.113 0.0000000000
129701  47.422  3.608  20.142 0.0000000000
129702  47.476  3.504  20.583 0.0000000000
129705  43.361  4.286  21.518 0.0000000000
129706  43.962  3.973  21.556 0.0000000000
129707  44.619  3.728  21.609 0.0000000000
129708  44.059  3.651  22.202 0.0000000000
129709  44.684  3.571  21.953 0.0000000000
129710  45.353  3.530  21.685 0.0000000000
129711  46.091  3.392  21.717 0.0000000000
129717  46.399  3.409  23.285 0.0000000000
131424  37.200  20.749  23.521 0.0000000000
131425  36.879  20.261  23.810 0.0000000000
131426  36.594  19.755  24.055 0.0000000000
131427  37.096  20.372  24.824 0.0000000000
131428  36.694  19.835  24.546 0.0000000000
131429  36.351  19.248  24.284 0.0000000000
131430  36.087  18.719  24.516 0.0000000000
131431  35.867  18.241  24.699 0.0000000000
131432  35.500  17.676  24.909 0.0000000000
133734  33.944  14.625  31.960 0.0000000000
133735  33.685  13.925  31.850 0.0000000000
133737  33.751  13.578  32.222 0.0000000000
133738  33.486  13.256  31.772 0.0000000000
133739  33.296  12.545  31.677 0.0000000000
133740  33.116  11.774  31.613 0.0000000000
133741  32.972  10.989  31.582 0.0000000000
133774  43.959  1.822  42.496 0.0000000000
133775  43.424  1.651  42.013 0.0000000000
133777  43.697  1.304  41.518 0.0000000000
133778  42.855  1.524  41.579 0.0000000000
133779  42.199  1.335  41.074 0.0000000000
133780  41.601  1.201  40.590 0.0000000000
133781  41.019  1.173  40.099 0.0000000000
133789  41.287  0.858  39.617 0.0000000000
133790  40.494  1.234  39.626 0.0000000000
133791  40.040  1.426  39.272 0.0000000000
133792  39.664  1.612  38.918 0.0000000000
133793  39.312  1.881  38.586 0.0000000000
133794  40.184  0.957  38.035 0.0000000000
133795  39.533  1.520  38.096 0.0000000000
133796  39.005  2.176  38.215 0.0000000000
133797  38.617  2.490  37.883 0.0000000000
133798  38.209  2.788  37.566 0.0000000000
133799  37.837  3.126  37.252 0.0000000000
133800  37.490  3.446  37.008 0.0000000000
133801  38.014  2.739  36.794 0.0000000000
133802  38.179  2.366  36.345 0.0000000000
133803  38.339  1.975  35.971 0.0000000000
133804  39.445  1.033  36.104 0.0000000000
133805  39.039  1.324  35.796 0.0000000000
133806  38.581  1.597  35.446 0.0000000000
133807  38.801  1.302  34.942 0.0000000000
133808  39.052  1.083  34.481 0.0000000000
133809  39.315  0.963  34.041 0.0000000000
133810  42.717  -0.491  35.445 0.0000000000
133811  42.150  -0.296  35.107 0.0000000000
133812  41.635  -0.076  34.854 0.0000000000
133814  42.064  -0.034  34.452 0.0000000000
133815  41.144  0.201  34.591 0.0000000000
133816  40.634  0.424  34.287 0.0000000000
133817  40.173  0.623  33.930 0.0000000000
133818  39.645  0.884  33.574 0.0000000000
133819  40.016  0.832  33.105 0.0000000000
133820  40.355  0.874  32.663 0.0000000000
133821  40.705  0.961  32.261 0.0000000000
133822  42.188  0.759  32.546 0.0000000000
133823  41.625  0.919  32.142 0.0000000000
133824  41.140  1.091  31.824 0.0000000000
133825  41.639  1.240  31.392 0.0000000000
133826  42.157  1.423  31.036 0.0000000000
133827  42.667  1.655  30.680 0.0000000000
133828  43.010  1.870  30.387 0.0000000000
133829  43.491  1.722  30.713 0.0000000000
140759  42.177  12.955  20.984 0.0000000000
140760  42.814  12.665  20.921 0.0000000000
140761  43.426  12.360  20.906 0.0000000000
140762  43.382  11.171  20.727 0.0000000000
140763  43.730  11.587  20.712 0.0000000000
140764  44.118  11.985  20.782 0.0000000000
140765  44.757  11.627  20.479 0.0000000000
140766  45.316  11.319  19.949 0.0000000000
140767  45.790  11.195  19.339 0.0000000000
140768  44.228  8.805  18.628 0.0000000000
140769  44.429  9.194  18.550 0.0000000000
140770  44.715  9.617  18.555 0.0000000000
140771  45.273  8.762  17.376 0.0000000000
140772  45.137  9.410  17.941 0.0000000000
140773  45.057  9.978  18.571 0.0000000000
140774  45.382  10.350  18.599 0.0000000000
140775  45.784  10.692  18.596 0.0000000000
140776  46.173  11.075  18.667 0.0000000000
140777  46.489  10.948  17.958 0.0000000000
140778  46.750  10.714  17.185 0.0000000000
140779  47.045  10.473  16.473 0.0000000000
140780  46.814  9.396  15.827 0.0000000000
140781  47.069  9.797  15.755 0.0000000000
140782  47.360  10.191  15.681 0.0000000000
140783  47.653  9.864  14.830 0.0000000000
140795  48.070  5.807  13.657 0.0000000000
140841  48.546  3.855  18.187 0.0000000000
140844  49.451  3.667  19.246 0.0000000000
145770  42.000  15.277  20.548 0.0000000000
145771  41.545  14.908  20.689 0.0000000000
145772  41.097  14.519  20.832 0.0000000000
145785  37.553  18.545  21.260 0.0000000000
145793  40.164  16.558  20.399 0.0000000000
145794  39.144  16.462  20.704 0.0000000000
145795  39.690  16.184  20.614 0.0000000000
145796  40.255  15.951  20.560 0.0000000000
145797  40.394  15.355  20.714 0.0000000000
145798  40.534  14.758  20.867 0.0000000000
145799  40.658  14.155  21.014 0.0000000000
145800  40.297  13.763  21.226 0.0000000000
145801  39.963  13.358  21.409 0.0000000000
145802  39.664  12.959  21.604 0.0000000000
145803  38.880  13.814  21.676 0.0000000000
145804  39.108  13.152  21.787 0.0000000000
145805  39.366  12.500  21.766 0.0000000000
145806  39.107  12.037  21.913 0.0000000000
145807  38.856  11.554  22.081 0.0000000000
145808  38.601  11.035  22.217 0.0000000000
145809  36.881  14.663  22.256 0.0000000000
145810  37.088  14.000  22.339 0.0000000000
145811  37.310  13.306  22.435 0.0000000000
145812  36.501  12.936  22.864 0.0000000000
145813  37.036  12.762  22.712 0.0000000000
145814  37.542  12.579  22.508 0.0000000000
145815  37.789  11.835  22.505 0.0000000000
145816  38.063  11.153  22.431 0.0000000000
145817  38.313  10.498  22.307 0.0000000000
145818  37.970  9.956  22.409 0.0000000000
145819  37.700  9.411  22.566 0.0000000000
145820  37.483  8.880  22.764 0.0000000000
145821  36.610  9.621  23.131 0.0000000000
145822  36.938  8.977  23.059 0.0000000000
145823  37.282  8.397  22.998 0.0000000000
145824  37.135  7.862  23.249 0.0000000000
145825  37.066  7.324  23.495 0.0000000000
145826  37.032  6.763  23.740 0.0000000000
152342  40.028  21.622  27.231 0.0000000000
152343  39.395  21.279  27.024 0.0000000000
152345  41.004  20.786  28.831 0.0000000000
152346  40.568  20.815  28.461 0.0000000000
152348  39.853  20.438  28.162 0.0000000000
152349  40.117  20.840  28.046 0.0000000000
152350  39.683  20.891  27.646 0.0000000000
152351  39.214  20.894  27.217 0.0000000000
152352  38.781  20.903  26.833 0.0000000000
152353  38.158  20.508  26.632 0.0000000000
152354  37.578  20.033  26.409 0.0000000000
152355  37.027  19.554  26.124 0.0000000000
152356  37.047  19.247  26.690 0.0000000000
152357  36.738  19.197  26.290 0.0000000000
152358  36.472  19.032  25.859 0.0000000000
152359  35.981  18.482  25.614 0.0000000000
152360  35.570  17.907  25.378 0.0000000000
152361  35.169  17.213  25.170 0.0000000000
152369  36.798  18.105  29.087 0.0000000000
152370  36.496  18.006  28.639 0.0000000000
152374  34.138  15.825  29.281 0.0000000000
152378  35.851  17.586  28.550 0.0000000000
152379  36.178  17.889  28.171 0.0000000000
152380  35.897  17.759  27.722 0.0000000000
152381  35.589  17.633  27.225 0.0000000000
152382  35.372  17.478  26.765 0.0000000000
152383  34.516  16.399  27.083 0.0000000000
152384  34.861  16.821  26.692 0.0000000000
152385  35.150  17.224  26.322 0.0000000000
152386  34.982  17.016  25.916 0.0000000000
152387  34.877  16.824  25.483 0.0000000000
152388  34.855  16.605  25.008 0.0000000000
152389  34.621  15.939  24.899 0.0000000000
152390  34.439  15.263  24.782 0.0000000000
152391  34.306  14.609  24.676 0.0000000000
152392  33.864  14.418  25.473 0.0000000000
152393  34.010  14.228  25.029 0.0000000000
152394  34.224  13.964  24.630 0.0000000000
152395  34.233  13.250  24.567 0.0000000000
152396  34.277  12.546  24.588 0.0000000000
152397  34.348  11.758  24.573 0.0000000000
152398  32.874  12.680  27.004 0.0000000000
152399  32.970  12.403  26.515 0.0000000000
152400  33.158  12.128  26.101 0.0000000000
152401  32.948  10.918  26.388 0.0000000000
152402  33.163  11.363  26.035 0.0000000000
152403  33.417  11.832  25.664 0.0000000000
152404  33.748  11.579  25.221 0.0000000000
152405  34.070  11.253  24.883 0.0000000000
152406  34.471  10.969  24.494 0.0000000000
152407  34.663  10.217  24.378 0.0000000000
152408  34.916  9.515  24.282 0.0000000000
152409  35.173  8.827  24.264 0.0000000000
152410  34.452  8.603  24.904 0.0000000000
152411  34.972  8.381  24.555 0.0000000000
152412  35.533  8.158  24.195 0.0000000000
152413  35.945  7.532  24.126 0.0000000000
152414  36.389  6.935  24.078 0.0000000000
152415  36.870  6.365  24.035 0.0000000000
152527  41.464  2.369  42.616 0.0000000000
152533  39.385  2.485  40.715 0.0000000000
152534  39.266  2.938  41.225 0.0000000000
152535  39.167  3.368  41.726 0.0000000000
152537  38.769  4.004  41.902 0.0000000000
152538  39.077  3.735  42.312 0.0000000000
152539  39.050  4.055  42.922 0.0000000000
152597  34.455  12.096  33.791 0.0000000000
152598  34.076  11.725  33.339 0.0000000000
152599  34.148  10.365  33.821 0.0000000000
152600  33.948  10.838  33.351 0.0000000000
152601  33.734  11.321  32.872 0.0000000000
152602  33.421  10.906  32.426 0.0000000000
152603  33.122  10.496  32.045 0.0000000000
152604  32.886  10.069  31.568 0.0000000000
152605  37.065  3.804  36.698 0.0000000000
152606  36.573  4.270  36.349 0.0000000000
152607  36.146  4.615  36.061 0.0000000000
152608  36.799  3.423  35.361 0.0000000000
152609  36.194  4.188  35.580 0.0000000000
152610  35.715  4.968  35.759 0.0000000000
152611  35.306  5.370  35.431 0.0000000000
152612  34.953  5.740  35.100 0.0000000000
152613  34.628  6.114  34.763 0.0000000000
152614  37.448  2.079  33.565 0.0000000000
152615  36.711  2.627  33.712 0.0000000000
152616  36.050  3.296  33.893 0.0000000000
152617  35.744  3.307  33.134 0.0000000000
152618  35.604  3.613  33.634 0.0000000000
152619  35.424  4.011  34.066 0.0000000000
152620  34.913  4.805  34.221 0.0000000000
152621  34.551  5.624  34.352 0.0000000000
152622  34.331  6.507  34.382 0.0000000000
152623  34.097  6.967  33.984 0.0000000000
152624  33.812  7.368  33.474 0.0000000000
152625  33.548  7.771  32.995 0.0000000000
152626  33.588  6.405  32.562 0.0000000000
152627  33.355  7.289  32.494 0.0000000000
152628  33.288  8.167  32.488 0.0000000000
152629  33.042  8.680  31.986 0.0000000000
152630  32.842  9.159  31.514 0.0000000000
152631  32.667  9.632  31.045 0.0000000000
152632  32.528  9.207  30.502 0.0000000000
152633  32.456  8.784  29.989 0.0000000000
152634  32.414  8.374  29.471 0.0000000000
152635  32.799  6.919  29.890 0.0000000000
152636  32.626  7.429  29.383 0.0000000000
152637  32.547  8.001  28.943 0.0000000000
152638  32.730  7.641  28.397 0.0000000000
152639  32.954  7.359  27.829 0.0000000000
152640  33.255  7.056  27.318 0.0000000000
152641  34.782  3.999  29.715 0.0000000000
152642  34.426  4.388  29.207 0.0000000000
152643  34.187  4.830  28.683 0.0000000000
152644  35.281  4.005  28.061 0.0000000000
152645  34.579  4.609  28.113 0.0000000000
152646  33.988  5.284  28.209 0.0000000000
152647  33.829  5.742  27.714 0.0000000000
152648  33.699  6.224  27.246 0.0000000000
152649  33.624  6.767  26.818 0.0000000000
152650  34.064  6.534  26.342 0.0000000000
152651  34.555  6.414  25.908 0.0000000000
152652  35.106  6.217  25.500 0.0000000000
152653  35.753  5.058  25.808 0.0000000000
152654  35.707  5.544  25.439 0.0000000000
152655  35.677  6.052  25.070 0.0000000000
152656  36.225  5.897  24.692 0.0000000000
152657  36.848  5.809  24.338 0.0000000000
152658  37.492  5.718  23.980 0.0000000000
152659  38.044  5.212  23.941 0.0000000000
152660  38.646  4.815  23.886 0.0000000000
152661  39.233  4.490  23.892 0.0000000000
152662  38.852  4.097  24.619 0.0000000000
152663  39.377  4.163  24.261 0.0000000000
152664  39.943  4.197  23.928 0.0000000000
152665  40.685  3.994  23.985 0.0000000000
152666  41.428  3.861  24.069 0.0000000000
152667  42.160  3.758  24.170 0.0000000000
152668  39.787  3.237  26.385 0.0000000000
152669  40.218  3.375  25.949 0.0000000000
152670  40.733  3.460  25.590 0.0000000000
152671  41.763  3.433  26.143 0.0000000000
152672  41.497  3.470  25.659 0.0000000000
152673  41.267  3.520  25.237 0.0000000000
152674  41.793  3.612  24.834 0.0000000000
152675  42.336  3.682  24.522 0.0000000000
152676  42.883  3.712  24.217 0.0000000000
152677  43.658  3.654  24.306 0.0000000000
152678  44.453  3.624  24.437 0.0000000000
152679  45.276  3.688  24.583 0.0000000000
152680  44.994  3.874  25.302 0.0000000000
152681  45.561  3.860  25.006 0.0000000000
152682  46.129  3.823  24.753 0.0000000000
152683  46.976  3.972  24.973 0.0000000000
152686  43.313  2.117  30.119 0.0000000000
152687  43.649  2.410  29.843 0.0000000000
152688  43.945  2.713  29.584 0.0000000000
152690  44.829  2.875  29.723 0.0000000000
152691  44.190  3.014  29.343 0.0000000000
152692  44.411  3.354  29.045 0.0000000000
152693  44.648  3.715  28.721 0.0000000000
152694  44.897  4.061  28.383 0.0000000000
152702  45.677  4.335  28.566 0.0000000000
152703  45.240  4.362  28.009 0.0000000000
152704  45.704  4.622  27.609 0.0000000000
152705  46.189  4.828  27.208 0.0000000000
152706  46.823  4.954  26.857 0.0000000000
152708  47.667  5.338  27.121 0.0000000000
152709  47.503  4.950  26.599 0.0000000000
152710  48.179  4.920  26.341 0.0000000000
