#!ascii label  , from subject fsaverage vox2ras=TkReg coords=white
2099
42  22.497  0.625  63.941 0.0000000000
44  24.829  0.061  46.031 0.0000000000
162  19.736  -7.831  58.374 0.0000000000
163  21.849  -0.287  53.556 0.0000000000
164  23.447  -10.505  49.893 0.0000000000
171  30.068  -10.432  47.848 0.0000000000
381  37.308  -6.829  48.517 0.0000000000
643  21.388  -9.090  54.176 0.0000000000
644  24.318  -12.987  54.378 0.0000000000
651  27.986  -13.882  53.368 0.0000000000
845  22.279  -0.542  48.726 0.0000000000
846  21.598  4.457  50.256 0.0000000000
847  24.070  4.260  46.922 0.0000000000
853  18.198  -4.893  63.397 0.0000000000
872  27.789  -0.800  46.929 0.0000000000
873  34.279  -10.148  55.050 0.0000000000
874  33.378  -8.149  48.317 0.0000000000
875  37.917  -7.595  55.559 0.0000000000
876  41.962  -6.352  54.881 0.0000000000
1442  20.694  -3.465  60.804 0.0000000000
1443  22.645  -0.150  58.920 0.0000000000
1444  21.172  -4.449  56.239 0.0000000000
1445  21.980  -5.477  51.251 0.0000000000
1446  23.468  -5.516  46.479 0.0000000000
1450  17.545  -9.837  60.347 0.0000000000
1459  26.279  -6.361  44.666 0.0000000000
1460  26.525  -11.436  47.716 0.0000000000
1461  31.452  -12.499  53.665 0.0000000000
1589  41.514  -3.240  43.745 0.0000000000
1807  21.321  4.586  55.577 0.0000000000
1847  29.608  -5.467  44.683 0.0000000000
1850  41.574  -5.819  48.792 0.0000000000
2563  22.648  -12.081  55.904 0.0000000000
2564  24.751  -13.525  56.046 0.0000000000
2571  26.915  -14.344  56.271 0.0000000000
2764  23.141  2.504  62.833 0.0000000000
2765  23.258  -0.310  46.875 0.0000000000
2766  22.707  2.058  47.621 0.0000000000
2767  24.403  2.211  46.739 0.0000000000
2769  26.038  2.305  47.312 0.0000000000
2773  20.446  -2.059  63.706 0.0000000000
2791  27.094  1.842  48.475 0.0000000000
2792  26.339  -0.492  46.252 0.0000000000
2793  36.622  -9.347  58.620 0.0000000000
2794  36.174  -8.827  55.569 0.0000000000
2795  38.707  -8.142  58.704 0.0000000000
2796  40.416  -7.599  57.924 0.0000000000
3362  20.055  -5.425  59.394 0.0000000000
3363  21.154  -4.056  58.665 0.0000000000
3364  20.548  -6.056  57.260 0.0000000000
3365  22.342  -9.796  52.048 0.0000000000
3366  21.545  -7.441  52.693 0.0000000000
3367  22.388  -8.156  50.386 0.0000000000
3368  22.513  -5.613  48.705 0.0000000000
3369  23.301  -8.152  47.877 0.0000000000
3373  19.633  -11.303  59.287 0.0000000000
3375  18.795  -8.786  59.535 0.0000000000
3376  18.860  -6.279  60.736 0.0000000000
3391  24.535  -8.922  46.395 0.0000000000
3392  24.832  -11.311  48.594 0.0000000000
3394  29.807  -13.278  53.330 0.0000000000
3395  32.345  -13.095  56.861 0.0000000000
3396  33.736  -11.945  57.494 0.0000000000
3970  22.195  -0.004  56.151 0.0000000000
3971  22.220  2.472  57.254 0.0000000000
3972  21.618  2.460  54.615 0.0000000000
4058  27.925  -8.837  45.470 0.0000000000
4059  27.982  -6.218  44.768 0.0000000000
4060  29.760  -8.243  45.467 0.0000000000
4061  35.114  -7.217  48.320 0.0000000000
4062  33.130  -6.554  45.078 0.0000000000
4067  39.466  -6.425  48.629 0.0000000000
4069  43.595  -6.643  54.016 0.0000000000
5762  20.327  -10.287  58.000 0.0000000000
5763  20.547  -8.395  56.374 0.0000000000
5764  21.262  -10.494  55.890 0.0000000000
5765  22.417  -11.419  53.909 0.0000000000
5766  23.858  -12.031  51.967 0.0000000000
5779  25.472  -12.760  50.930 0.0000000000
5780  26.125  -13.701  53.548 0.0000000000
6127  21.905  -0.481  51.055 0.0000000000
6128  21.584  2.246  52.056 0.0000000000
6129  21.857  2.064  49.580 0.0000000000
6130  22.532  4.339  48.218 0.0000000000
6177  28.294  1.207  49.871 0.0000000000
6179  32.160  -10.587  51.241 0.0000000000
6180  31.720  -9.352  48.093 0.0000000000
6181  33.816  -9.424  51.740 0.0000000000
6182  35.426  -8.184  52.039 0.0000000000
6183  37.437  -7.164  52.123 0.0000000000
6184  39.549  -6.434  52.232 0.0000000000
6185  39.917  -6.640  55.379 0.0000000000
7202  21.791  -1.644  62.399 0.0000000000
7203  23.040  -0.178  61.933 0.0000000000
7204  22.081  -2.251  60.391 0.0000000000
7205  21.809  -2.413  57.702 0.0000000000
7206  21.645  -2.676  55.019 0.0000000000
7207  21.035  -6.736  54.996 0.0000000000
7208  21.479  -5.064  53.798 0.0000000000
7209  21.974  -2.817  52.360 0.0000000000
7210  22.228  -3.063  49.905 0.0000000000
7211  22.784  -3.068  47.568 0.0000000000
7212  23.932  -2.642  45.876 0.0000000000
7221  17.687  -7.149  61.606 0.0000000000
7222  19.409  -4.011  62.026 0.0000000000
7243  25.376  -3.105  45.201 0.0000000000
7244  24.684  -6.133  45.247 0.0000000000
7245  26.119  -9.267  45.638 0.0000000000
7246  28.298  -11.125  47.609 0.0000000000
7247  27.177  -12.927  50.381 0.0000000000
7248  29.035  -12.559  50.212 0.0000000000
7249  30.632  -11.761  50.693 0.0000000000
7250  32.785  -11.401  54.396 0.0000000000
7251  34.984  -10.659  58.080 0.0000000000
7547  39.052  -1.193  44.467 0.0000000000
7548  39.820  0.697  47.319 0.0000000000
7549  41.357  -0.487  44.770 0.0000000000
8053  23.052  2.305  60.110 0.0000000000
8054  22.044  4.459  58.261 0.0000000000
8056  21.240  4.614  52.840 0.0000000000
8165  26.950  -3.344  45.214 0.0000000000
8166  28.471  -3.073  45.635 0.0000000000
8167  29.792  -2.453  45.381 0.0000000000
8168  31.469  -7.430  45.404 0.0000000000
8169  31.220  -4.666  44.146 0.0000000000
8174  39.182  -3.750  43.425 0.0000000000
8175  41.646  -5.348  45.465 0.0000000000
8177  41.712  -5.971  52.255 0.0000000000
8178  43.897  -5.700  52.147 0.0000000000
10243  23.338  -12.678  56.904 0.0000000000
10244  24.867  -13.597  56.517 0.0000000000
10251  26.621  -14.263  57.341 0.0000000000
10442  22.380  1.837  64.371 0.0000000000
10444  22.971  1.523  63.481 0.0000000000
10445  23.999  -0.167  46.268 0.0000000000
10446  23.753  1.007  46.748 0.0000000000
10447  24.608  1.173  46.506 0.0000000000
10448  25.326  2.341  46.892 0.0000000000
10449  25.367  1.153  46.538 0.0000000000
10453  21.635  -0.734  63.955 0.0000000000
10455  21.762  0.298  64.554 0.0000000000
10471  26.042  0.962  46.869 0.0000000000
10472  25.605  -0.160  46.038 0.0000000000
10474  37.634  -8.632  58.768 0.0000000000
10475  38.952  -8.745  59.872 0.0000000000
10476  39.891  -8.494  59.459 0.0000000000
11042  19.819  -6.762  58.806 0.0000000000
11043  20.408  -5.477  58.523 0.0000000000
11044  20.269  -6.839  57.993 0.0000000000
11045  22.966  -10.383  51.139 0.0000000000
11046  22.301  -9.095  51.273 0.0000000000
11047  22.777  -9.264  50.021 0.0000000000
11048  22.792  -8.233  49.111 0.0000000000
11049  23.292  -9.385  48.812 0.0000000000
11053  19.487  -9.692  58.657 0.0000000000
11054  19.006  -10.098  59.196 0.0000000000
11055  19.314  -8.195  58.978 0.0000000000
11056  19.313  -7.140  59.448 0.0000000000
11071  23.926  -9.961  48.125 0.0000000000
11072  24.091  -10.938  49.099 0.0000000000
11076  33.430  -12.818  58.595 0.0000000000
11650  21.895  -0.125  54.866 0.0000000000
11651  21.979  1.251  55.413 0.0000000000
11652  21.684  1.122  54.120 0.0000000000
11738  28.905  -9.738  46.442 0.0000000000
11739  28.876  -8.568  45.470 0.0000000000
11740  29.881  -9.454  46.587 0.0000000000
11741  36.168  -6.994  48.405 0.0000000000
11742  35.127  -6.878  46.565 0.0000000000
11746  38.343  -6.564  46.811 0.0000000000
11747  38.372  -6.648  48.602 0.0000000000
13442  20.910  -11.240  58.135 0.0000000000
13443  20.774  -10.238  57.292 0.0000000000
13444  21.492  -11.129  57.375 0.0000000000
13445  23.546  -12.702  54.963 0.0000000000
13446  22.509  -11.907  54.882 0.0000000000
13447  23.379  -12.312  53.970 0.0000000000
13448  23.093  -11.672  52.834 0.0000000000
13449  24.101  -12.615  53.243 0.0000000000
13471  24.942  -13.010  52.733 0.0000000000
13472  25.186  -13.410  53.838 0.0000000000
13473  28.246  -14.503  58.258 0.0000000000
13474  27.775  -14.323  56.666 0.0000000000
14050  22.016  -0.436  49.867 0.0000000000
14051  21.859  0.811  50.337 0.0000000000
14052  22.054  0.868  49.080 0.0000000000
14053  23.311  3.198  47.218 0.0000000000
14054  22.682  3.336  47.887 0.0000000000
14055  23.246  4.237  47.427 0.0000000000
14057  23.870  5.313  46.956 0.0000000000
14073  17.238  -6.264  62.779 0.0000000000
14075  17.467  -5.187  63.729 0.0000000000
14133  27.354  0.383  47.836 0.0000000000
14134  27.606  1.536  49.270 0.0000000000
14135  28.073  0.171  48.416 0.0000000000
14136  28.932  0.366  48.834 0.0000000000
14137  28.599  -0.615  47.355 0.0000000000
14138  33.338  -10.418  53.126 0.0000000000
14139  33.027  -10.050  51.566 0.0000000000
14140  34.113  -9.833  53.409 0.0000000000
14141  37.053  -8.194  55.600 0.0000000000
14142  35.804  -8.540  53.803 0.0000000000
14143  36.649  -7.944  53.904 0.0000000000
14144  36.345  -7.633  52.113 0.0000000000
14145  37.551  -7.338  53.889 0.0000000000
14146  38.603  -6.839  53.872 0.0000000000
14147  38.846  -7.054  55.461 0.0000000000
14148  41.276  -8.313  58.114 0.0000000000
14149  41.276  -7.468  57.317 0.0000000000
15842  21.269  -2.505  61.638 0.0000000000
15843  22.077  -1.929  61.448 0.0000000000
15844  21.530  -2.902  60.586 0.0000000000
15845  21.096  -4.231  57.439 0.0000000000
15846  21.493  -3.284  58.233 0.0000000000
15847  21.477  -3.375  56.979 0.0000000000
15848  21.721  -2.527  56.383 0.0000000000
15849  21.472  -3.791  55.661 0.0000000000
15850  20.949  -8.824  55.235 0.0000000000
15851  20.789  -7.695  55.623 0.0000000000
15852  21.239  -7.986  54.548 0.0000000000
15853  21.773  -6.564  52.024 0.0000000000
15854  21.423  -6.320  53.216 0.0000000000
15855  21.737  -5.368  52.564 0.0000000000
15856  21.702  -3.850  53.136 0.0000000000
15857  21.991  -4.181  51.766 0.0000000000
15858  22.121  -2.907  51.116 0.0000000000
15859  22.179  -4.108  50.450 0.0000000000
15860  22.912  -5.692  47.509 0.0000000000
15861  22.620  -4.342  48.009 0.0000000000
15862  23.093  -4.329  46.998 0.0000000000
15863  23.263  -2.846  46.652 0.0000000000
15864  23.614  -4.066  46.019 0.0000000000
15876  17.864  -11.199  60.204 0.0000000000
15880  16.824  -10.210  60.625 0.0000000000
15881  16.840  -8.820  61.265 0.0000000000
15882  17.598  -8.470  60.955 0.0000000000
15883  19.662  -4.686  60.701 0.0000000000
15884  19.052  -5.190  61.329 0.0000000000
15885  20.118  -3.571  61.341 0.0000000000
15886  20.609  -2.593  62.174 0.0000000000
15931  24.229  -4.436  45.525 0.0000000000
15932  24.028  -5.770  45.776 0.0000000000
15933  25.425  -10.297  46.853 0.0000000000
15934  25.298  -9.168  45.917 0.0000000000
15935  26.251  -10.291  46.510 0.0000000000
15936  27.174  -10.317  46.410 0.0000000000
15937  27.441  -11.359  47.612 0.0000000000
15938  26.700  -13.537  52.105 0.0000000000
15939  26.280  -12.825  50.594 0.0000000000
15940  27.584  -13.475  51.813 0.0000000000
15941  30.561  -12.895  53.457 0.0000000000
15942  29.410  -12.937  51.652 0.0000000000
15943  30.274  -12.570  51.804 0.0000000000
15944  29.879  -12.144  50.315 0.0000000000
15945  31.046  -12.184  52.144 0.0000000000
15946  31.746  -11.670  52.474 0.0000000000
15947  32.120  -12.040  54.051 0.0000000000
15949  34.347  -11.321  57.790 0.0000000000
15950  35.507  -10.902  59.559 0.0000000000
15951  36.223  -10.344  59.798 0.0000000000
16583  40.154  -2.216  43.690 0.0000000000
16584  40.192  -0.878  44.545 0.0000000000
16585  41.471  -1.844  43.933 0.0000000000
17665  22.876  -0.228  60.527 0.0000000000
17666  23.167  0.993  61.082 0.0000000000
17667  22.884  1.186  59.521 0.0000000000
17668  21.748  3.552  56.459 0.0000000000
17669  22.119  3.550  57.777 0.0000000000
17670  21.551  4.574  56.918 0.0000000000
17671  21.491  5.624  57.334 0.0000000000
17672  21.259  5.655  55.982 0.0000000000
17673  21.565  3.411  51.226 0.0000000000
17674  21.368  3.494  52.420 0.0000000000
17675  21.443  4.553  51.501 0.0000000000
17933  25.784  -4.797  44.866 0.0000000000
17934  26.209  -3.313  45.161 0.0000000000
17935  26.483  -4.862  44.743 0.0000000000
17936  28.859  -5.818  44.839 0.0000000000
17937  28.173  -4.654  45.079 0.0000000000
17938  28.924  -4.263  44.996 0.0000000000
17939  29.105  -2.812  45.533 0.0000000000
17940  29.614  -3.952  44.811 0.0000000000
17941  32.531  -8.719  48.251 0.0000000000
17942  31.649  -8.443  46.647 0.0000000000
17943  32.442  -7.962  46.646 0.0000000000
17944  33.033  -5.524  44.096 0.0000000000
17945  32.156  -5.683  44.237 0.0000000000
17958  40.556  -6.027  46.912 0.0000000000
17959  40.523  -5.645  45.218 0.0000000000
17960  41.584  -5.747  47.076 0.0000000000
17961  42.705  -5.383  47.367 0.0000000000
17962  42.663  -5.491  49.042 0.0000000000
17963  40.765  -6.208  53.826 0.0000000000
17964  40.647  -6.164  52.261 0.0000000000
17965  41.838  -6.062  53.715 0.0000000000
17967  43.823  -6.145  53.238 0.0000000000
23042  22.533  -12.441  58.968 0.0000000000
23043  21.837  -11.750  57.209 0.0000000000
23044  22.699  -12.261  57.500 0.0000000000
23045  23.576  -12.624  55.870 0.0000000000
23046  24.539  -13.280  55.379 0.0000000000
23059  25.603  -13.715  55.298 0.0000000000
23060  25.881  -13.984  56.159 0.0000000000
23061  27.457  -14.437  57.867 0.0000000000
23406  23.084  3.574  61.958 0.0000000000
23407  22.711  -0.368  47.632 0.0000000000
23408  22.404  0.827  48.096 0.0000000000
23409  22.986  0.916  47.245 0.0000000000
23410  23.462  2.051  46.982 0.0000000000
23411  24.214  3.226  46.836 0.0000000000
23414  25.977  3.292  47.321 0.0000000000
23415  26.723  3.420  48.040 0.0000000000
23421  19.320  -3.440  63.644 0.0000000000
23456  26.580  2.143  47.903 0.0000000000
23457  26.730  0.734  47.336 0.0000000000
23458  27.070  -0.705  46.586 0.0000000000
23459  35.371  -9.705  56.844 0.0000000000
23460  35.208  -9.459  55.331 0.0000000000
23461  36.421  -8.985  57.129 0.0000000000
23462  37.410  -8.358  57.274 0.0000000000
23463  38.323  -7.855  57.250 0.0000000000
23464  39.256  -7.395  57.027 0.0000000000
23465  39.581  -7.805  58.394 0.0000000000
23466  40.626  -8.354  58.861 0.0000000000
24482  20.306  -4.419  60.002 0.0000000000
24483  21.085  -3.751  59.744 0.0000000000
24484  20.653  -4.598  59.074 0.0000000000
24485  20.741  -4.914  57.905 0.0000000000
24486  20.932  -5.291  56.699 0.0000000000
24487  21.880  -9.643  53.131 0.0000000000
24488  21.577  -8.465  53.528 0.0000000000
24489  21.864  -8.752  52.413 0.0000000000
24490  22.033  -7.633  51.562 0.0000000000
24491  22.090  -6.703  50.695 0.0000000000
24492  22.187  -5.553  49.955 0.0000000000
24493  22.413  -6.857  49.427 0.0000000000
24494  22.861  -7.051  48.294 0.0000000000
24495  23.292  -6.923  47.108 0.0000000000
24503  19.080  -11.828  59.877 0.0000000000
24505  18.197  -9.211  60.077 0.0000000000
24506  18.240  -8.012  60.627 0.0000000000
24507  18.714  -7.466  60.139 0.0000000000
24508  19.409  -5.791  60.100 0.0000000000
24535  23.876  -7.244  46.280 0.0000000000
24536  23.859  -8.653  47.089 0.0000000000
24537  24.627  -10.152  47.356 0.0000000000
24538  25.634  -11.317  47.964 0.0000000000
24539  29.333  -14.022  55.098 0.0000000000
24540  28.924  -13.634  53.277 0.0000000000
24542  31.122  -13.248  55.065 0.0000000000
24543  31.934  -12.716  55.288 0.0000000000
24544  32.616  -12.268  55.497 0.0000000000
24545  33.079  -12.468  57.077 0.0000000000
24546  34.068  -12.215  58.860 0.0000000000
25576  22.287  -0.070  57.559 0.0000000000
25577  22.535  1.272  58.103 0.0000000000
25578  22.274  1.303  56.725 0.0000000000
25579  21.839  2.435  55.978 0.0000000000
25580  21.488  3.509  55.118 0.0000000000
25582  21.412  5.634  50.598 0.0000000000
25736  27.018  -7.662  44.738 0.0000000000
25737  27.107  -6.347  44.679 0.0000000000
25738  27.917  -7.498  44.837 0.0000000000
25739  28.851  -7.136  44.874 0.0000000000
25740  29.667  -6.940  44.858 0.0000000000
25741  34.219  -7.625  48.332 0.0000000000
25742  33.254  -7.409  46.619 0.0000000000
25743  34.150  -7.033  46.548 0.0000000000
25752  39.424  -6.329  46.798 0.0000000000
25753  40.511  -6.139  48.695 0.0000000000
25754  42.732  -7.034  55.250 0.0000000000
25755  42.862  -6.444  54.462 0.0000000000
28802  19.934  -9.298  58.049 0.0000000000
28803  20.142  -7.869  57.572 0.0000000000
28804  20.323  -9.006  57.324 0.0000000000
28805  20.871  -9.383  56.123 0.0000000000
28806  21.342  -9.888  54.964 0.0000000000
28807  22.054  -11.652  56.222 0.0000000000
28808  21.943  -11.088  54.987 0.0000000000
28809  21.896  -10.380  54.100 0.0000000000
28810  22.414  -10.715  53.024 0.0000000000
28811  23.007  -11.193  52.053 0.0000000000
28812  23.660  -11.351  50.905 0.0000000000
28821  20.424  -12.170  59.629 0.0000000000
28822  20.040  -10.729  58.649 0.0000000000
28843  24.398  -11.879  50.226 0.0000000000
28844  24.656  -12.544  51.576 0.0000000000
28845  25.760  -13.238  52.423 0.0000000000
28846  26.939  -13.850  53.618 0.0000000000
28847  26.506  -13.929  55.061 0.0000000000
28848  27.305  -14.195  54.958 0.0000000000
28849  28.332  -14.119  54.934 0.0000000000
29653  21.797  -0.392  52.349 0.0000000000
29654  21.636  1.039  52.807 0.0000000000
29655  21.662  0.930  51.569 0.0000000000
29656  21.677  2.197  50.778 0.0000000000
29657  21.801  3.317  49.987 0.0000000000
29658  22.158  2.103  48.439 0.0000000000
29659  22.135  3.275  48.869 0.0000000000
29660  22.007  4.473  49.177 0.0000000000
29771  27.606  3.121  49.628 0.0000000000
29773  28.643  2.510  51.172 0.0000000000
29774  29.227  1.268  50.438 0.0000000000
29777  31.144  -10.684  49.497 0.0000000000
29778  30.899  -9.855  47.981 0.0000000000
29779  31.940  -10.054  49.712 0.0000000000
29780  32.733  -9.495  49.854 0.0000000000
29781  33.546  -8.790  50.000 0.0000000000
29782  35.037  -9.209  53.651 0.0000000000
29783  34.615  -8.783  51.919 0.0000000000
29784  34.375  -8.253  50.133 0.0000000000
29785  35.210  -7.703  50.213 0.0000000000
29786  36.229  -7.301  50.155 0.0000000000
29787  37.350  -6.995  50.354 0.0000000000
29788  38.440  -6.700  50.410 0.0000000000
29789  38.456  -6.752  52.181 0.0000000000
29790  39.697  -6.460  53.823 0.0000000000
29791  40.963  -6.408  55.163 0.0000000000
29792  40.186  -7.031  56.720 0.0000000000
29793  41.198  -6.806  56.376 0.0000000000
29794  42.019  -6.840  55.845 0.0000000000
32162  22.230  -0.580  63.249 0.0000000000
32163  22.925  0.217  63.000 0.0000000000
32164  22.545  -0.930  62.341 0.0000000000
32165  22.504  -1.362  61.136 0.0000000000
32166  22.391  -1.282  59.765 0.0000000000
32167  21.548  -3.168  59.415 0.0000000000
32168  21.936  -2.290  58.982 0.0000000000
32169  22.160  -1.397  58.351 0.0000000000
32170  21.992  -1.370  56.936 0.0000000000
32171  21.959  -1.262  55.540 0.0000000000
32172  21.902  -1.525  54.310 0.0000000000
32173  20.476  -7.330  56.683 0.0000000000
32174  20.805  -6.221  56.101 0.0000000000
32175  20.995  -5.688  55.485 0.0000000000
32176  21.366  -7.154  53.908 0.0000000000
32177  21.226  -5.983  54.373 0.0000000000
32178  21.411  -4.851  55.002 0.0000000000
32179  21.543  -3.798  54.418 0.0000000000
32180  21.863  -2.636  53.638 0.0000000000
32181  21.943  -1.524  53.005 0.0000000000
32182  22.004  -1.577  51.767 0.0000000000
32183  22.082  -1.725  50.510 0.0000000000
32184  22.286  -1.791  49.321 0.0000000000
32185  22.332  -4.342  49.220 0.0000000000
32186  22.517  -3.167  48.697 0.0000000000
32187  22.546  -1.810  48.172 0.0000000000
32188  22.986  -1.664  47.178 0.0000000000
32189  23.569  -1.439  46.351 0.0000000000
32190  24.339  -1.251  45.804 0.0000000000
32213  17.920  -5.922  62.398 0.0000000000
32214  18.371  -6.679  61.315 0.0000000000
32215  18.532  -5.595  61.977 0.0000000000
32216  18.933  -4.468  62.892 0.0000000000
32217  19.865  -3.001  62.891 0.0000000000
32218  21.185  -1.684  63.087 0.0000000000
32275  25.064  -1.519  45.553 0.0000000000
32276  24.593  -2.993  45.493 0.0000000000
32277  24.960  -4.627  45.100 0.0000000000
32278  25.473  -6.272  44.854 0.0000000000
32279  24.566  -7.636  45.706 0.0000000000
32280  25.285  -7.741  45.205 0.0000000000
32281  26.161  -7.785  44.902 0.0000000000
32282  27.063  -9.098  45.474 0.0000000000
32283  28.063  -10.041  46.308 0.0000000000
32284  29.160  -10.821  47.629 0.0000000000
32285  25.100  -12.099  49.592 0.0000000000
32286  25.952  -12.187  49.259 0.0000000000
32287  26.840  -12.267  48.985 0.0000000000
32288  28.535  -13.247  51.612 0.0000000000
32289  28.139  -12.785  50.229 0.0000000000
32290  27.760  -12.180  48.813 0.0000000000
32291  28.585  -12.021  48.896 0.0000000000
32292  29.490  -11.646  48.972 0.0000000000
32293  30.310  -11.164  49.308 0.0000000000
32294  31.431  -11.200  50.988 0.0000000000
32295  32.523  -11.039  52.813 0.0000000000
32296  33.544  -10.759  54.768 0.0000000000
32297  33.316  -11.732  55.910 0.0000000000
32298  33.991  -11.065  56.296 0.0000000000
32299  34.623  -10.414  56.603 0.0000000000
32300  35.751  -9.991  58.351 0.0000000000
32301  37.001  -9.743  60.006 0.0000000000
33101  38.207  -0.295  45.841 0.0000000000
33103  39.353  -0.150  45.849 0.0000000000
33104  40.448  0.119  45.901 0.0000000000
33105  41.559  0.528  45.987 0.0000000000
33106  42.761  -1.410  44.241 0.0000000000
33107  42.546  -0.114  45.055 0.0000000000
34471  23.146  1.134  62.522 0.0000000000
34472  23.246  2.222  61.621 0.0000000000
34473  22.917  3.517  60.634 0.0000000000
34474  22.557  2.415  58.628 0.0000000000
34475  22.569  3.554  59.158 0.0000000000
34480  21.548  2.325  53.337 0.0000000000
34481  21.363  3.509  53.753 0.0000000000
34482  21.220  4.640  54.177 0.0000000000
34483  21.168  5.764  51.816 0.0000000000
34799  25.878  -1.732  45.541 0.0000000000
34800  26.678  -1.895  45.602 0.0000000000
34801  27.406  -1.981  45.859 0.0000000000
34802  27.360  -4.794  44.934 0.0000000000
34803  27.716  -3.320  45.447 0.0000000000
34804  28.187  -1.850  46.197 0.0000000000
34805  28.907  -1.503  46.367 0.0000000000
34806  29.590  -1.116  46.364 0.0000000000
34807  30.282  -0.776  46.282 0.0000000000
34808  30.834  -9.030  46.514 0.0000000000
34809  30.676  -7.797  45.361 0.0000000000
34810  30.502  -6.457  44.717 0.0000000000
34811  32.311  -6.941  45.224 0.0000000000
34812  31.338  -6.045  44.557 0.0000000000
34813  30.381  -5.104  44.461 0.0000000000
34814  30.435  -3.525  44.574 0.0000000000
34826  38.058  -1.434  44.523 0.0000000000
34827  39.078  -2.446  43.565 0.0000000000
34828  40.309  -3.508  43.530 0.0000000000
34829  39.300  -5.047  43.934 0.0000000000
34830  40.481  -4.772  44.038 0.0000000000
34831  41.656  -4.477  44.321 0.0000000000
34832  42.820  -4.998  45.853 0.0000000000
34835  39.495  -6.438  50.493 0.0000000000
34836  40.598  -6.224  50.577 0.0000000000
34837  41.674  -5.938  50.608 0.0000000000
34838  42.842  -5.995  53.482 0.0000000000
34839  42.767  -5.815  52.184 0.0000000000
34840  42.787  -5.620  50.707 0.0000000000
41162  22.483  1.257  64.202 0.0000000000
41163  22.737  1.746  63.983 0.0000000000
41164  22.881  1.142  63.766 0.0000000000
41165  24.413  -0.099  46.152 0.0000000000
41166  24.276  0.496  46.351 0.0000000000
41167  24.731  0.579  46.250 0.0000000000
41168  24.988  1.190  46.450 0.0000000000
41169  25.102  0.649  46.247 0.0000000000
41173  22.124  -0.104  63.977 0.0000000000
41174  21.731  -0.237  64.295 0.0000000000
41175  22.172  0.477  64.289 0.0000000000
41176  22.079  1.087  64.453 0.0000000000
41191  25.494  0.521  46.297 0.0000000000
41192  25.221  -0.160  45.965 0.0000000000
41762  19.762  -7.209  58.591 0.0000000000
41763  19.941  -6.833  58.268 0.0000000000
41764  19.930  -7.404  58.110 0.0000000000
41765  23.109  -10.333  50.365 0.0000000000
41766  22.897  -9.837  50.589 0.0000000000
41767  23.056  -9.835  49.826 0.0000000000
41768  23.057  -9.352  49.362 0.0000000000
41769  23.315  -9.938  49.299 0.0000000000
41773  19.602  -8.624  58.542 0.0000000000
41774  19.316  -8.960  58.820 0.0000000000
41775  19.529  -8.017  58.712 0.0000000000
41776  19.520  -7.445  58.889 0.0000000000
41791  23.692  -10.174  48.903 0.0000000000
41792  23.771  -10.666  49.405 0.0000000000
42370  21.827  -0.155  54.203 0.0000000000
42371  21.841  0.562  54.487 0.0000000000
42372  21.750  0.499  53.832 0.0000000000
42458  29.477  -10.177  47.129 0.0000000000
42459  29.402  -9.594  46.536 0.0000000000
42460  29.927  -9.927  47.125 0.0000000000
42461  36.720  -6.920  48.446 0.0000000000
42462  36.157  -6.931  47.473 0.0000000000
42463  36.706  -6.882  47.602 0.0000000000
42464  36.719  -6.796  46.686 0.0000000000
42465  37.260  -6.809  47.679 0.0000000000
42466  37.813  -6.725  47.694 0.0000000000
42467  37.842  -6.738  48.553 0.0000000000
44162  21.286  -11.603  58.335 0.0000000000
44163  21.135  -11.101  57.873 0.0000000000
44164  21.436  -11.542  57.916 0.0000000000
44165  23.868  -12.873  54.615 0.0000000000
44166  23.432  -12.531  54.447 0.0000000000
44167  23.745  -12.665  54.035 0.0000000000
44168  23.669  -12.432  53.445 0.0000000000
44169  24.216  -12.846  53.871 0.0000000000
44173  22.024  -12.219  59.204 0.0000000000
44174  21.968  -12.542  59.634 0.0000000000
44175  21.408  -12.023  58.925 0.0000000000
44176  20.961  -11.672  58.696 0.0000000000
44191  24.583  -13.167  53.480 0.0000000000
44192  24.754  -13.320  53.880 0.0000000000
44770  22.163  -0.519  49.262 0.0000000000
44771  22.023  0.106  49.500 0.0000000000
44772  22.111  0.186  48.885 0.0000000000
44773  23.646  3.711  47.070 0.0000000000
44774  23.314  3.778  47.335 0.0000000000
44775  23.598  4.304  47.153 0.0000000000
44776  23.532  4.754  47.177 0.0000000000
44777  23.966  4.797  46.903 0.0000000000
44778  24.351  5.280  46.719 0.0000000000
44779  24.496  4.782  46.830 0.0000000000
44793  17.660  -5.620  63.002 0.0000000000
44794  17.348  -5.737  63.207 0.0000000000
44795  17.823  -5.037  63.551 0.0000000000
44853  27.587  -0.262  47.452 0.0000000000
44854  27.700  0.259  48.122 0.0000000000
44855  27.922  -0.304  47.678 0.0000000000
44856  28.351  -0.267  47.838 0.0000000000
44857  28.184  -0.820  47.090 0.0000000000
44858  33.785  -10.346  54.091 0.0000000000
44859  33.754  -10.124  53.258 0.0000000000
44860  34.273  -9.978  54.257 0.0000000000
44861  37.502  -7.890  55.602 0.0000000000
44862  36.871  -8.051  54.730 0.0000000000
44863  37.331  -7.744  54.711 0.0000000000
44864  37.094  -7.655  53.888 0.0000000000
44865  37.759  -7.475  54.707 0.0000000000
44866  38.209  -7.202  54.676 0.0000000000
44867  38.338  -7.337  55.525 0.0000000000
46562  20.971  -2.973  61.226 0.0000000000
46563  21.390  -2.712  61.045 0.0000000000
46564  21.179  -3.145  60.650 0.0000000000
46565  21.149  -4.395  56.770 0.0000000000
46566  21.285  -3.791  57.153 0.0000000000
46567  21.319  -4.019  56.598 0.0000000000
46568  21.424  -3.589  56.288 0.0000000000
46569  21.439  -4.175  55.971 0.0000000000
46570  21.220  -8.985  54.709 0.0000000000
46571  21.015  -8.366  54.858 0.0000000000
46572  21.278  -8.743  54.324 0.0000000000
46573  21.878  -6.070  51.625 0.0000000000
46574  21.793  -5.954  52.337 0.0000000000
46575  21.952  -5.370  51.953 0.0000000000
46576  21.802  -4.714  52.179 0.0000000000
46577  21.982  -4.689  51.519 0.0000000000
46578  22.103  -4.127  51.079 0.0000000000
46579  22.065  -4.867  50.824 0.0000000000
46580  23.132  -5.583  46.965 0.0000000000
46581  23.026  -5.033  47.231 0.0000000000
46582  23.215  -4.930  46.745 0.0000000000
46583  23.299  -4.260  46.570 0.0000000000
46584  23.513  -4.777  46.197 0.0000000000
46596  17.700  -10.475  60.225 0.0000000000
46597  17.562  -11.471  60.264 0.0000000000
46598  17.390  -10.772  60.332 0.0000000000
46599  16.968  -10.891  60.528 0.0000000000
46600  17.291  -10.005  60.558 0.0000000000
46601  17.236  -9.317  60.808 0.0000000000
46602  17.543  -9.136  60.621 0.0000000000
46603  20.230  -3.998  60.676 0.0000000000
46604  19.905  -4.146  60.956 0.0000000000
46605  20.469  -3.524  61.043 0.0000000000
46606  20.739  -3.033  61.431 0.0000000000
46651  23.779  -5.029  45.948 0.0000000000
46652  23.654  -5.811  46.128 0.0000000000
46653  25.935  -10.954  47.286 0.0000000000
46654  25.788  -10.450  46.788 0.0000000000
46655  26.401  -10.917  47.003 0.0000000000
46656  26.907  -10.957  47.019 0.0000000000
46657  26.998  -11.384  47.668 0.0000000000
46658  27.332  -13.682  52.631 0.0000000000
46659  27.182  -13.421  51.855 0.0000000000
46660  27.848  -13.633  52.388 0.0000000000
46661  31.001  -12.697  53.578 0.0000000000
46662  30.451  -12.777  52.683 0.0000000000
46663  30.792  -12.606  52.815 0.0000000000
46664  30.664  -12.353  51.972 0.0000000000
46665  31.215  -12.315  52.904 0.0000000000
46666  31.578  -12.116  53.068 0.0000000000
46667  31.821  -12.204  53.786 0.0000000000
47303  40.819  -2.733  43.630 0.0000000000
47304  40.821  -2.025  43.804 0.0000000000
47305  41.485  -2.587  43.700 0.0000000000
48385  22.763  -0.227  59.671 0.0000000000
48386  22.953  0.463  60.010 0.0000000000
48387  22.774  0.526  59.237 0.0000000000
48388  21.536  4.061  56.036 0.0000000000
48389  21.649  4.072  56.703 0.0000000000
48390  21.469  4.573  56.260 0.0000000000
48391  21.425  5.050  56.485 0.0000000000
48392  21.333  5.126  55.766 0.0000000000
48393  21.628  3.902  50.759 0.0000000000
48394  21.396  3.934  51.328 0.0000000000
48395  21.476  4.483  50.962 0.0000000000
48653  25.987  -5.630  44.662 0.0000000000
48654  26.137  -4.819  44.761 0.0000000000
48655  26.388  -5.565  44.660 0.0000000000
48656  29.251  -5.646  44.749 0.0000000000
48657  28.889  -5.088  44.934 0.0000000000
48658  29.237  -4.936  44.826 0.0000000000
48659  29.294  -4.153  45.015 0.0000000000
48660  29.593  -4.721  44.682 0.0000000000
48661  32.974  -8.460  48.283 0.0000000000
48662  32.498  -8.283  47.420 0.0000000000
48663  32.940  -8.024  47.391 0.0000000000
48678  41.075  -5.942  47.824 0.0000000000
48679  41.060  -5.896  46.993 0.0000000000
48680  41.591  -5.809  47.902 0.0000000000
48681  42.133  -5.621  48.014 0.0000000000
48682  42.132  -5.639  48.890 0.0000000000
48683  41.390  -6.201  54.438 0.0000000000
48684  41.312  -6.135  53.766 0.0000000000
48685  41.898  -6.169  54.329 0.0000000000
53765  24.301  -13.203  56.538 0.0000000000
53766  23.331  -12.782  56.431 0.0000000000
53767  24.066  -13.229  55.933 0.0000000000
53768  23.984  -13.188  55.582 0.0000000000
53769  24.662  -13.424  55.759 0.0000000000
53791  25.085  -13.744  55.495 0.0000000000
53792  25.367  -13.638  56.256 0.0000000000
54365  22.977  2.808  63.436 0.0000000000
54366  22.782  3.392  63.559 0.0000000000
54367  22.990  3.252  63.018 0.0000000000
54368  23.020  3.890  62.567 0.0000000000
54369  23.111  3.071  62.455 0.0000000000
54370  22.933  -0.402  47.187 0.0000000000
54371  22.833  0.342  47.431 0.0000000000
54372  23.114  0.264  47.055 0.0000000000
54373  23.972  1.594  46.715 0.0000000000
54374  23.590  1.569  46.830 0.0000000000
54375  23.915  2.125  46.778 0.0000000000
54376  23.800  2.675  46.869 0.0000000000
54377  24.235  2.669  46.758 0.0000000000
54378  24.668  3.242  46.725 0.0000000000
54379  24.767  2.743  46.784 0.0000000000
54380  25.578  2.357  47.042 0.0000000000
54381  25.642  2.841  47.114 0.0000000000
54382  25.968  2.836  47.344 0.0000000000
54383  26.391  3.337  47.614 0.0000000000
54384  26.389  2.819  47.680 0.0000000000
54393  19.923  -2.715  63.709 0.0000000000
54394  19.521  -2.973  64.037 0.0000000000
54395  20.182  -2.216  64.139 0.0000000000
54451  26.605  2.774  47.934 0.0000000000
54452  26.296  2.255  47.519 0.0000000000
54453  26.203  0.338  46.630 0.0000000000
54454  26.413  0.927  47.147 0.0000000000
54455  26.528  0.108  46.765 0.0000000000
54456  26.861  -0.014  46.979 0.0000000000
54457  26.696  -0.535  46.442 0.0000000000
54458  36.002  -9.489  57.777 0.0000000000
54459  35.916  -9.319  56.976 0.0000000000
54460  36.468  -9.129  57.909 0.0000000000
54461  38.152  -8.369  58.764 0.0000000000
54462  37.516  -8.531  58.069 0.0000000000
54463  38.030  -8.245  58.066 0.0000000000
54464  37.854  -8.095  57.270 0.0000000000
54465  38.515  -8.000  58.022 0.0000000000
54466  38.908  -7.803  57.907 0.0000000000
54467  39.162  -7.954  58.569 0.0000000000
56162  20.171  -4.930  59.640 0.0000000000
56163  20.463  -4.569  59.579 0.0000000000
56164  20.279  -5.089  59.219 0.0000000000
56165  20.463  -5.791  57.881 0.0000000000
56166  20.537  -5.335  58.158 0.0000000000
56167  20.613  -5.546  57.537 0.0000000000
56168  20.903  -5.039  57.332 0.0000000000
56169  20.790  -5.443  56.962 0.0000000000
56170  22.113  -9.923  52.751 0.0000000000
56171  21.878  -9.130  52.766 0.0000000000
56172  22.115  -9.604  52.429 0.0000000000
56173  22.331  -8.591  50.797 0.0000000000
56174  22.127  -8.495  51.448 0.0000000000
56175  22.086  -7.998  50.983 0.0000000000
56176  22.084  -7.163  51.121 0.0000000000
56177  22.207  -7.225  50.366 0.0000000000
56178  22.339  -6.707  49.986 0.0000000000
56179  22.395  -7.645  49.925 0.0000000000
56180  22.970  -8.175  48.414 0.0000000000
56181  22.828  -7.638  48.641 0.0000000000
56182  22.969  -7.608  48.016 0.0000000000
56183  23.008  -7.040  47.644 0.0000000000
56184  23.275  -7.520  47.462 0.0000000000
56193  19.695  -12.006  59.716 0.0000000000
56194  19.616  -12.411  60.077 0.0000000000
56195  19.456  -11.660  59.565 0.0000000000
56196  18.825  -9.377  59.366 0.0000000000
56197  18.781  -10.304  59.504 0.0000000000
56198  18.643  -9.679  59.652 0.0000000000
56199  18.328  -10.018  59.881 0.0000000000
56200  18.544  -9.008  59.885 0.0000000000
56201  18.493  -8.339  60.040 0.0000000000
56202  18.728  -8.206  59.750 0.0000000000
56203  19.593  -6.166  59.434 0.0000000000
56204  19.350  -6.463  59.752 0.0000000000
56205  19.671  -5.605  59.727 0.0000000000
56206  19.783  -5.123  59.996 0.0000000000
56251  23.606  -7.820  47.059 0.0000000000
56252  23.527  -8.376  47.426 0.0000000000
56253  24.345  -10.571  48.219 0.0000000000
56254  24.273  -10.078  47.724 0.0000000000
56255  24.708  -10.807  47.896 0.0000000000
56256  25.103  -10.885  47.639 0.0000000000
56257  25.218  -11.358  48.257 0.0000000000
56261  31.990  -13.376  56.776 0.0000000000
56262  31.349  -13.406  55.880 0.0000000000
56263  31.690  -13.208  55.949 0.0000000000
56264  31.469  -12.966  55.132 0.0000000000
56265  32.136  -12.879  56.051 0.0000000000
56266  32.477  -12.667  56.232 0.0000000000
56267  32.746  -12.783  56.956 0.0000000000
57985  22.264  -0.159  56.798 0.0000000000
57986  22.296  0.599  57.107 0.0000000000
57987  22.232  0.624  56.467 0.0000000000
57988  21.743  1.766  55.013 0.0000000000
57989  21.908  1.826  55.699 0.0000000000
57990  21.751  2.434  55.293 0.0000000000
57991  21.620  2.993  55.590 0.0000000000
57992  21.554  2.954  54.871 0.0000000000
58253  27.476  -8.301  45.031 0.0000000000
58254  27.512  -7.612  44.806 0.0000000000
58255  27.951  -8.172  45.046 0.0000000000
58256  29.364  -8.390  45.438 0.0000000000
58257  28.845  -7.989  45.159 0.0000000000
58258  29.318  -7.834  45.100 0.0000000000
58259  29.301  -7.039  44.836 0.0000000000
58260  29.711  -7.592  45.072 0.0000000000
58261  34.675  -7.388  48.345 0.0000000000
58262  34.186  -7.341  47.438 0.0000000000
58263  34.586  -7.167  47.422 0.0000000000
58278  38.880  -6.510  47.722 0.0000000000
58279  38.881  -6.452  46.808 0.0000000000
58280  39.420  -6.423  47.735 0.0000000000
58281  40.000  -6.276  47.728 0.0000000000
58282  40.026  -6.289  48.648 0.0000000000
63362  20.142  -9.855  58.020 0.0000000000
63363  20.153  -8.928  57.747 0.0000000000
63364  20.322  -9.511  57.704 0.0000000000
63365  21.022  -10.308  56.684 0.0000000000
63366  20.689  -9.648  56.657 0.0000000000
63367  21.194  -10.094  56.139 0.0000000000
63368  21.023  -9.659  55.548 0.0000000000
63369  21.292  -10.164  55.432 0.0000000000
63370  22.437  -12.036  56.773 0.0000000000
63371  21.906  -11.634  56.724 0.0000000000
63372  22.197  -11.623  55.811 0.0000000000
63373  22.656  -11.632  54.424 0.0000000000
63374  22.219  -11.338  54.879 0.0000000000
63375  22.203  -11.441  54.602 0.0000000000
63376  21.834  -10.415  54.217 0.0000000000
63377  22.205  -10.757  53.945 0.0000000000
63378  22.053  -10.448  53.419 0.0000000000
63379  22.499  -10.940  53.448 0.0000000000
63380  23.353  -11.998  52.491 0.0000000000
63381  23.051  -11.462  52.495 0.0000000000
63382  23.288  -11.741  52.025 0.0000000000
63383  23.243  -11.379  51.558 0.0000000000
63384  23.762  -11.740  51.447 0.0000000000
63403  20.460  -11.001  58.471 0.0000000000
63404  20.312  -11.133  58.740 0.0000000000
63405  20.217  -10.549  58.405 0.0000000000
63406  19.972  -9.954  58.370 0.0000000000
63451  24.049  -12.042  51.203 0.0000000000
63452  24.175  -12.461  51.874 0.0000000000
63453  25.431  -13.416  53.100 0.0000000000
63454  25.317  -13.178  52.549 0.0000000000
63455  25.953  -13.486  53.075 0.0000000000
63456  26.401  -13.562  52.843 0.0000000000
63457  26.599  -13.797  53.539 0.0000000000
63458  26.196  -14.157  55.629 0.0000000000
63459  25.943  -13.914  55.115 0.0000000000
63460  26.668  -14.083  55.793 0.0000000000
65185  21.824  -0.360  51.677 0.0000000000
65186  21.653  0.205  52.002 0.0000000000
65187  21.798  0.208  51.348 0.0000000000
65188  21.812  1.488  49.898 0.0000000000
65189  21.739  1.529  50.550 0.0000000000
65190  21.766  2.165  50.160 0.0000000000
65191  21.750  2.757  50.392 0.0000000000
65192  21.866  2.790  49.767 0.0000000000
65193  22.508  1.476  47.821 0.0000000000
65194  22.266  1.401  48.316 0.0000000000
65195  22.481  2.148  47.979 0.0000000000
65196  22.574  3.831  48.080 0.0000000000
65197  22.336  3.251  48.373 0.0000000000
65198  22.343  3.834  48.532 0.0000000000
65199  22.082  3.875  48.987 0.0000000000
65200  22.186  4.468  48.614 0.0000000000
65201  22.139  4.969  48.738 0.0000000000
65202  22.407  4.997  48.239 0.0000000000
65438  27.059  2.542  48.686 0.0000000000
65439  27.378  3.180  49.212 0.0000000000
65440  27.332  2.459  49.026 0.0000000000
65441  27.876  1.351  49.547 0.0000000000
65442  27.788  2.192  49.918 0.0000000000
65443  28.083  2.019  50.240 0.0000000000
65444  28.356  2.720  50.867 0.0000000000
65445  28.434  1.820  50.538 0.0000000000
65446  28.883  1.727  50.935 0.0000000000
65447  28.732  1.112  50.156 0.0000000000
65448  29.201  0.095  48.092 0.0000000000
65449  29.395  0.614  48.901 0.0000000000
65450  29.605  0.341  48.194 0.0000000000
65451  30.009  0.641  48.307 0.0000000000
65452  29.733  0.021  47.520 0.0000000000
65453  31.677  -10.658  50.390 0.0000000000
65454  31.523  -10.370  49.621 0.0000000000
65455  32.023  -10.359  50.515 0.0000000000
65456  33.376  -9.753  51.658 0.0000000000
65457  32.863  -9.816  50.747 0.0000000000
65458  33.230  -9.469  50.787 0.0000000000
65459  33.073  -9.145  49.954 0.0000000000
65460  33.609  -9.157  50.916 0.0000000000
65461  35.722  -9.115  55.459 0.0000000000
65462  35.131  -9.298  54.495 0.0000000000
65463  35.593  -8.952  54.616 0.0000000000
65464  35.610  -8.386  52.888 0.0000000000
65465  35.215  -8.701  52.862 0.0000000000
65466  35.016  -8.507  51.955 0.0000000000
65467  34.465  -8.533  51.036 0.0000000000
65468  34.853  -8.271  51.105 0.0000000000
65469  34.786  -7.981  50.162 0.0000000000
65470  35.344  -7.987  51.103 0.0000000000
65471  36.850  -7.379  52.170 0.0000000000
65472  36.243  -7.464  51.149 0.0000000000
65473  36.777  -7.280  51.243 0.0000000000
65474  36.786  -7.143  50.241 0.0000000000
65475  37.379  -7.109  51.247 0.0000000000
65476  37.972  -6.906  51.262 0.0000000000
65477  37.930  -6.948  52.148 0.0000000000
65478  39.216  -6.739  54.678 0.0000000000
65479  39.122  -6.625  53.866 0.0000000000
65480  39.782  -6.550  54.651 0.0000000000
65481  40.341  -6.388  54.579 0.0000000000
65482  40.418  -6.511  55.290 0.0000000000
65483  39.870  -7.440  57.585 0.0000000000
65484  39.700  -7.203  56.867 0.0000000000
65485  40.305  -7.290  57.381 0.0000000000
70562  22.011  -1.139  62.815 0.0000000000
70563  22.494  -0.651  62.809 0.0000000000
70564  22.255  -1.232  62.423 0.0000000000
70565  22.072  -2.128  60.925 0.0000000000
70566  22.319  -1.585  61.372 0.0000000000
70567  22.292  -1.846  60.759 0.0000000000
70568  22.567  -1.219  60.499 0.0000000000
70569  22.288  -1.712  60.116 0.0000000000
70570  21.098  -3.859  59.307 0.0000000000
70571  21.323  -3.423  59.692 0.0000000000
70572  21.392  -3.562  59.010 0.0000000000
70573  21.685  -2.846  58.012 0.0000000000
70574  21.735  -2.691  58.648 0.0000000000
70575  21.821  -2.493  58.276 0.0000000000
70576  22.130  -1.893  58.675 0.0000000000
70577  22.001  -1.872  58.037 0.0000000000
70578  22.089  -1.372  57.632 0.0000000000
70579  21.882  -1.870  57.377 0.0000000000
70580  21.746  -2.504  55.619 0.0000000000
70581  21.816  -1.881  56.025 0.0000000000
70582  21.767  -1.978  55.311 0.0000000000
70583  21.893  -1.353  54.928 0.0000000000
70584  21.837  -2.010  54.627 0.0000000000
70585  20.423  -8.065  57.059 0.0000000000
70586  20.443  -7.418  57.214 0.0000000000
70587  20.476  -7.907  56.506 0.0000000000
70588  20.946  -7.175  55.234 0.0000000000
70589  20.737  -7.038  55.889 0.0000000000
70590  20.846  -6.564  55.482 0.0000000000
70591  20.887  -5.968  55.760 0.0000000000
70592  21.013  -6.240  55.246 0.0000000000
70593  21.496  -8.019  53.062 0.0000000000
70594  21.404  -7.764  53.642 0.0000000000
70595  21.494  -7.360  53.386 0.0000000000
70596  21.616  -5.669  53.565 0.0000000000
70597  21.299  -6.081  53.758 0.0000000000
70598  21.447  -5.365  54.114 0.0000000000
70599  21.337  -5.428  54.646 0.0000000000
70600  21.354  -4.872  54.371 0.0000000000
70601  21.463  -4.440  54.706 0.0000000000
70602  21.533  -4.324  54.103 0.0000000000
70603  21.871  -3.440  52.754 0.0000000000
70604  21.748  -3.376  53.401 0.0000000000
70605  21.905  -2.647  53.039 0.0000000000
70606  21.927  -2.094  53.293 0.0000000000
70607  21.946  -2.232  52.679 0.0000000000
70608  21.960  -1.674  52.353 0.0000000000
70609  22.022  -2.262  52.070 0.0000000000
70610  22.180  -2.965  50.484 0.0000000000
70611  22.141  -2.321  50.815 0.0000000000
70612  22.190  -2.400  50.187 0.0000000000
70613  22.146  -1.807  49.909 0.0000000000
70614  22.291  -2.446  49.585 0.0000000000
70615  22.411  -5.343  49.186 0.0000000000
70616  22.270  -4.968  49.609 0.0000000000
70617  22.452  -4.877  48.889 0.0000000000
70618  22.711  -3.721  47.776 0.0000000000
70619  22.620  -3.598  48.411 0.0000000000
70620  22.636  -2.936  48.134 0.0000000000
70621  22.519  -2.455  48.424 0.0000000000
70622  22.688  -2.357  47.914 0.0000000000
70623  22.757  -1.872  47.726 0.0000000000
70624  22.885  -2.278  47.361 0.0000000000
70625  23.549  -2.747  46.225 0.0000000000
70626  23.387  -2.131  46.482 0.0000000000
70627  23.757  -2.083  46.145 0.0000000000
70628  23.910  -1.391  46.078 0.0000000000
70629  24.121  -1.934  45.819 0.0000000000
70678  17.268  -7.950  61.486 0.0000000000
70679  16.918  -8.183  61.559 0.0000000000
70680  17.350  -7.301  61.840 0.0000000000
70681  17.441  -6.559  62.252 0.0000000000
70682  17.795  -6.556  61.984 0.0000000000
70683  18.524  -7.147  60.629 0.0000000000
70684  18.308  -7.292  60.957 0.0000000000
70685  18.631  -6.462  61.012 0.0000000000
70686  19.227  -4.604  61.699 0.0000000000
70687  18.836  -5.269  61.715 0.0000000000
70688  19.002  -4.787  62.044 0.0000000000
70689  18.697  -5.013  62.421 0.0000000000
70690  19.190  -4.225  62.455 0.0000000000
70691  19.397  -3.702  62.835 0.0000000000
70692  19.618  -3.464  62.460 0.0000000000
70693  21.274  -2.067  62.272 0.0000000000
70694  20.885  -2.154  62.628 0.0000000000
70695  21.565  -1.545  62.728 0.0000000000
70696  21.796  -1.064  63.192 0.0000000000
70831  24.431  -2.108  45.626 0.0000000000
70832  24.232  -2.729  45.616 0.0000000000
70833  24.510  -5.255  45.359 0.0000000000
70834  24.666  -4.456  45.290 0.0000000000
70835  24.827  -5.365  45.132 0.0000000000
70836  25.221  -5.457  44.933 0.0000000000
70837  25.085  -6.202  44.995 0.0000000000
70838  24.195  -8.176  46.376 0.0000000000
70839  24.204  -7.502  46.044 0.0000000000
70840  24.533  -8.255  46.010 0.0000000000
70841  25.701  -9.240  45.788 0.0000000000
70842  25.269  -8.486  45.534 0.0000000000
70843  25.717  -8.564  45.397 0.0000000000
70844  25.721  -7.848  45.061 0.0000000000
70845  26.106  -8.589  45.247 0.0000000000
70846  26.581  -8.431  45.067 0.0000000000
70847  26.622  -9.180  45.540 0.0000000000
70848  27.734  -10.744  46.924 0.0000000000
70849  27.640  -10.184  46.337 0.0000000000
70850  28.125  -10.608  46.911 0.0000000000
70851  28.603  -10.510  47.045 0.0000000000
70852  28.733  -11.010  47.603 0.0000000000
70853  24.859  -12.352  50.510 0.0000000000
70854  24.677  -11.981  49.947 0.0000000000
70855  25.306  -12.433  50.145 0.0000000000
70856  26.741  -12.982  50.421 0.0000000000
70857  26.095  -12.515  49.850 0.0000000000
70858  26.555  -12.643  49.734 0.0000000000
70859  26.391  -12.289  49.070 0.0000000000
70860  26.960  -12.621  49.667 0.0000000000
70861  29.359  -13.613  53.410 0.0000000000
70862  28.728  -13.480  52.520 0.0000000000
70863  29.178  -13.311  52.453 0.0000000000
70864  29.204  -12.781  50.877 0.0000000000
70865  28.803  -12.935  50.887 0.0000000000
70866  28.597  -12.619  50.125 0.0000000000
70867  27.875  -12.507  49.555 0.0000000000
70868  28.399  -12.377  49.447 0.0000000000
70869  28.224  -12.047  48.791 0.0000000000
70870  28.846  -12.277  49.485 0.0000000000
70871  30.283  -11.985  50.532 0.0000000000
70872  29.666  -11.935  49.667 0.0000000000
70873  30.123  -11.743  49.754 0.0000000000
70874  29.893  -11.419  49.113 0.0000000000
70875  30.498  -11.450  49.917 0.0000000000
70876  30.842  -11.271  50.120 0.0000000000
70877  30.976  -11.492  50.812 0.0000000000
70878  32.292  -11.576  53.437 0.0000000000
70879  32.126  -11.364  52.617 0.0000000000
70880  32.614  -11.313  53.629 0.0000000000
70881  32.959  -10.964  53.752 0.0000000000
70882  33.115  -11.134  54.582 0.0000000000
70883  33.131  -12.125  56.511 0.0000000000
70884  33.058  -12.029  55.756 0.0000000000
70885  33.486  -11.847  56.668 0.0000000000
70886  34.653  -10.975  57.925 0.0000000000
70887  34.136  -11.221  57.040 0.0000000000
70888  34.533  -10.885  57.151 0.0000000000
70889  34.263  -10.746  56.445 0.0000000000
70890  34.847  -10.575  57.310 0.0000000000
70891  35.193  -10.226  57.485 0.0000000000
70892  35.364  -10.333  58.226 0.0000000000
72788  38.587  -0.725  45.150 0.0000000000
72789  38.759  -0.259  45.834 0.0000000000
72790  39.157  -0.613  45.139 0.0000000000
72791  40.785  -0.700  44.641 0.0000000000
72792  40.268  -0.332  45.216 0.0000000000
72793  40.853  -0.171  45.223 0.0000000000
72794  41.005  0.298  45.926 0.0000000000
72795  41.404  0.073  45.401 0.0000000000
76030  22.963  0.052  62.548 0.0000000000
76031  23.131  0.694  62.841 0.0000000000
76032  23.127  0.481  62.247 0.0000000000
76033  23.110  1.648  60.659 0.0000000000
76034  23.181  1.577  61.379 0.0000000000
76035  23.129  2.186  60.898 0.0000000000
76036  23.152  2.779  61.058 0.0000000000
76037  23.042  2.886  60.395 0.0000000000
76038  22.466  1.891  57.637 0.0000000000
76039  22.556  1.875  58.378 0.0000000000
76040  22.427  2.457  57.942 0.0000000000
76041  22.103  3.999  58.020 0.0000000000
76042  22.351  3.516  58.502 0.0000000000
76043  22.279  4.025  58.735 0.0000000000
76044  22.549  4.031  59.364 0.0000000000
76045  22.213  4.570  58.908 0.0000000000
76046  22.104  5.087  59.064 0.0000000000
76047  21.952  5.081  58.468 0.0000000000
76053  21.617  1.664  52.426 0.0000000000
76054  21.587  1.728  53.175 0.0000000000
76055  21.572  2.263  52.688 0.0000000000
76056  21.274  4.032  52.611 0.0000000000
76057  21.368  3.495  53.159 0.0000000000
76058  21.281  4.044  53.329 0.0000000000
76059  21.291  4.128  53.953 0.0000000000
76060  21.217  4.635  53.464 0.0000000000
76838  25.225  -2.303  45.408 0.0000000000
76839  25.503  -1.546  45.523 0.0000000000
76840  25.613  -2.468  45.330 0.0000000000
76841  26.566  -3.258  45.142 0.0000000000
76842  26.419  -2.649  45.349 0.0000000000
76843  26.778  -2.580  45.386 0.0000000000
76844  27.043  -1.937  45.761 0.0000000000
76845  27.164  -2.640  45.438 0.0000000000
76846  27.526  -6.241  44.635 0.0000000000
76847  27.221  -5.508  44.769 0.0000000000
76848  27.600  -5.556  44.800 0.0000000000
76849  28.292  -3.903  45.334 0.0000000000
76850  27.873  -3.981  45.280 0.0000000000
76851  28.108  -3.192  45.629 0.0000000000
76852  27.930  -2.628  45.707 0.0000000000
76853  28.351  -2.372  45.868 0.0000000000
76854  28.583  -1.693  46.253 0.0000000000
76855  28.692  -2.260  46.009 0.0000000000
76856  29.485  -2.582  45.450 0.0000000000
76857  29.321  -1.989  45.920 0.0000000000
76858  29.664  -1.784  45.826 0.0000000000
76859  29.936  -0.969  46.309 0.0000000000
76860  30.028  -1.586  45.814 0.0000000000
76861  31.349  -9.564  47.961 0.0000000000
76862  30.864  -9.442  47.231 0.0000000000
76863  31.240  -9.184  47.327 0.0000000000
76864  31.570  -7.963  45.975 0.0000000000
76865  31.130  -8.208  45.944 0.0000000000
76866  31.099  -7.608  45.383 0.0000000000
76867  30.581  -7.156  45.040 0.0000000000
76868  31.017  -6.918  44.970 0.0000000000
76869  33.210  -7.016  45.806 0.0000000000
76870  32.786  -7.235  45.829 0.0000000000
76871  32.710  -6.786  45.091 0.0000000000
76872  31.702  -5.177  44.159 0.0000000000
76873  31.749  -5.833  44.394 0.0000000000
76874  31.270  -5.304  44.234 0.0000000000
76875  30.861  -5.546  44.421 0.0000000000
76876  30.882  -4.825  44.278 0.0000000000
76877  30.385  -4.372  44.486 0.0000000000
76878  30.793  -4.102  44.301 0.0000000000
76908  38.571  -3.205  43.387 0.0000000000
76909  38.512  -2.612  43.556 0.0000000000
76910  39.082  -3.096  43.417 0.0000000000
76911  39.672  -2.970  43.472 0.0000000000
76912  39.732  -3.603  43.448 0.0000000000
76916  41.042  -5.503  45.313 0.0000000000
76917  40.499  -5.295  44.571 0.0000000000
76918  41.059  -5.166  44.687 0.0000000000
76919  41.062  -4.640  44.183 0.0000000000
76920  41.657  -4.971  44.819 0.0000000000
76921  42.216  -4.854  45.007 0.0000000000
76922  42.252  -5.190  45.624 0.0000000000
76928  38.975  -6.574  51.343 0.0000000000
76929  38.969  -6.586  50.484 0.0000000000
76930  39.534  -6.439  51.350 0.0000000000
76931  41.192  -6.067  52.262 0.0000000000
76932  40.643  -6.196  51.414 0.0000000000
76933  41.192  -6.070  51.434 0.0000000000
76934  41.135  -6.091  50.558 0.0000000000
76935  41.687  -5.977  51.435 0.0000000000
76936  43.293  -6.527  54.252 0.0000000000
76937  42.878  -6.190  54.035 0.0000000000
76938  43.313  -6.248  53.870 0.0000000000
76939  43.843  -5.908  52.745 0.0000000000
76940  43.352  -5.885  52.795 0.0000000000
76941  43.331  -5.740  52.169 0.0000000000
76942  42.789  -5.709  51.444 0.0000000000
76943  43.325  -5.572  51.482 0.0000000000
76944  43.318  -5.476  50.800 0.0000000000
76945  43.874  -5.468  51.542 0.0000000000
82711  39.291  0.637  47.348 0.0000000000
82712  39.095  1.103  47.919 0.0000000000
82713  39.620  1.111  47.903 0.0000000000
92165  23.894  -13.027  56.666 0.0000000000
92166  24.810  -13.588  56.296 0.0000000000
92179  25.594  -13.812  56.930 0.0000000000
92180  25.899  -14.126  56.985 0.0000000000
92525  22.820  2.131  63.643 0.0000000000
92526  23.049  2.119  63.265 0.0000000000
92527  23.637  -0.237  46.553 0.0000000000
92528  23.519  0.395  46.792 0.0000000000
92529  23.876  0.434  46.554 0.0000000000
92530  24.113  1.089  46.520 0.0000000000
92531  24.453  1.673  46.608 0.0000000000
92532  24.845  2.233  46.750 0.0000000000
92533  24.990  1.780  46.679 0.0000000000
92534  25.263  1.790  46.718 0.0000000000
92535  25.698  1.764  46.934 0.0000000000
92541  21.087  -1.401  63.843 0.0000000000
92542  20.685  -1.546  64.143 0.0000000000
92543  21.276  -0.954  64.222 0.0000000000
92575  25.993  1.720  47.071 0.0000000000
92576  25.757  1.172  46.681 0.0000000000
92577  25.837  0.399  46.402 0.0000000000
92578  25.981  -0.283  46.167 0.0000000000
92579  37.318  -9.171  59.377 0.0000000000
92580  37.119  -8.973  58.716 0.0000000000
92581  37.759  -8.879  59.442 0.0000000000
92582  38.328  -8.608  59.417 0.0000000000
92583  38.839  -8.396  59.319 0.0000000000
92584  39.288  -8.221  59.186 0.0000000000
92585  39.460  -8.589  59.684 0.0000000000
93602  19.925  -6.126  59.089 0.0000000000
93603  20.123  -5.594  58.866 0.0000000000
93604  20.014  -6.089  58.544 0.0000000000
93605  20.339  -6.058  58.277 0.0000000000
93606  20.391  -6.240  57.684 0.0000000000
93607  22.572  -10.083  51.443 0.0000000000
93608  22.303  -9.582  51.757 0.0000000000
93609  22.621  -9.571  51.016 0.0000000000
93610  22.574  -9.138  50.565 0.0000000000
93611  22.563  -8.587  50.064 0.0000000000
93612  22.587  -8.082  49.628 0.0000000000
93613  22.787  -8.781  49.597 0.0000000000
93614  23.046  -8.703  48.806 0.0000000000
93615  23.292  -8.769  48.318 0.0000000000
93621  19.457  -10.364  58.960 0.0000000000
93622  19.257  -10.713  59.200 0.0000000000
93623  19.309  -9.761  59.004 0.0000000000
93624  19.203  -9.226  59.074 0.0000000000
93625  19.062  -8.573  59.265 0.0000000000
93626  19.017  -7.858  59.535 0.0000000000
93627  19.313  -7.703  59.179 0.0000000000
93628  19.535  -6.806  59.152 0.0000000000
93655  23.515  -8.949  47.881 0.0000000000
93656  23.601  -9.491  48.381 0.0000000000
93657  24.012  -10.484  48.662 0.0000000000
93658  24.461  -11.044  48.768 0.0000000000
93662  32.085  -13.559  57.648 0.0000000000
93663  32.504  -13.270  57.664 0.0000000000
93664  32.838  -12.947  57.731 0.0000000000
93665  33.053  -13.076  58.533 0.0000000000
94696  22.049  -0.046  55.465 0.0000000000
94697  21.997  0.410  55.760 0.0000000000
94698  21.904  0.666  55.098 0.0000000000
94699  21.850  1.113  54.809 0.0000000000
94700  21.709  1.803  54.421 0.0000000000
94856  28.453  -9.332  45.887 0.0000000000
94857  28.390  -8.772  45.543 0.0000000000
94858  28.902  -9.219  46.025 0.0000000000
94859  29.381  -8.978  45.885 0.0000000000
94860  29.856  -8.814  45.977 0.0000000000
94861  35.633  -7.087  48.356 0.0000000000
94862  35.144  -7.068  47.453 0.0000000000
94863  35.608  -6.965  47.454 0.0000000000
94872  38.358  -6.606  47.706 0.0000000000
94873  38.906  -6.522  48.587 0.0000000000
97922  20.575  -10.754  58.033 0.0000000000
97923  20.472  -10.130  57.704 0.0000000000
97924  20.825  -10.625  57.785 0.0000000000
97925  21.174  -10.855  57.348 0.0000000000
97926  21.307  -10.759  56.641 0.0000000000
97927  23.095  -12.422  55.588 0.0000000000
97928  22.769  -12.214  55.615 0.0000000000
97929  22.923  -12.137  54.781 0.0000000000
97930  23.021  -12.135  54.480 0.0000000000
97931  22.961  -12.026  54.164 0.0000000000
97932  22.819  -11.525  53.487 0.0000000000
97933  23.207  -12.010  53.478 0.0000000000
97934  23.554  -12.263  53.077 0.0000000000
97935  23.972  -12.326  52.569 0.0000000000
97948  20.652  -11.349  58.534 0.0000000000
97975  24.310  -12.720  52.457 0.0000000000
97976  24.456  -12.972  53.055 0.0000000000
97977  25.084  -13.190  53.364 0.0000000000
97978  25.655  -13.576  53.808 0.0000000000
97979  27.416  -14.189  57.539 0.0000000000
97980  27.277  -14.288  56.599 0.0000000000
97981  27.951  -14.448  57.325 0.0000000000
99016  21.984  -0.510  50.476 0.0000000000
99017  21.911  0.196  50.667 0.0000000000
99018  21.901  0.245  50.079 0.0000000000
99019  21.880  0.838  49.740 0.0000000000
99020  21.857  1.473  49.391 0.0000000000
99021  23.045  2.701  47.361 0.0000000000
99022  22.718  2.704  47.754 0.0000000000
99023  23.032  3.252  47.578 0.0000000000
99024  22.935  3.725  47.668 0.0000000000
99025  22.862  4.346  47.775 0.0000000000
99026  22.724  4.867  47.769 0.0000000000
99027  23.096  4.847  47.488 0.0000000000
99167  27.206  1.106  48.239 0.0000000000
99168  27.403  1.668  48.912 0.0000000000
99169  27.458  0.945  48.576 0.0000000000
99170  27.770  0.709  48.770 0.0000000000
99171  28.193  0.671  49.152 0.0000000000
99172  28.612  0.627  49.404 0.0000000000
99173  28.503  0.215  48.621 0.0000000000
99174  28.788  -0.072  48.097 0.0000000000
99175  29.002  -0.427  47.428 0.0000000000
99176  32.764  -10.522  52.172 0.0000000000
99177  32.627  -10.298  51.375 0.0000000000
99178  33.180  -10.254  52.308 0.0000000000
99179  33.573  -9.949  52.461 0.0000000000
99180  33.962  -9.677  52.592 0.0000000000
99181  36.636  -8.513  55.623 0.0000000000
99182  36.070  -8.659  54.679 0.0000000000
99183  36.480  -8.355  54.717 0.0000000000
99184  36.217  -8.245  53.857 0.0000000000
99185  36.031  -8.092  52.960 0.0000000000
99186  35.879  -7.881  52.085 0.0000000000
99187  36.515  -7.785  53.038 0.0000000000
99188  36.937  -7.520  53.054 0.0000000000
99189  37.429  -7.256  53.039 0.0000000000
99190  37.929  -7.024  53.067 0.0000000000
99191  38.053  -7.082  53.894 0.0000000000
99192  38.674  -6.961  54.661 0.0000000000
99193  39.359  -6.842  55.420 0.0000000000
99194  40.942  -7.883  58.107 0.0000000000
99195  40.857  -7.513  57.633 0.0000000000
99196  41.276  -7.870  57.772 0.0000000000
102242  21.560  -2.099  62.020 0.0000000000
102243  21.981  -1.725  62.012 0.0000000000
102244  21.699  -2.201  61.558 0.0000000000
102245  21.799  -2.378  61.038 0.0000000000
102246  21.865  -2.597  60.486 0.0000000000
102247  21.076  -4.053  58.044 0.0000000000
102248  21.319  -3.610  58.387 0.0000000000
102249  21.268  -3.686  57.828 0.0000000000
102250  21.488  -3.281  57.594 0.0000000000
102251  21.602  -2.909  57.386 0.0000000000
102252  21.707  -2.450  57.026 0.0000000000
102253  21.517  -2.980  56.646 0.0000000000
102254  21.591  -3.030  56.031 0.0000000000
102255  21.632  -3.147  55.364 0.0000000000
102256  20.761  -8.457  55.767 0.0000000000
102257  20.651  -7.816  55.977 0.0000000000
102258  20.875  -8.224  55.411 0.0000000000
102259  20.987  -7.767  55.072 0.0000000000
102260  20.996  -7.283  54.726 0.0000000000
102261  21.632  -7.031  52.418 0.0000000000
102262  21.581  -6.800  52.983 0.0000000000
102263  21.569  -6.498  52.665 0.0000000000
102264  21.615  -5.751  52.875 0.0000000000
102265  21.540  -5.194  53.170 0.0000000000
102266  21.615  -4.626  53.512 0.0000000000
102267  21.689  -4.628  52.816 0.0000000000
102268  21.944  -3.992  52.420 0.0000000000
102269  21.971  -3.443  52.062 0.0000000000
102270  22.003  -2.849  51.718 0.0000000000
102271  22.092  -3.445  51.455 0.0000000000
102272  22.144  -3.558  50.796 0.0000000000
102273  22.198  -3.545  50.226 0.0000000000
102274  22.757  -5.845  48.134 0.0000000000
102275  22.544  -4.945  48.315 0.0000000000
102276  22.793  -5.101  47.779 0.0000000000
102277  22.784  -4.263  47.489 0.0000000000
102278  22.896  -3.630  47.284 0.0000000000
102279  22.995  -2.973  47.086 0.0000000000
102280  23.171  -3.566  46.798 0.0000000000
102281  23.407  -3.456  46.366 0.0000000000
102282  23.778  -3.422  45.966 0.0000000000
102313  17.227  -8.677  61.119 0.0000000000
102314  17.620  -7.812  61.245 0.0000000000
102315  19.239  -5.489  60.776 0.0000000000
102316  18.937  -5.711  61.017 0.0000000000
102317  19.409  -4.806  61.124 0.0000000000
102318  19.534  -4.250  61.364 0.0000000000
102319  19.739  -3.768  61.642 0.0000000000
102320  20.016  -3.262  62.043 0.0000000000
102321  20.340  -3.012  61.786 0.0000000000
102322  21.011  -2.534  61.864 0.0000000000
102403  24.083  -3.447  45.690 0.0000000000
102404  23.937  -4.193  45.799 0.0000000000
102405  24.086  -5.075  45.624 0.0000000000
102406  24.366  -6.052  45.492 0.0000000000
102407  24.905  -9.780  46.696 0.0000000000
102408  24.887  -9.176  46.221 0.0000000000
102409  25.345  -9.785  46.410 0.0000000000
102410  25.734  -9.882  46.226 0.0000000000
102411  26.186  -9.768  46.004 0.0000000000
102412  26.623  -9.763  45.975 0.0000000000
102413  26.728  -10.302  46.394 0.0000000000
102414  27.276  -10.808  46.986 0.0000000000
102415  27.814  -11.237  47.553 0.0000000000
102416  26.031  -13.190  51.540 0.0000000000
102417  25.853  -12.886  50.721 0.0000000000
102418  26.483  -13.202  51.384 0.0000000000
102419  26.961  -13.175  51.187 0.0000000000
102420  27.374  -13.215  51.043 0.0000000000
102421  30.292  -13.047  53.352 0.0000000000
102422  29.659  -13.158  52.510 0.0000000000
102423  29.988  -12.980  52.560 0.0000000000
102424  29.818  -12.795  51.771 0.0000000000
102425  29.648  -12.581  51.015 0.0000000000
102426  29.449  -12.345  50.224 0.0000000000
102427  30.042  -12.392  51.094 0.0000000000
102428  30.428  -12.154  51.239 0.0000000000
102429  30.842  -11.941  51.360 0.0000000000
102430  31.180  -11.702  51.616 0.0000000000
102431  31.392  -11.995  52.328 0.0000000000
102432  31.902  -11.884  53.273 0.0000000000
102433  32.405  -11.775  54.193 0.0000000000
102434  34.248  -11.783  58.325 0.0000000000
102435  34.087  -11.721  57.699 0.0000000000
102436  34.580  -11.466  58.492 0.0000000000
102437  34.915  -11.097  58.654 0.0000000000
102438  35.260  -10.794  58.799 0.0000000000
102439  35.585  -10.461  58.938 0.0000000000
102440  35.904  -10.629  59.713 0.0000000000
103577  39.532  -1.667  43.970 0.0000000000
103578  39.623  -1.053  44.492 0.0000000000
103579  40.171  -1.490  44.037 0.0000000000
103580  40.794  -1.326  44.168 0.0000000000
103581  41.372  -1.160  44.291 0.0000000000
105523  22.978  -0.174  61.167 0.0000000000
105524  23.105  0.437  61.556 0.0000000000
105525  23.067  0.409  60.782 0.0000000000
105526  23.074  1.057  60.328 0.0000000000
105527  23.011  1.784  59.826 0.0000000000
105528  21.977  3.008  56.857 0.0000000000
105529  22.158  2.952  57.533 0.0000000000
105530  21.920  3.479  57.145 0.0000000000
105531  21.854  4.117  57.341 0.0000000000
105532  21.796  4.602  57.572 0.0000000000
105533  21.765  5.094  57.750 0.0000000000
105534  21.521  5.104  57.154 0.0000000000
105537  21.543  2.886  51.612 0.0000000000
105538  21.565  2.898  52.257 0.0000000000
105539  21.470  3.400  51.793 0.0000000000
105540  21.433  4.022  51.994 0.0000000000
105541  21.244  4.647  52.141 0.0000000000
106007  25.541  -4.001  45.034 0.0000000000
106008  25.764  -3.225  45.146 0.0000000000
106009  25.976  -4.000  44.965 0.0000000000
106010  26.304  -4.039  44.939 0.0000000000
106011  26.701  -4.125  44.983 0.0000000000
106012  28.437  -6.002  44.805 0.0000000000
106013  28.061  -5.471  44.881 0.0000000000
106014  28.453  -5.247  44.882 0.0000000000
106015  28.571  -4.489  45.074 0.0000000000
106016  28.669  -3.717  45.345 0.0000000000
106017  28.855  -2.962  45.632 0.0000000000
106018  29.015  -3.536  45.235 0.0000000000
106019  29.367  -3.387  45.212 0.0000000000
106020  29.745  -3.119  45.096 0.0000000000
106021  32.142  -9.041  48.202 0.0000000000
106022  31.717  -8.916  47.299 0.0000000000
106023  32.100  -8.594  47.372 0.0000000000
106024  32.093  -8.195  46.617 0.0000000000
106025  31.996  -7.687  45.867 0.0000000000
106026  33.122  -6.060  44.468 0.0000000000
106027  32.675  -6.179  44.588 0.0000000000
106028  32.598  -5.556  44.150 0.0000000000
106029  32.101  -5.056  44.042 0.0000000000
106030  31.614  -4.481  44.037 0.0000000000
106031  31.203  -3.964  44.208 0.0000000000
106032  31.592  -3.831  44.072 0.0000000000
106050  38.056  -3.326  43.370 0.0000000000
106051  38.628  -3.898  43.396 0.0000000000
106055  41.070  -5.754  46.130 0.0000000000
106056  41.584  -5.617  46.245 0.0000000000
106057  42.126  -5.439  46.378 0.0000000000
106058  42.117  -5.582  47.152 0.0000000000
106061  40.147  -6.277  53.075 0.0000000000
106062  40.099  -6.299  52.258 0.0000000000
106063  40.656  -6.145  53.041 0.0000000000
106064  41.209  -6.011  53.002 0.0000000000
106065  41.812  -5.948  52.942 0.0000000000
106066  43.885  -6.782  53.738 0.0000000000
106067  43.719  -6.337  53.691 0.0000000000
106068  44.095  -6.464  53.458 0.0000000000
106069  44.259  -6.241  53.063 0.0000000000
106070  44.335  -5.929  52.641 0.0000000000
106071  44.412  -5.684  52.133 0.0000000000
106072  44.799  -6.021  52.512 0.0000000000
109531  40.331  0.782  47.272 0.0000000000
109532  40.116  1.159  47.861 0.0000000000
109533  40.605  1.255  47.804 0.0000000000
115202  22.137  -12.146  58.751 0.0000000000
115203  21.796  -11.776  58.040 0.0000000000
115204  22.180  -11.961  58.102 0.0000000000
115205  22.305  -11.986  57.262 0.0000000000
115206  22.771  -12.319  56.615 0.0000000000
115208  22.996  -12.350  56.395 0.0000000000
115209  23.092  -12.656  56.212 0.0000000000
115210  23.712  -12.955  55.853 0.0000000000
115211  23.876  -13.038  55.089 0.0000000000
115212  24.422  -13.095  54.872 0.0000000000
115222  22.412  -12.460  59.410 0.0000000000
115243  24.853  -13.516  54.531 0.0000000000
115244  24.965  -13.649  55.133 0.0000000000
115245  25.725  -13.776  55.782 0.0000000000
115246  26.346  -14.062  56.615 0.0000000000
115247  26.133  -14.035  57.030 0.0000000000
115248  26.745  -14.302  56.891 0.0000000000
115249  27.086  -14.364  57.229 0.0000000000
115250  27.741  -14.455  58.168 0.0000000000
116053  22.476  -0.567  48.180 0.0000000000
116054  22.329  0.152  48.405 0.0000000000
116055  22.544  0.121  47.922 0.0000000000
116056  22.707  0.905  47.644 0.0000000000
116057  22.859  1.597  47.402 0.0000000000
116058  23.301  0.950  46.980 0.0000000000
116059  23.192  1.491  47.070 0.0000000000
116060  23.124  2.158  47.240 0.0000000000
116061  23.427  2.655  47.115 0.0000000000
116062  23.811  3.218  47.009 0.0000000000
116063  24.200  3.783  46.915 0.0000000000
116064  24.562  4.256  46.847 0.0000000000
116065  24.670  3.787  46.853 0.0000000000
116068  25.225  2.815  46.926 0.0000000000
116085  18.830  -4.189  63.563 0.0000000000
116086  18.423  -4.378  63.878 0.0000000000
116087  19.024  -3.673  63.977 0.0000000000
116090  20.363  -1.750  64.528 0.0000000000
116169  26.925  2.751  48.407 0.0000000000
116170  26.841  2.023  48.176 0.0000000000
116171  26.274  1.546  47.376 0.0000000000
116172  26.626  1.489  47.676 0.0000000000
116173  26.890  1.273  47.942 0.0000000000
116174  27.030  0.537  47.596 0.0000000000
116175  27.246  -0.150  47.153 0.0000000000
116176  27.455  -0.793  46.767 0.0000000000
116177  34.804  -9.996  55.958 0.0000000000
116178  34.769  -9.783  55.226 0.0000000000
116179  35.303  -9.600  56.116 0.0000000000
116180  35.792  -9.232  56.260 0.0000000000
116181  36.228  -8.927  56.364 0.0000000000
116182  36.975  -8.848  57.994 0.0000000000
116183  36.918  -8.650  57.245 0.0000000000
116184  36.771  -8.594  56.455 0.0000000000
116185  37.252  -8.288  56.482 0.0000000000
116186  37.689  -8.017  56.517 0.0000000000
116187  38.133  -7.756  56.487 0.0000000000
116188  38.549  -7.493  56.400 0.0000000000
116189  38.794  -7.630  57.178 0.0000000000
116190  39.414  -7.593  57.739 0.0000000000
116191  39.984  -7.707  58.189 0.0000000000
116192  39.775  -8.119  58.954 0.0000000000
116193  40.194  -8.003  58.684 0.0000000000
116194  40.572  -7.916  58.404 0.0000000000
116195  40.974  -8.322  58.501 0.0000000000
118562  20.466  -3.936  60.387 0.0000000000
118563  20.946  -3.611  60.287 0.0000000000
118564  20.703  -4.076  59.941 0.0000000000
118565  20.853  -4.215  59.401 0.0000000000
118566  20.933  -4.321  58.910 0.0000000000
118567  20.511  -5.071  58.766 0.0000000000
118568  20.761  -4.765  58.541 0.0000000000
118569  20.894  -4.535  58.233 0.0000000000
118570  20.976  -4.569  57.694 0.0000000000
118571  21.020  -4.806  57.001 0.0000000000
118572  21.025  -4.968  56.433 0.0000000000
118573  21.568  -9.200  53.572 0.0000000000
118574  21.496  -8.936  53.844 0.0000000000
118575  21.618  -8.885  53.319 0.0000000000
118576  21.664  -8.425  52.866 0.0000000000
118577  21.784  -8.192  52.619 0.0000000000
118578  22.097  -8.870  51.783 0.0000000000
118579  21.964  -8.234  51.996 0.0000000000
118580  21.835  -7.723  52.221 0.0000000000
118581  21.787  -7.144  51.806 0.0000000000
118582  21.835  -6.501  51.279 0.0000000000
118583  21.997  -5.976  50.926 0.0000000000
118584  22.071  -5.420  50.533 0.0000000000
118585  22.142  -6.208  50.353 0.0000000000
118586  22.342  -6.176  49.640 0.0000000000
118587  22.468  -6.331  49.123 0.0000000000
118588  22.604  -7.518  49.171 0.0000000000
118589  22.574  -6.812  48.706 0.0000000000
118590  22.660  -6.394  48.482 0.0000000000
118591  22.873  -6.367  47.890 0.0000000000
118592  23.066  -6.261  47.259 0.0000000000
118593  23.348  -6.306  46.788 0.0000000000
118610  19.141  -10.999  59.527 0.0000000000
118614  17.959  -10.246  59.998 0.0000000000
118615  17.953  -9.665  60.185 0.0000000000
118616  17.913  -8.995  60.448 0.0000000000
118617  18.195  -8.684  60.259 0.0000000000
118618  18.505  -7.716  60.294 0.0000000000
118619  18.800  -6.856  60.418 0.0000000000
118620  19.031  -7.251  59.807 0.0000000000
118621  19.042  -6.727  60.065 0.0000000000
118622  19.084  -6.102  60.422 0.0000000000
118623  19.485  -5.244  60.385 0.0000000000
118624  20.006  -4.539  60.324 0.0000000000
118687  23.608  -6.505  46.389 0.0000000000
118688  23.602  -7.143  46.694 0.0000000000
118689  23.859  -8.063  46.721 0.0000000000
118690  24.180  -8.833  46.760 0.0000000000
118691  23.890  -9.270  47.562 0.0000000000
118692  24.194  -9.386  47.158 0.0000000000
118693  24.567  -9.557  46.871 0.0000000000
118694  24.989  -10.308  47.145 0.0000000000
118695  25.505  -10.895  47.417 0.0000000000
118696  26.088  -11.549  47.900 0.0000000000
118697  28.651  -14.009  54.083 0.0000000000
118698  28.474  -13.701  53.269 0.0000000000
118699  29.132  -13.820  54.123 0.0000000000
118700  29.601  -13.677  54.180 0.0000000000
118701  30.036  -13.405  54.186 0.0000000000
118703  30.715  -13.555  55.050 0.0000000000
118704  30.454  -13.218  54.208 0.0000000000
118705  30.836  -13.115  54.315 0.0000000000
118706  31.204  -12.879  54.348 0.0000000000
118707  31.580  -12.638  54.450 0.0000000000
118708  31.963  -12.389  54.548 0.0000000000
118709  32.272  -12.475  55.360 0.0000000000
118710  32.830  -12.452  56.350 0.0000000000
118711  33.335  -12.216  57.263 0.0000000000
118712  33.184  -12.679  57.871 0.0000000000
118713  33.549  -12.357  58.010 0.0000000000
118714  33.930  -12.090  58.169 0.0000000000
118715  34.394  -11.910  59.017 0.0000000000
119600  42.225  -3.751  44.121 0.0000000000
119601  42.240  -3.071  43.893 0.0000000000
119602  42.952  -3.540  44.356 0.0000000000
121114  22.504  -0.144  58.208 0.0000000000
121115  22.657  0.583  58.505 0.0000000000
121116  22.484  0.621  57.776 0.0000000000
121117  22.369  1.232  57.425 0.0000000000
121118  22.213  1.966  57.026 0.0000000000
121119  22.034  1.276  56.076 0.0000000000
121120  22.051  1.847  56.348 0.0000000000
121121  22.034  2.460  56.593 0.0000000000
121122  21.725  2.979  56.242 0.0000000000
121123  21.531  3.543  55.772 0.0000000000
121124  21.402  3.979  55.372 0.0000000000
121125  21.664  5.072  49.828 0.0000000000
121126  21.562  5.104  50.415 0.0000000000
121127  21.586  5.549  49.913 0.0000000000
121490  26.571  -7.182  44.681 0.0000000000
121491  26.659  -6.360  44.538 0.0000000000
121492  27.038  -7.085  44.662 0.0000000000
121493  27.496  -6.951  44.665 0.0000000000
121494  27.932  -6.836  44.712 0.0000000000
121495  28.409  -8.042  45.181 0.0000000000
121496  28.414  -7.344  44.906 0.0000000000
121497  28.410  -6.736  44.818 0.0000000000
121498  28.869  -6.570  44.809 0.0000000000
121499  29.282  -6.336  44.754 0.0000000000
121500  29.650  -6.176  44.711 0.0000000000
121501  33.789  -7.888  48.374 0.0000000000
121502  33.345  -7.770  47.380 0.0000000000
121503  33.803  -7.518  47.361 0.0000000000
121504  33.700  -7.172  46.508 0.0000000000
121505  33.663  -6.830  45.725 0.0000000000
121506  34.631  -6.950  46.566 0.0000000000
121507  34.122  -6.777  45.780 0.0000000000
121508  33.605  -6.480  45.099 0.0000000000
121509  33.548  -5.987  44.402 0.0000000000
121530  40.528  -6.116  47.779 0.0000000000
121531  41.050  -5.998  48.734 0.0000000000
121532  42.402  -6.622  55.148 0.0000000000
121533  42.417  -6.389  54.674 0.0000000000
121534  42.792  -6.724  54.862 0.0000000000
121535  43.127  -6.831  54.572 0.0000000000
121536  43.451  -6.961  54.251 0.0000000000
121538  43.422  -7.481  54.147 0.0000000000
121539  43.719  -7.142  53.935 0.0000000000
121540  43.953  -7.295  53.552 0.0000000000
128642  19.795  -8.572  58.184 0.0000000000
128643  19.956  -7.947  57.974 0.0000000000
128644  20.017  -8.475  57.829 0.0000000000
128645  20.190  -8.437  57.448 0.0000000000
128646  20.446  -8.547  56.863 0.0000000000
128647  20.487  -9.520  57.277 0.0000000000
128648  20.537  -9.015  56.781 0.0000000000
128649  20.742  -9.015  56.255 0.0000000000
128650  20.923  -9.175  55.634 0.0000000000
128651  21.118  -9.333  55.059 0.0000000000
128652  21.348  -9.651  54.552 0.0000000000
128653  21.865  -11.479  57.415 0.0000000000
128654  21.732  -11.324  56.783 0.0000000000
128655  21.631  -11.013  55.964 0.0000000000
128656  22.291  -11.663  55.390 0.0000000000
128657  21.844  -11.067  55.300 0.0000000000
128658  21.684  -10.716  55.373 0.0000000000
128659  21.572  -10.291  54.839 0.0000000000
128660  21.625  -10.204  54.601 0.0000000000
128661  21.659  -9.855  54.063 0.0000000000
128662  21.906  -10.095  53.672 0.0000000000
128663  22.114  -10.059  53.048 0.0000000000
128664  22.373  -10.289  52.372 0.0000000000
128665  22.696  -11.288  52.945 0.0000000000
128666  22.756  -10.989  52.617 0.0000000000
128667  22.596  -10.513  52.006 0.0000000000
128668  22.965  -10.643  51.462 0.0000000000
128669  23.210  -10.918  51.056 0.0000000000
128670  23.565  -10.982  50.425 0.0000000000
128692  20.307  -12.485  59.950 0.0000000000
128693  20.106  -11.792  59.462 0.0000000000
128695  20.121  -11.250  59.102 0.0000000000
128696  19.889  -10.943  59.020 0.0000000000
128697  19.719  -10.240  58.611 0.0000000000
128698  19.803  -9.356  58.394 0.0000000000
128755  23.859  -11.148  49.990 0.0000000000
128756  23.957  -11.617  50.589 0.0000000000
128757  24.537  -12.204  50.862 0.0000000000
128758  24.998  -12.626  51.058 0.0000000000
128759  24.803  -12.676  52.021 0.0000000000
128760  25.179  -12.977  51.974 0.0000000000
128761  25.606  -13.117  51.700 0.0000000000
128762  26.193  -13.444  52.346 0.0000000000
128763  26.833  -13.652  52.795 0.0000000000
128764  27.524  -13.868  53.352 0.0000000000
128765  25.423  -13.580  54.678 0.0000000000
128766  25.779  -13.706  54.429 0.0000000000
128767  26.271  -13.963  54.323 0.0000000000
128768  27.043  -14.355  55.764 0.0000000000
128769  26.963  -14.039  54.748 0.0000000000
128770  26.658  -14.006  54.404 0.0000000000
128771  27.237  -14.002  54.066 0.0000000000
128772  27.671  -14.011  54.096 0.0000000000
128773  28.156  -13.946  54.196 0.0000000000
128774  28.809  -14.097  55.062 0.0000000000
130951  21.801  -0.282  52.924 0.0000000000
130952  21.714  0.381  53.201 0.0000000000
130953  21.693  0.212  52.629 0.0000000000
130954  21.690  1.016  52.214 0.0000000000
130955  21.627  1.646  51.810 0.0000000000
130956  21.763  0.775  50.993 0.0000000000
130957  21.624  1.598  51.180 0.0000000000
130958  21.556  2.281  51.364 0.0000000000
130959  21.598  2.844  50.973 0.0000000000
130960  21.659  3.354  50.556 0.0000000000
130961  21.674  3.917  50.102 0.0000000000
130962  22.176  0.750  48.612 0.0000000000
130963  22.053  1.589  48.713 0.0000000000
130964  22.028  2.189  48.994 0.0000000000
130965  22.411  2.720  48.156 0.0000000000
130966  22.226  2.771  48.672 0.0000000000
130967  21.982  2.711  49.231 0.0000000000
130968  21.949  3.327  49.414 0.0000000000
130969  21.849  3.948  49.569 0.0000000000
130970  21.751  4.528  49.659 0.0000000000
130971  21.857  4.975  49.236 0.0000000000
130974  22.621  5.465  47.899 0.0000000000
130990  24.925  4.731  46.787 0.0000000000
131048  17.997  -4.597  63.987 0.0000000000
131276  27.604  2.337  49.486 0.0000000000
131285  29.060  0.807  49.652 0.0000000000
131291  30.553  -10.511  48.654 0.0000000000
131292  30.429  -10.060  47.914 0.0000000000
131293  31.041  -10.298  48.768 0.0000000000
131294  31.461  -9.960  48.743 0.0000000000
131295  31.850  -9.688  48.886 0.0000000000
131296  32.399  -10.105  50.622 0.0000000000
131297  32.342  -9.763  49.830 0.0000000000
131298  32.221  -9.377  48.983 0.0000000000
131299  32.651  -9.084  49.078 0.0000000000
131300  33.007  -8.792  49.137 0.0000000000
131301  33.398  -8.504  49.226 0.0000000000
131302  34.676  -9.658  54.385 0.0000000000
131303  34.497  -9.531  53.541 0.0000000000
131304  34.370  -9.336  52.681 0.0000000000
131305  35.415  -8.883  53.758 0.0000000000
131306  34.818  -9.045  52.801 0.0000000000
131307  34.266  -9.120  51.807 0.0000000000
131308  34.024  -8.860  50.935 0.0000000000
131309  33.938  -8.529  50.100 0.0000000000
131310  33.865  -8.205  49.196 0.0000000000
131311  34.315  -7.910  49.237 0.0000000000
131312  34.732  -7.657  49.249 0.0000000000
131313  35.181  -7.450  49.250 0.0000000000
131314  35.768  -7.729  51.127 0.0000000000
131315  35.713  -7.496  50.135 0.0000000000
131316  35.660  -7.232  49.263 0.0000000000
131317  36.204  -7.100  49.232 0.0000000000
131318  36.759  -6.966  49.322 0.0000000000
131319  37.313  -6.894  49.393 0.0000000000
131320  37.879  -6.805  49.427 0.0000000000
131321  37.891  -6.855  50.364 0.0000000000
131322  38.474  -6.746  51.336 0.0000000000
131323  39.013  -6.569  52.198 0.0000000000
131324  38.528  -6.838  53.053 0.0000000000
131325  39.081  -6.630  53.083 0.0000000000
131326  39.589  -6.449  53.084 0.0000000000
131327  40.223  -6.310  53.852 0.0000000000
131328  40.874  -6.274  54.504 0.0000000000
131329  41.502  -6.342  55.029 0.0000000000
131330  39.045  -7.236  56.312 0.0000000000
131331  39.577  -7.022  56.214 0.0000000000
131332  40.096  -6.817  56.086 0.0000000000
131333  40.786  -7.186  57.143 0.0000000000
131334  40.748  -6.885  56.540 0.0000000000
131335  40.630  -6.668  55.927 0.0000000000
131336  41.138  -6.587  55.748 0.0000000000
131337  41.581  -6.566  55.588 0.0000000000
131338  42.011  -6.582  55.385 0.0000000000
131339  42.403  -6.941  55.570 0.0000000000
137762  22.422  -0.026  63.603 0.0000000000
137763  22.825  0.532  63.483 0.0000000000
137764  22.686  -0.037  63.179 0.0000000000
137765  22.772  -0.397  62.734 0.0000000000
137766  22.798  -0.495  62.192 0.0000000000
137767  22.323  -1.442  61.902 0.0000000000
137768  22.601  -1.013  61.818 0.0000000000
137769  22.752  -0.821  61.538 0.0000000000
137770  22.789  -0.687  60.823 0.0000000000
137771  22.667  -0.830  60.103 0.0000000000
137772  22.547  -0.717  59.418 0.0000000000
137773  21.305  -3.375  60.153 0.0000000000
137774  21.639  -2.908  60.123 0.0000000000
137775  21.801  -2.760  59.886 0.0000000000
137776  21.533  -3.183  58.838 0.0000000000
137777  21.782  -2.749  59.345 0.0000000000
137778  22.039  -2.237  59.733 0.0000000000
137779  22.118  -1.868  59.383 0.0000000000
137780  22.354  -1.248  59.068 0.0000000000
137781  22.411  -0.763  58.666 0.0000000000
137782  22.308  -0.775  57.933 0.0000000000
137783  22.113  -0.784  57.255 0.0000000000
137784  22.138  -0.702  56.529 0.0000000000
137785  21.840  -1.897  56.712 0.0000000000
137786  21.980  -1.223  56.319 0.0000000000
137787  22.046  -0.702  55.859 0.0000000000
137788  22.048  -0.752  55.175 0.0000000000
137789  21.926  -0.819  54.515 0.0000000000
137790  21.852  -0.844  53.936 0.0000000000
137791  20.208  -7.316  57.736 0.0000000000
137792  20.368  -6.835  57.427 0.0000000000
137793  20.456  -6.712  56.970 0.0000000000
137794  20.726  -7.221  56.209 0.0000000000
137795  20.634  -6.713  56.427 0.0000000000
137796  20.597  -5.991  56.684 0.0000000000
137797  20.854  -5.841  56.386 0.0000000000
137798  20.954  -5.386  56.095 0.0000000000
137799  21.071  -5.054  55.860 0.0000000000
137800  21.383  -8.144  54.066 0.0000000000
137801  21.264  -7.605  54.236 0.0000000000
137802  21.176  -6.898  54.408 0.0000000000
137803  21.420  -6.496  53.492 0.0000000000
137804  21.293  -6.443  54.082 0.0000000000
137805  21.161  -6.271  54.658 0.0000000000
137806  21.148  -5.729  54.931 0.0000000000
137807  21.119  -5.179  55.281 0.0000000000
137808  21.334  -4.764  55.626 0.0000000000
137809  21.384  -4.134  55.357 0.0000000000
137810  21.515  -3.799  55.039 0.0000000000
137811  21.644  -3.131  54.714 0.0000000000
137812  21.701  -3.792  53.788 0.0000000000
137813  21.701  -3.198  54.046 0.0000000000
137814  21.716  -2.796  54.371 0.0000000000
137815  21.831  -2.039  53.987 0.0000000000
137816  21.937  -1.498  53.574 0.0000000000
137817  21.909  -0.886  53.240 0.0000000000
137818  21.908  -0.986  52.677 0.0000000000
137819  21.920  -1.080  52.042 0.0000000000
137820  21.949  -1.042  51.413 0.0000000000
137821  22.072  -2.145  51.439 0.0000000000
137822  22.019  -1.737  51.115 0.0000000000
137823  22.039  -1.061  50.777 0.0000000000
137824  21.999  -1.100  50.192 0.0000000000
137825  22.170  -1.190  49.617 0.0000000000
137826  22.262  -1.224  49.021 0.0000000000
137827  22.177  -4.830  50.208 0.0000000000
137828  22.287  -4.295  49.830 0.0000000000
137829  22.322  -3.675  49.595 0.0000000000
137830  22.528  -4.315  48.675 0.0000000000
137831  22.483  -3.716  48.923 0.0000000000
137832  22.311  -3.015  49.249 0.0000000000
137833  22.352  -2.357  49.000 0.0000000000
137834  22.381  -1.799  48.738 0.0000000000
137835  22.439  -1.176  48.446 0.0000000000
137836  22.613  -1.161  47.922 0.0000000000
137837  22.810  -1.055  47.414 0.0000000000
137838  23.087  -1.017  47.015 0.0000000000
137839  23.108  -2.273  46.886 0.0000000000
137840  23.266  -1.566  46.739 0.0000000000
137841  23.427  -0.886  46.615 0.0000000000
137842  23.790  -0.776  46.277 0.0000000000
137843  24.139  -0.703  46.088 0.0000000000
137844  24.560  -0.604  45.879 0.0000000000
137908  17.587  -6.099  62.587 0.0000000000
137909  18.076  -5.339  62.927 0.0000000000
137910  17.953  -8.211  60.762 0.0000000000
137911  18.014  -7.635  61.127 0.0000000000
137912  18.073  -6.990  61.463 0.0000000000
137913  18.694  -5.816  61.373 0.0000000000
137914  18.401  -6.102  61.661 0.0000000000
137915  18.114  -6.340  61.822 0.0000000000
137916  18.231  -5.766  62.257 0.0000000000
137917  18.374  -5.287  62.641 0.0000000000
137918  18.585  -4.769  63.033 0.0000000000
137919  19.128  -3.978  63.257 0.0000000000
137920  19.660  -3.176  63.296 0.0000000000
137921  20.174  -2.536  63.341 0.0000000000
137922  20.321  -2.763  62.532 0.0000000000
137923  20.615  -2.259  63.045 0.0000000000
137924  20.873  -1.814  63.463 0.0000000000
137925  21.494  -1.184  63.572 0.0000000000
137926  21.995  -0.559  63.630 0.0000000000
138091  24.943  -0.801  45.784 0.0000000000
138092  24.680  -1.438  45.682 0.0000000000
138093  24.820  -2.229  45.498 0.0000000000
138094  24.981  -3.021  45.321 0.0000000000
138095  24.394  -3.754  45.493 0.0000000000
138096  24.803  -3.685  45.274 0.0000000000
138097  25.144  -3.834  45.101 0.0000000000
138098  25.358  -4.704  44.963 0.0000000000
138099  25.639  -5.507  44.860 0.0000000000
138100  25.890  -6.377  44.680 0.0000000000
138101  23.963  -6.479  45.997 0.0000000000
138102  24.255  -6.719  45.698 0.0000000000
138103  24.594  -6.943  45.474 0.0000000000
138104  24.865  -8.489  45.789 0.0000000000
138105  24.871  -7.740  45.448 0.0000000000
138106  24.960  -6.992  45.200 0.0000000000
138107  25.362  -6.965  44.901 0.0000000000
138108  25.769  -7.170  44.849 0.0000000000
138109  26.170  -7.111  44.670 0.0000000000
138110  26.562  -7.771  44.781 0.0000000000
138111  27.038  -8.425  45.110 0.0000000000
138112  27.505  -8.995  45.348 0.0000000000
138113  27.122  -9.640  45.786 0.0000000000
138114  27.526  -9.604  45.858 0.0000000000
138115  27.957  -9.441  45.854 0.0000000000
138116  28.486  -9.986  46.424 0.0000000000
138117  29.061  -10.341  46.969 0.0000000000
138118  29.559  -10.631  47.831 0.0000000000
138119  24.192  -11.447  49.646 0.0000000000
138120  24.581  -11.475  49.321 0.0000000000
138121  24.991  -11.770  49.234 0.0000000000
138122  25.709  -12.526  50.124 0.0000000000
138123  25.498  -12.169  49.516 0.0000000000
138124  25.350  -11.860  48.888 0.0000000000
138125  25.826  -11.844  48.774 0.0000000000
138126  26.184  -11.905  48.422 0.0000000000
138127  26.645  -11.937  48.508 0.0000000000
138128  28.256  -13.665  52.544 0.0000000000
138129  28.076  -13.410  51.742 0.0000000000
138130  27.845  -13.180  50.974 0.0000000000
138131  28.956  -13.225  51.696 0.0000000000
138132  28.400  -12.968  50.846 0.0000000000
138133  27.660  -12.859  50.340 0.0000000000
138134  27.502  -12.554  49.482 0.0000000000
138135  27.238  -12.285  48.966 0.0000000000
138136  27.095  -11.864  48.321 0.0000000000
138137  27.584  -11.789  48.207 0.0000000000
138138  27.985  -11.623  48.233 0.0000000000
138139  28.489  -11.600  48.182 0.0000000000
138140  29.245  -12.117  49.571 0.0000000000
138141  29.048  -11.837  48.939 0.0000000000
138142  28.854  -11.475  48.284 0.0000000000
138143  29.296  -11.235  48.363 0.0000000000
138144  29.776  -11.074  48.420 0.0000000000
138145  30.130  -10.750  48.511 0.0000000000
138146  30.732  -10.911  49.377 0.0000000000
138147  31.172  -10.974  50.259 0.0000000000
138148  31.756  -10.847  51.163 0.0000000000
138149  31.543  -11.286  51.681 0.0000000000
138150  31.929  -11.151  51.900 0.0000000000
138151  32.304  -10.913  52.074 0.0000000000
138152  32.903  -10.754  52.990 0.0000000000
138153  33.329  -10.643  53.947 0.0000000000
138154  33.853  -10.482  54.912 0.0000000000
138155  32.374  -12.135  54.805 0.0000000000
138156  32.638  -11.866  54.931 0.0000000000
138157  33.065  -11.583  55.164 0.0000000000
138158  33.803  -11.583  56.844 0.0000000000
138159  33.642  -11.384  56.135 0.0000000000
138160  33.333  -11.309  55.341 0.0000000000
138161  33.756  -10.980  55.519 0.0000000000
138162  34.077  -10.597  55.664 0.0000000000
138163  34.385  -10.291  55.817 0.0000000000
138164  34.988  -10.099  56.723 0.0000000000
138165  35.577  -9.876  57.618 0.0000000000
138166  36.188  -9.658  58.475 0.0000000000
138167  35.920  -10.143  59.055 0.0000000000
138168  36.301  -9.858  59.144 0.0000000000
138169  36.806  -9.520  59.264 0.0000000000
138170  37.432  -9.466  60.060 0.0000000000
140486  39.009  0.202  46.619 0.0000000000
140487  39.570  0.272  46.617 0.0000000000
140488  39.745  -0.491  45.166 0.0000000000
140489  39.899  -0.048  45.885 0.0000000000
140490  40.096  0.367  46.607 0.0000000000
140491  40.662  0.508  46.568 0.0000000000
140494  42.200  -2.378  43.871 0.0000000000
140495  42.127  -1.638  44.068 0.0000000000
140496  42.021  -0.949  44.428 0.0000000000
140498  42.643  -0.720  44.572 0.0000000000
140499  41.938  -0.324  44.911 0.0000000000
140500  41.979  0.287  45.496 0.0000000000
144445  22.989  0.880  63.250 0.0000000000
144446  23.095  1.415  63.058 0.0000000000
144447  23.204  1.758  62.686 0.0000000000
144448  23.178  1.079  61.926 0.0000000000
144449  23.236  1.632  62.087 0.0000000000
144450  23.181  2.267  62.274 0.0000000000
144451  23.198  2.826  61.819 0.0000000000
144454  22.727  1.138  58.780 0.0000000000
144455  22.816  1.737  59.054 0.0000000000
144456  22.839  2.361  59.396 0.0000000000
144457  22.380  3.003  58.238 0.0000000000
144458  22.557  2.967  58.921 0.0000000000
144459  22.812  2.851  59.682 0.0000000000
144460  22.799  3.415  59.891 0.0000000000
144466  21.689  5.620  57.932 0.0000000000
144472  21.707  1.023  53.453 0.0000000000
144473  21.576  1.786  53.712 0.0000000000
144474  21.627  2.360  54.068 0.0000000000
144475  21.422  2.818  52.977 0.0000000000
144476  21.393  2.971  53.539 0.0000000000
144477  21.507  2.975  54.238 0.0000000000
144478  21.404  3.465  54.458 0.0000000000
144479  21.280  4.052  54.648 0.0000000000
144480  21.273  4.600  54.848 0.0000000000
144481  21.374  5.174  50.999 0.0000000000
144482  21.301  5.224  51.705 0.0000000000
144483  21.171  5.203  52.310 0.0000000000
144485  21.128  5.798  52.481 0.0000000000
144486  21.181  5.090  53.050 0.0000000000
144487  21.153  5.189  53.681 0.0000000000
144488  21.125  5.112  54.405 0.0000000000
144489  21.248  5.124  55.046 0.0000000000
144490  21.163  5.690  55.264 0.0000000000
145421  25.338  -0.813  45.736 0.0000000000
145422  25.758  -0.909  45.784 0.0000000000
145423  26.147  -1.002  45.839 0.0000000000
145424  25.992  -2.483  45.275 0.0000000000
145425  26.250  -1.801  45.558 0.0000000000
145426  26.485  -1.189  45.927 0.0000000000
145427  26.887  -1.252  46.078 0.0000000000
145428  27.296  -1.325  46.189 0.0000000000
145429  27.625  -1.310  46.364 0.0000000000
145430  26.816  -5.592  44.709 0.0000000000
145431  26.980  -4.754  44.853 0.0000000000
145432  27.112  -4.065  45.013 0.0000000000
145433  27.706  -4.781  45.014 0.0000000000
145434  27.518  -4.091  45.176 0.0000000000
145435  27.303  -3.374  45.269 0.0000000000
145436  27.557  -2.591  45.548 0.0000000000
145437  27.798  -1.974  45.938 0.0000000000
145438  27.995  -1.423  46.436 0.0000000000
145439  28.380  -1.234  46.705 0.0000000000
145440  28.782  -1.066  46.783 0.0000000000
145441  29.137  -0.845  46.832 0.0000000000
145442  29.048  -2.166  45.924 0.0000000000
145443  29.261  -1.409  46.289 0.0000000000
145444  29.464  -0.679  46.863 0.0000000000
145445  29.852  -0.348  46.912 0.0000000000
145448  30.416  -9.704  47.126 0.0000000000
145449  30.406  -9.210  46.531 0.0000000000
145450  30.290  -8.628  45.944 0.0000000000
145451  31.233  -8.735  46.616 0.0000000000
145452  30.733  -8.468  45.980 0.0000000000
145453  30.270  -7.930  45.369 0.0000000000
145454  30.166  -7.376  45.085 0.0000000000
145455  30.054  -6.798  44.825 0.0000000000
145456  30.025  -6.050  44.638 0.0000000000
145457  32.802  -7.629  46.651 0.0000000000
145458  32.396  -7.380  45.841 0.0000000000
145459  31.890  -7.205  45.338 0.0000000000
145460  32.188  -6.369  44.661 0.0000000000
145461  31.813  -6.565  44.805 0.0000000000
145462  31.405  -6.697  44.886 0.0000000000
145463  30.915  -6.206  44.632 0.0000000000
145464  30.388  -5.858  44.608 0.0000000000
145465  30.020  -5.361  44.594 0.0000000000
145466  30.021  -4.476  44.577 0.0000000000
145467  30.061  -3.648  44.690 0.0000000000
145468  30.126  -2.952  44.911 0.0000000000
145469  30.848  -3.330  44.486 0.0000000000
145470  30.524  -2.697  44.865 0.0000000000
145471  30.248  -2.142  45.229 0.0000000000
145472  30.390  -1.392  45.693 0.0000000000
145503  38.091  -0.847  45.146 0.0000000000
145504  38.546  -1.310  44.522 0.0000000000
145506  38.512  -1.987  43.945 0.0000000000
145507  39.019  -1.817  43.937 0.0000000000
145508  39.578  -2.345  43.634 0.0000000000
145509  40.223  -2.859  43.534 0.0000000000
145510  40.925  -3.391  43.645 0.0000000000
145512  38.697  -4.533  43.566 0.0000000000
145513  39.243  -4.423  43.586 0.0000000000
145515  39.869  -4.908  43.993 0.0000000000
145516  39.794  -4.311  43.665 0.0000000000
145517  40.420  -4.204  43.754 0.0000000000
145518  41.025  -4.074  43.857 0.0000000000
145519  41.601  -3.900  43.959 0.0000000000
145520  42.257  -4.327  44.506 0.0000000000
145523  42.636  -5.255  46.543 0.0000000000
145529  38.398  -6.693  49.521 0.0000000000
145530  38.935  -6.558  49.536 0.0000000000
145531  39.452  -6.436  49.564 0.0000000000
145532  40.090  -6.319  51.386 0.0000000000
145533  40.041  -6.316  50.525 0.0000000000
145534  40.006  -6.301  49.619 0.0000000000
145535  40.543  -6.169  49.631 0.0000000000
145536  41.052  -6.040  49.663 0.0000000000
145537  41.620  -5.858  49.728 0.0000000000
145538  42.415  -6.162  54.186 0.0000000000
145539  42.336  -6.021  53.615 0.0000000000
145540  42.299  -5.912  52.912 0.0000000000
145541  43.357  -6.060  53.388 0.0000000000
145542  42.833  -5.870  52.845 0.0000000000
145543  42.270  -5.873  52.201 0.0000000000
145544  42.259  -5.842  51.432 0.0000000000
145545  42.204  -5.771  50.667 0.0000000000
145546  42.166  -5.698  49.821 0.0000000000
145547  42.709  -5.552  49.907 0.0000000000
145550  44.432  -5.420  51.588 0.0000000000
152500  40.017  1.623  48.467 0.0000000000
