#!ascii label  , from subject fsaverage vox2ras=TkReg coords=white
1791
259  49.264  32.803  -8.704 0.0000000000
322  29.429  21.365  -17.523 0.0000000000
383  54.608  23.837  12.211 0.0000000000
516  37.880  25.574  -16.709 0.0000000000
518  44.689  29.269  -13.389 0.0000000000
738  51.297  28.518  1.345 0.0000000000
739  47.387  30.278  -0.546 0.0000000000
802  27.779  22.406  -12.683 0.0000000000
803  26.235  17.911  -13.533 0.0000000000
804  28.438  16.708  -10.741 0.0000000000
1132  35.776  31.130  -13.493 0.0000000000
1136  43.476  31.310  -6.276 0.0000000000
1137  47.402  32.289  -12.329 0.0000000000
1617  45.958  35.978  -7.301 0.0000000000
1618  50.516  32.896  -5.147 0.0000000000
1619  44.891  32.298  -3.268 0.0000000000
1852  53.064  27.415  4.461 0.0000000000
1853  52.699  24.376  7.529 0.0000000000
1854  53.654  27.328  8.435 0.0000000000
2189  33.718  23.660  -17.629 0.0000000000
2190  32.277  24.883  -12.492 0.0000000000
2194  46.740  38.360  -12.350 0.0000000000
2195  42.890  36.139  -12.818 0.0000000000
2196  39.689  32.159  -11.123 0.0000000000
2197  41.579  26.464  -14.368 0.0000000000
2658  50.094  27.030  3.323 0.0000000000
2659  47.833  28.145  2.680 0.0000000000
2722  27.480  22.062  -10.478 0.0000000000
2723  26.836  19.850  -11.088 0.0000000000
3057  43.040  30.735  -7.430 0.0000000000
3654  50.189  35.314  -4.189 0.0000000000
3655  51.325  33.203  -3.179 0.0000000000
3657  46.006  31.486  -1.665 0.0000000000
3849  27.706  19.787  -17.745 0.0000000000
3850  28.195  14.887  -13.246 0.0000000000
3851  26.903  15.128  -14.365 0.0000000000
4072  53.060  29.168  4.935 0.0000000000
4073  53.694  27.423  6.204 0.0000000000
4074  52.641  28.945  6.954 0.0000000000
4116  52.950  29.461  3.241 0.0000000000
4770  54.291  23.929  9.285 0.0000000000
4771  52.038  22.296  8.838 0.0000000000
4772  53.519  22.157  11.200 0.0000000000
4833  36.131  27.175  -17.397 0.0000000000
4834  34.397  25.766  -18.526 0.0000000000
4835  35.661  24.678  -17.305 0.0000000000
4836  33.266  24.196  -15.026 0.0000000000
4837  35.674  24.731  -14.834 0.0000000000
4846  48.456  34.373  -8.149 0.0000000000
4847  46.298  37.323  -10.268 0.0000000000
4848  47.924  34.931  -10.794 0.0000000000
4849  45.991  30.929  -13.151 0.0000000000
4850  45.534  34.108  -13.533 0.0000000000
4851  43.849  32.633  -13.575 0.0000000000
4852  41.266  34.112  -11.063 0.0000000000
4853  42.633  30.460  -12.994 0.0000000000
4854  41.078  29.062  -13.546 0.0000000000
4855  43.216  27.466  -13.537 0.0000000000
5936  51.914  30.285  -0.313 0.0000000000
5937  50.793  30.808  -1.701 0.0000000000
5938  49.062  29.080  0.431 0.0000000000
5939  45.452  28.822  1.876 0.0000000000
6052  28.495  22.230  -15.039 0.0000000000
6053  26.921  20.363  -15.244 0.0000000000
6054  26.577  20.372  -13.077 0.0000000000
6055  27.104  17.417  -12.005 0.0000000000
6056  29.659  14.507  -12.333 0.0000000000
6606  54.552  23.472  15.398 0.0000000000
6607  54.538  21.773  14.128 0.0000000000
6608  55.272  20.783  16.426 0.0000000000
6645  34.903  29.966  -15.147 0.0000000000
6646  37.542  28.425  -16.283 0.0000000000
6652  47.082  31.864  -8.227 0.0000000000
6653  48.505  32.805  -11.035 0.0000000000
6654  46.655  31.379  -9.967 0.0000000000
6655  45.649  30.541  -10.906 0.0000000000
6656  44.732  29.038  -11.455 0.0000000000
6657  43.518  27.276  -11.778 0.0000000000
7612  46.920  36.407  -5.047 0.0000000000
7613  49.412  34.745  -6.274 0.0000000000
7614  50.007  32.801  -6.826 0.0000000000
7615  49.353  31.657  -2.870 0.0000000000
7616  48.072  32.072  -4.354 0.0000000000
7617  47.345  32.306  -6.120 0.0000000000
7618  44.163  32.276  -5.158 0.0000000000
7887  25.906  18.187  -15.463 0.0000000000
8182  51.161  26.360  4.391 0.0000000000
8183  50.537  25.391  6.371 0.0000000000
8184  52.866  26.072  5.795 0.0000000000
8185  54.203  25.804  7.806 0.0000000000
8186  54.260  25.638  10.142 0.0000000000
8188  52.560  26.616  10.807 0.0000000000
8189  53.641  25.150  13.267 0.0000000000
8190  53.143  24.648  16.231 0.0000000000
8237  52.570  29.860  1.446 0.0000000000
8238  52.334  27.819  2.890 0.0000000000
9129  31.671  22.522  -17.702 0.0000000000
9130  30.758  23.413  -15.088 0.0000000000
9131  29.869  23.881  -12.627 0.0000000000
9143  45.677  41.125  -11.128 0.0000000000
9144  44.713  41.067  -13.104 0.0000000000
9145  47.295  35.055  -12.620 0.0000000000
9146  45.279  37.765  -13.585 0.0000000000
9147  42.171  39.347  -12.768 0.0000000000
9148  40.007  37.328  -10.086 0.0000000000
9151  37.602  31.237  -12.038 0.0000000000
9152  39.272  28.671  -14.990 0.0000000000
9153  39.743  26.058  -15.504 0.0000000000
9154  41.895  25.864  -12.360 0.0000000000
9155  40.093  25.168  -13.082 0.0000000000
9156  37.997  24.921  -13.967 0.0000000000
9157  34.635  25.443  -11.867 0.0000000000
10338  49.184  26.488  4.168 0.0000000000
11335  51.607  33.116  -2.253 0.0000000000
11529  28.540  20.569  -17.622 0.0000000000
11530  29.622  13.417  -13.726 0.0000000000
11753  52.923  29.058  5.981 0.0000000000
12450  54.553  23.908  10.641 0.0000000000
12451  54.090  22.886  10.126 0.0000000000
12452  54.448  22.884  11.600 0.0000000000
12513  37.190  26.366  -17.292 0.0000000000
12514  36.247  25.756  -17.810 0.0000000000
12515  36.808  25.147  -17.063 0.0000000000
12516  35.840  24.574  -16.122 0.0000000000
12517  36.961  24.839  -15.955 0.0000000000
12526  49.199  33.551  -8.516 0.0000000000
12527  48.103  34.615  -9.490 0.0000000000
12528  48.866  33.748  -9.820 0.0000000000
12529  45.284  30.165  -13.335 0.0000000000
12530  45.116  31.739  -13.790 0.0000000000
12531  44.504  30.812  -13.692 0.0000000000
12532  43.271  31.542  -13.230 0.0000000000
12533  43.877  29.816  -13.582 0.0000000000
12534  43.206  28.877  -13.536 0.0000000000
12535  44.002  28.348  -13.371 0.0000000000
13733  51.769  29.323  0.494 0.0000000000
13734  50.848  29.455  -0.158 0.0000000000
13735  50.237  28.734  0.780 0.0000000000
13737  46.575  28.406  2.366 0.0000000000
13927  28.052  22.378  -13.842 0.0000000000
13928  27.296  21.493  -14.042 0.0000000000
13929  27.054  21.442  -12.873 0.0000000000
13930  27.394  18.211  -10.766 0.0000000000
13931  26.854  18.650  -11.505 0.0000000000
13932  27.719  17.104  -11.319 0.0000000000
13933  28.247  15.927  -11.973 0.0000000000
13934  29.001  15.616  -11.467 0.0000000000
14851  54.952  22.166  16.054 0.0000000000
14852  54.896  21.568  17.229 0.0000000000
14915  35.333  30.684  -14.236 0.0000000000
14916  36.213  29.514  -15.928 0.0000000000
14917  36.764  29.902  -15.182 0.0000000000
14926  45.360  31.626  -7.404 0.0000000000
14927  46.950  31.612  -9.214 0.0000000000
14928  45.191  31.200  -8.188 0.0000000000
14929  42.800  30.504  -7.995 0.0000000000
14930  44.573  30.738  -9.328 0.0000000000
14931  44.174  30.201  -9.803 0.0000000000
14932  45.203  29.819  -11.204 0.0000000000
16719  45.180  37.144  -4.408 0.0000000000
16720  47.270  36.858  -3.893 0.0000000000
16721  50.662  34.049  -4.832 0.0000000000
16722  49.857  34.884  -5.362 0.0000000000
16723  50.412  33.845  -5.854 0.0000000000
16724  50.109  33.774  -6.752 0.0000000000
16725  50.209  32.828  -5.988 0.0000000000
16726  49.236  30.292  -1.162 0.0000000000
16727  50.084  31.281  -2.251 0.0000000000
16728  48.431  30.986  -1.639 0.0000000000
16729  45.386  31.929  -2.411 0.0000000000
16730  47.060  31.806  -3.028 0.0000000000
16731  46.518  32.183  -3.830 0.0000000000
16732  47.622  32.197  -5.112 0.0000000000
16733  46.086  32.325  -4.693 0.0000000000
16734  45.797  32.338  -5.721 0.0000000000
16735  44.467  32.384  -4.247 0.0000000000
17310  26.188  19.256  -14.180 0.0000000000
17311  26.314  19.257  -15.324 0.0000000000
17312  25.999  18.019  -14.428 0.0000000000
17977  52.321  26.767  4.278 0.0000000000
17978  52.045  26.247  5.045 0.0000000000
17979  52.984  26.692  4.964 0.0000000000
17980  53.830  27.466  7.316 0.0000000000
17981  54.018  26.702  7.046 0.0000000000
17982  54.219  26.592  8.130 0.0000000000
17983  54.431  25.715  8.882 0.0000000000
17984  54.030  26.480  9.240 0.0000000000
17991  53.030  25.860  11.971 0.0000000000
17992  52.691  25.542  13.527 0.0000000000
17993  53.436  24.877  14.789 0.0000000000
17994  52.403  25.256  14.947 0.0000000000
18107  52.511  30.723  1.850 0.0000000000
18108  53.029  28.356  3.699 0.0000000000
18109  52.797  28.504  2.950 0.0000000000
18110  52.670  27.555  3.642 0.0000000000
18111  51.869  26.902  3.649 0.0000000000
20070  51.677  24.846  6.911 0.0000000000
20072  51.344  23.785  7.766 0.0000000000
20073  51.279  21.612  9.791 0.0000000000
20074  50.381  21.730  8.759 0.0000000000
20079  53.648  20.943  13.652 0.0000000000
20261  34.285  24.542  -18.450 0.0000000000
20263  33.505  23.963  -18.697 0.0000000000
20264  32.616  23.245  -18.816 0.0000000000
20265  32.694  23.182  -17.674 0.0000000000
20266  31.170  22.956  -16.330 0.0000000000
20267  32.387  23.353  -16.364 0.0000000000
20268  32.825  24.570  -13.729 0.0000000000
20269  31.558  24.212  -13.754 0.0000000000
20270  31.072  24.452  -12.605 0.0000000000
20272  30.459  24.562  -11.419 0.0000000000
20299  46.762  38.061  -11.367 0.0000000000
20300  46.030  39.361  -10.792 0.0000000000
20301  46.373  39.909  -11.886 0.0000000000
20302  45.470  41.336  -12.326 0.0000000000
20303  45.957  39.938  -12.765 0.0000000000
20304  48.044  32.622  -11.812 0.0000000000
20305  48.040  33.815  -11.931 0.0000000000
20306  47.454  33.549  -12.590 0.0000000000
20307  44.297  35.254  -13.700 0.0000000000
20308  45.361  35.909  -13.554 0.0000000000
20309  44.138  37.052  -13.578 0.0000000000
20310  43.889  38.733  -13.496 0.0000000000
20311  42.547  37.716  -12.745 0.0000000000
20312  41.007  38.332  -11.410 0.0000000000
20313  41.521  36.716  -11.400 0.0000000000
20314  40.498  33.115  -10.876 0.0000000000
20315  39.786  34.702  -9.825 0.0000000000
20318  37.944  32.946  -9.769 0.0000000000
20319  36.818  32.461  -10.145 0.0000000000
20320  38.627  31.535  -11.477 0.0000000000
20321  41.509  27.728  -14.216 0.0000000000
20322  40.164  28.816  -14.242 0.0000000000
20323  40.659  27.452  -14.886 0.0000000000
20324  39.771  27.323  -15.532 0.0000000000
20325  40.710  26.216  -14.915 0.0000000000
20326  42.052  26.871  -10.767 0.0000000000
20327  42.765  26.460  -12.024 0.0000000000
20330  39.561  25.409  -11.700 0.0000000000
20332  39.114  24.993  -13.573 0.0000000000
20334  36.457  25.151  -12.943 0.0000000000
20335  35.710  25.545  -11.531 0.0000000000
23216  50.820  27.814  2.357 0.0000000000
23217  49.688  28.281  1.878 0.0000000000
23218  49.102  27.695  2.934 0.0000000000
23219  47.227  27.543  3.632 0.0000000000
23332  27.522  22.295  -11.543 0.0000000000
23333  26.982  21.310  -11.775 0.0000000000
23334  27.061  20.931  -10.781 0.0000000000
23335  27.218  19.373  -10.307 0.0000000000
23336  28.017  17.787  -10.072 0.0000000000
23926  34.804  32.029  -11.258 0.0000000000
23932  41.592  31.073  -5.006 0.0000000000
23933  43.209  30.895  -6.864 0.0000000000
23934  41.336  30.652  -5.589 0.0000000000
23935  41.134  30.472  -6.132 0.0000000000
25009  50.465  35.630  -3.061 0.0000000000
25010  50.981  34.320  -3.743 0.0000000000
25011  50.889  33.119  -4.158 0.0000000000
25013  46.746  30.961  -1.008 0.0000000000
25015  44.409  31.519  -1.050 0.0000000000
25016  43.848  31.964  -1.827 0.0000000000
25017  43.343  32.280  -2.645 0.0000000000
25360  28.029  19.396  -18.976 0.0000000000
25362  26.978  16.367  -13.167 0.0000000000
25363  26.454  16.516  -13.866 0.0000000000
25364  27.562  14.983  -13.742 0.0000000000
25365  28.172  13.694  -14.546 0.0000000000
25762  53.249  28.415  4.627 0.0000000000
25763  53.480  27.436  5.271 0.0000000000
25764  53.413  28.285  5.599 0.0000000000
25765  53.403  28.245  6.580 0.0000000000
25766  53.173  28.168  7.634 0.0000000000
25840  52.569  30.482  2.793 0.0000000000
25841  52.589  30.183  3.618 0.0000000000
25842  52.969  29.297  4.025 0.0000000000
27018  53.684  24.019  8.277 0.0000000000
27019  52.459  23.276  8.203 0.0000000000
27020  53.408  22.976  8.992 0.0000000000
27021  52.894  22.117  9.799 0.0000000000
27022  52.129  21.591  11.040 0.0000000000
27131  34.979  27.883  -17.259 0.0000000000
27133  35.286  26.441  -18.002 0.0000000000
27134  35.191  25.118  -18.139 0.0000000000
27135  34.674  24.128  -17.487 0.0000000000
27136  33.509  23.803  -16.320 0.0000000000
27137  34.702  24.240  -16.262 0.0000000000
27138  34.476  24.513  -14.909 0.0000000000
27139  34.087  24.847  -13.652 0.0000000000
27154  47.178  35.129  -7.759 0.0000000000
27155  45.831  36.488  -8.816 0.0000000000
27156  46.930  35.470  -9.161 0.0000000000
27157  47.186  36.214  -10.536 0.0000000000
27158  47.306  36.653  -11.664 0.0000000000
27159  46.724  31.647  -12.720 0.0000000000
27160  46.682  33.103  -13.012 0.0000000000
27161  45.883  32.424  -13.478 0.0000000000
27162  44.650  33.482  -13.855 0.0000000000
27163  43.311  34.434  -13.116 0.0000000000
27164  41.979  35.105  -11.695 0.0000000000
27165  42.539  33.344  -12.414 0.0000000000
27166  41.908  32.331  -12.094 0.0000000000
27167  41.212  31.294  -12.148 0.0000000000
27168  40.395  30.558  -12.407 0.0000000000
27169  41.890  29.661  -13.098 0.0000000000
27170  42.364  28.186  -13.781 0.0000000000
27171  42.401  26.885  -13.898 0.0000000000
29210  52.106  31.403  -0.896 0.0000000000
29211  51.637  31.718  -1.726 0.0000000000
29212  51.348  30.392  -1.070 0.0000000000
29213  49.913  29.766  -0.769 0.0000000000
29214  48.076  29.605  -0.105 0.0000000000
29215  48.454  28.649  1.573 0.0000000000
29216  47.258  28.983  1.152 0.0000000000
29217  46.318  29.597  0.703 0.0000000000
29482  28.949  21.905  -16.229 0.0000000000
29483  28.030  21.081  -16.298 0.0000000000
29484  27.627  21.378  -15.133 0.0000000000
29485  26.658  20.439  -14.105 0.0000000000
29486  26.268  19.193  -13.273 0.0000000000
29487  26.580  20.151  -12.039 0.0000000000
29488  26.469  18.942  -12.324 0.0000000000
29489  26.625  17.710  -12.719 0.0000000000
29490  27.602  16.125  -12.552 0.0000000000
29491  28.925  14.726  -12.767 0.0000000000
29492  30.395  13.225  -13.349 0.0000000000
30774  54.637  23.831  13.815 0.0000000000
30775  54.698  22.874  13.239 0.0000000000
30776  54.822  22.664  14.734 0.0000000000
30777  55.016  21.334  15.426 0.0000000000
30779  55.184  20.235  17.351 0.0000000000
30780  55.392  19.263  16.337 0.0000000000
30865  34.420  29.148  -16.078 0.0000000000
30866  35.687  28.753  -16.556 0.0000000000
30867  36.907  27.855  -16.822 0.0000000000
30868  38.050  26.878  -16.772 0.0000000000
30880  48.461  32.168  -8.676 0.0000000000
30881  48.931  32.905  -10.020 0.0000000000
30882  48.265  32.105  -9.798 0.0000000000
30883  47.959  32.019  -10.714 0.0000000000
30884  47.473  31.752  -11.329 0.0000000000
30885  44.947  31.009  -8.808 0.0000000000
30886  46.263  31.109  -10.500 0.0000000000
30887  46.828  31.263  -11.808 0.0000000000
30888  46.078  30.577  -12.116 0.0000000000
30889  45.548  29.828  -12.411 0.0000000000
30890  44.948  29.025  -12.612 0.0000000000
30891  44.341  28.078  -12.679 0.0000000000
30892  44.140  28.159  -11.562 0.0000000000
30893  42.786  27.681  -10.506 0.0000000000
33276  46.359  36.072  -6.068 0.0000000000
33277  48.798  36.042  -4.524 0.0000000000
33278  48.289  35.588  -5.586 0.0000000000
33279  47.683  35.348  -6.567 0.0000000000
33280  48.898  34.565  -7.130 0.0000000000
33281  49.708  33.607  -7.540 0.0000000000
33282  49.613  32.706  -7.600 0.0000000000
33283  51.230  31.994  -2.523 0.0000000000
33284  50.664  32.220  -3.265 0.0000000000
33285  50.084  32.227  -4.040 0.0000000000
33286  47.724  31.487  -2.244 0.0000000000
33287  48.698  31.857  -3.529 0.0000000000
33288  49.526  32.177  -4.811 0.0000000000
33289  49.196  32.213  -5.671 0.0000000000
33290  48.886  32.301  -6.495 0.0000000000
33291  48.635  32.238  -7.494 0.0000000000
33292  47.205  32.202  -7.214 0.0000000000
33293  45.556  32.028  -6.658 0.0000000000
33294  43.848  31.851  -5.844 0.0000000000
34023  27.231  20.132  -16.388 0.0000000000
34024  26.580  19.157  -16.544 0.0000000000
34026  26.079  16.712  -14.677 0.0000000000
34027  25.769  16.872  -15.594 0.0000000000
34852  49.824  26.150  4.713 0.0000000000
34853  49.465  25.700  5.736 0.0000000000
34854  50.823  25.964  5.319 0.0000000000
34855  51.767  25.681  5.936 0.0000000000
34856  52.742  25.309  6.699 0.0000000000
34857  53.533  26.708  5.917 0.0000000000
34858  53.604  25.960  6.786 0.0000000000
34859  53.663  24.996  7.486 0.0000000000
34860  54.339  24.917  8.503 0.0000000000
34861  54.511  24.813  9.647 0.0000000000
34862  54.438  24.751  11.095 0.0000000000
34863  51.487  29.588  7.358 0.0000000000
34865  52.667  27.900  8.687 0.0000000000
34868  53.145  27.020  9.534 0.0000000000
34869  53.561  26.258  10.483 0.0000000000
34870  53.866  25.423  11.568 0.0000000000
34871  54.296  24.624  12.791 0.0000000000
34872  54.229  24.482  14.495 0.0000000000
34873  54.031  24.097  15.902 0.0000000000
34874  53.724  23.729  17.113 0.0000000000
34875  52.062  25.089  16.432 0.0000000000
35010  52.339  30.066  0.599 0.0000000000
35011  52.196  29.110  1.244 0.0000000000
35012  52.802  29.556  2.361 0.0000000000
35013  52.590  28.884  2.161 0.0000000000
35014  51.899  28.169  2.130 0.0000000000
35015  51.422  27.336  3.011 0.0000000000
35016  50.650  26.591  3.814 0.0000000000
37395  49.076  24.945  6.939 0.0000000000
37398  50.945  22.686  8.163 0.0000000000
37404  54.064  22.051  12.613 0.0000000000
37405  52.863  21.383  12.374 0.0000000000
37620  30.720  21.658  -18.959 0.0000000000
37629  30.486  21.995  -17.635 0.0000000000
37630  29.981  22.473  -16.270 0.0000000000
37631  29.545  22.870  -15.083 0.0000000000
37632  29.151  23.114  -13.872 0.0000000000
37633  31.940  23.826  -15.062 0.0000000000
37634  30.326  23.707  -13.808 0.0000000000
37635  28.786  23.217  -12.692 0.0000000000
37636  28.392  23.194  -11.526 0.0000000000
37637  28.101  23.019  -10.399 0.0000000000
37673  44.332  42.486  -12.646 0.0000000000
37675  48.510  33.945  -11.082 0.0000000000
37676  47.803  35.137  -11.769 0.0000000000
37677  47.095  36.705  -12.561 0.0000000000
37678  46.498  34.652  -13.155 0.0000000000
37679  46.363  36.427  -13.150 0.0000000000
37680  46.230  38.227  -13.131 0.0000000000
37681  45.008  39.484  -13.452 0.0000000000
37682  43.458  40.356  -13.436 0.0000000000
37685  39.493  38.860  -10.122 0.0000000000
37687  40.638  35.724  -10.390 0.0000000000
37695  36.605  31.177  -12.763 0.0000000000
37696  39.426  30.121  -13.011 0.0000000000
37697  38.270  30.060  -13.738 0.0000000000
37698  37.505  30.040  -14.468 0.0000000000
37699  38.389  28.624  -15.650 0.0000000000
37700  38.871  27.173  -16.157 0.0000000000
37701  38.847  25.810  -16.150 0.0000000000
37702  43.624  27.192  -12.763 0.0000000000
37703  42.829  26.466  -13.093 0.0000000000
37704  41.991  25.913  -13.439 0.0000000000
37706  41.030  25.383  -12.652 0.0000000000
37707  41.074  25.522  -13.885 0.0000000000
37708  40.139  25.374  -14.394 0.0000000000
37709  39.134  25.172  -14.887 0.0000000000
37710  38.113  25.058  -15.502 0.0000000000
37711  36.889  24.854  -14.464 0.0000000000
37712  35.330  25.035  -13.339 0.0000000000
37713  33.452  25.184  -12.222 0.0000000000
37714  33.483  25.809  -10.460 0.0000000000
39834  30.638  14.162  -11.899 0.0000000000
39835  31.287  13.017  -12.896 0.0000000000
42247  29.660  21.117  -18.208 0.0000000000
42248  29.245  20.703  -18.301 0.0000000000
42249  28.978  20.956  -17.613 0.0000000000
43170  54.579  23.869  11.400 0.0000000000
43171  54.568  23.446  11.140 0.0000000000
43172  54.614  23.376  11.913 0.0000000000
43233  37.586  25.958  -17.059 0.0000000000
43234  37.092  25.684  -17.283 0.0000000000
43235  37.373  25.350  -16.936 0.0000000000
43236  36.950  24.953  -16.551 0.0000000000
43237  37.495  25.108  -16.417 0.0000000000
43246  49.394  33.168  -8.631 0.0000000000
43247  49.046  33.648  -9.094 0.0000000000
43248  49.172  33.242  -9.262 0.0000000000
43249  44.984  29.727  -13.391 0.0000000000
43250  44.948  30.465  -13.613 0.0000000000
43251  44.673  30.014  -13.607 0.0000000000
43252  44.193  30.310  -13.635 0.0000000000
43253  44.376  29.513  -13.586 0.0000000000
43254  44.003  29.028  -13.528 0.0000000000
43255  44.379  28.829  -13.399 0.0000000000
44453  51.567  28.853  0.865 0.0000000000
44454  51.097  28.934  0.537 0.0000000000
44455  50.796  28.591  1.026 0.0000000000
44647  27.955  22.452  -13.305 0.0000000000
44648  27.534  21.971  -13.373 0.0000000000
44649  27.424  21.954  -12.794 0.0000000000
44650  27.887  17.431  -10.712 0.0000000000
44651  27.556  17.634  -11.026 0.0000000000
44652  28.083  16.886  -11.038 0.0000000000
44653  28.283  16.362  -11.335 0.0000000000
44654  28.684  16.160  -11.118 0.0000000000
45633  35.007  31.413  -12.785 0.0000000000
45634  34.789  31.216  -13.214 0.0000000000
45635  35.555  30.968  -13.882 0.0000000000
45636  36.075  30.426  -14.835 0.0000000000
45637  36.302  30.577  -14.417 0.0000000000
45646  44.447  31.477  -6.888 0.0000000000
45647  45.264  31.399  -7.781 0.0000000000
45648  44.359  31.212  -7.201 0.0000000000
47441  50.706  33.435  -5.107 0.0000000000
47442  50.562  33.921  -5.381 0.0000000000
47443  50.533  33.348  -5.553 0.0000000000
47444  50.407  33.310  -5.994 0.0000000000
47445  50.369  32.830  -5.591 0.0000000000
47446  48.315  30.204  -0.853 0.0000000000
47447  48.844  30.640  -1.403 0.0000000000
47448  47.999  30.600  -1.090 0.0000000000
47449  45.115  32.120  -2.823 0.0000000000
47450  45.952  32.116  -3.145 0.0000000000
47451  45.670  32.215  -3.519 0.0000000000
47452  46.266  32.253  -4.222 0.0000000000
47453  45.475  32.341  -3.967 0.0000000000
47454  45.302  32.402  -4.464 0.0000000000
47455  44.719  32.402  -3.743 0.0000000000
48030  26.136  18.606  -13.828 0.0000000000
48031  26.097  18.640  -14.314 0.0000000000
48032  26.104  17.948  -13.954 0.0000000000
48697  52.752  27.063  4.346 0.0000000000
48698  52.657  26.748  4.649 0.0000000000
48699  53.046  27.057  4.698 0.0000000000
48700  53.783  27.414  7.881 0.0000000000
48701  54.031  27.062  7.723 0.0000000000
48702  53.995  26.962  8.298 0.0000000000
48703  54.168  26.520  8.688 0.0000000000
48704  53.888  26.887  8.810 0.0000000000
48828  53.062  27.868  4.081 0.0000000000
48829  52.886  27.945  3.659 0.0000000000
48830  52.853  27.473  4.045 0.0000000000
48831  52.523  27.117  3.989 0.0000000000
50790  52.172  24.545  7.189 0.0000000000
50791  51.508  24.338  7.387 0.0000000000
50792  52.040  24.050  7.581 0.0000000000
50981  34.120  24.017  -18.123 0.0000000000
50982  33.902  24.251  -18.575 0.0000000000
50983  33.664  23.766  -18.197 0.0000000000
50984  33.233  23.510  -18.297 0.0000000000
50985  33.230  23.403  -17.684 0.0000000000
50986  32.567  23.226  -17.024 0.0000000000
50987  33.133  23.433  -17.020 0.0000000000
50988  32.571  24.731  -13.099 0.0000000000
50989  31.939  24.536  -13.140 0.0000000000
50990  31.659  24.665  -12.537 0.0000000000
50991  30.740  24.536  -11.992 0.0000000000
50992  31.350  24.765  -11.940 0.0000000000
51016  45.311  36.446  -7.126 0.0000000000
51017  44.609  37.027  -7.585 0.0000000000
51018  45.170  36.602  -7.848 0.0000000000
51019  46.840  38.268  -11.942 0.0000000000
51020  46.621  38.998  -11.670 0.0000000000
51021  46.578  39.117  -12.169 0.0000000000
51022  46.214  39.952  -12.343 0.0000000000
51023  46.382  39.146  -12.601 0.0000000000
51024  47.722  32.532  -12.095 0.0000000000
51025  47.813  33.090  -12.278 0.0000000000
51026  47.464  32.909  -12.494 0.0000000000
51027  43.582  35.807  -13.406 0.0000000000
51028  44.159  36.168  -13.605 0.0000000000
51029  43.451  36.618  -13.291 0.0000000000
51030  43.323  37.437  -13.294 0.0000000000
51031  42.704  36.939  -12.763 0.0000000000
51032  41.988  37.200  -12.066 0.0000000000
51033  42.200  36.430  -12.098 0.0000000000
51034  40.098  32.624  -10.944 0.0000000000
51035  39.715  33.463  -10.252 0.0000000000
51036  39.264  32.986  -10.307 0.0000000000
51037  38.438  33.337  -9.651 0.0000000000
51038  38.824  32.560  -10.472 0.0000000000
51039  38.238  32.249  -10.637 0.0000000000
51040  39.143  31.836  -11.250 0.0000000000
51041  41.569  27.075  -14.393 0.0000000000
51042  41.069  27.570  -14.550 0.0000000000
51043  41.167  26.916  -14.674 0.0000000000
51044  40.743  26.805  -14.968 0.0000000000
51045  41.143  26.334  -14.621 0.0000000000
54053  50.544  27.429  2.843 0.0000000000
54054  49.989  27.742  2.620 0.0000000000
54055  49.630  27.376  3.099 0.0000000000
54247  27.480  22.198  -11.008 0.0000000000
54248  27.210  21.673  -11.148 0.0000000000
54249  27.248  21.491  -10.609 0.0000000000
57041  51.328  33.850  -2.961 0.0000000000
57042  51.104  34.424  -3.211 0.0000000000
57043  51.242  33.748  -3.459 0.0000000000
57044  51.034  33.690  -3.988 0.0000000000
57045  51.098  33.181  -3.657 0.0000000000
57625  28.345  19.967  -18.348 0.0000000000
57626  28.501  19.786  -18.971 0.0000000000
57627  27.914  19.557  -18.381 0.0000000000
57628  27.498  19.197  -18.413 0.0000000000
57629  27.311  19.356  -17.773 0.0000000000
57630  27.530  15.644  -13.157 0.0000000000
57631  27.229  15.694  -13.439 0.0000000000
57632  27.843  14.980  -13.487 0.0000000000
58297  53.202  28.785  4.763 0.0000000000
58298  53.365  28.336  5.091 0.0000000000
58299  53.233  28.739  5.263 0.0000000000
58300  52.806  28.987  6.498 0.0000000000
58301  53.168  28.628  6.334 0.0000000000
58302  53.068  28.597  6.801 0.0000000000
58303  53.327  28.216  7.125 0.0000000000
58304  52.937  28.562  7.313 0.0000000000
58428  52.833  29.664  4.662 0.0000000000
58429  52.801  29.703  4.200 0.0000000000
58430  53.017  29.260  4.480 0.0000000000
58431  53.119  28.892  4.318 0.0000000000
60390  54.052  23.971  8.755 0.0000000000
60391  53.554  23.485  8.645 0.0000000000
60392  53.936  23.488  9.089 0.0000000000
60393  53.850  22.511  10.607 0.0000000000
60394  53.555  22.520  9.918 0.0000000000
60395  53.242  22.176  10.446 0.0000000000
60396  52.453  21.852  10.383 0.0000000000
60397  52.891  21.844  11.056 0.0000000000
60578  35.572  27.531  -17.361 0.0000000000
60579  35.145  27.132  -17.693 0.0000000000
60580  35.735  26.820  -17.708 0.0000000000
60581  36.002  25.159  -17.653 0.0000000000
60582  35.728  25.438  -17.984 0.0000000000
60583  35.480  24.820  -17.759 0.0000000000
60584  34.969  24.546  -17.877 0.0000000000
60585  35.142  24.406  -17.380 0.0000000000
60586  34.736  24.123  -16.904 0.0000000000
60587  35.241  24.377  -16.822 0.0000000000
60588  35.793  24.652  -15.488 0.0000000000
60589  35.204  24.519  -15.520 0.0000000000
60590  35.068  24.647  -14.868 0.0000000000
60591  34.295  24.684  -14.274 0.0000000000
60592  34.904  24.784  -14.237 0.0000000000
60616  47.847  34.765  -7.932 0.0000000000
60617  47.055  35.242  -8.426 0.0000000000
60618  47.623  34.840  -8.577 0.0000000000
60619  48.035  34.772  -10.172 0.0000000000
60620  47.566  35.304  -9.992 0.0000000000
60621  47.589  35.548  -10.650 0.0000000000
60622  47.251  36.447  -11.117 0.0000000000
60623  47.565  35.763  -11.262 0.0000000000
60624  46.361  31.281  -12.948 0.0000000000
60625  46.383  31.994  -13.113 0.0000000000
60626  46.030  31.637  -13.349 0.0000000000
60627  44.505  32.167  -13.815 0.0000000000
60628  44.884  32.594  -13.889 0.0000000000
60629  44.198  33.090  -13.763 0.0000000000
60630  43.958  33.973  -13.644 0.0000000000
60631  43.549  33.527  -13.321 0.0000000000
60632  42.898  33.900  -12.710 0.0000000000
60633  43.227  33.028  -13.062 0.0000000000
60634  42.951  31.009  -13.055 0.0000000000
60635  42.588  31.930  -12.672 0.0000000000
60636  42.261  31.395  -12.585 0.0000000000
60637  41.548  31.825  -12.074 0.0000000000
60638  41.927  30.861  -12.594 0.0000000000
60639  41.539  30.464  -12.637 0.0000000000
60640  42.283  30.046  -13.053 0.0000000000
60641  43.261  28.183  -13.589 0.0000000000
60642  42.764  28.530  -13.586 0.0000000000
60643  42.845  27.777  -13.712 0.0000000000
60644  42.414  27.510  -13.891 0.0000000000
60645  42.805  27.160  -13.670 0.0000000000
64238  52.011  30.835  -0.611 0.0000000000
64239  51.757  30.891  -1.039 0.0000000000
64240  51.632  30.329  -0.691 0.0000000000
64241  50.017  29.208  0.081 0.0000000000
64242  50.364  29.569  -0.488 0.0000000000
64243  49.454  29.386  -0.187 0.0000000000
64244  49.037  29.672  -0.468 0.0000000000
64245  48.485  29.297  0.133 0.0000000000
64246  48.867  28.274  2.248 0.0000000000
64247  49.099  28.513  1.691 0.0000000000
64248  48.133  28.408  2.121 0.0000000000
64249  45.978  28.569  2.145 0.0000000000
64250  46.904  28.686  1.814 0.0000000000
64251  46.330  28.936  1.555 0.0000000000
64252  46.740  29.301  0.915 0.0000000000
64253  45.864  29.224  1.301 0.0000000000
64254  45.445  29.527  1.100 0.0000000000
64255  45.050  29.139  1.630 0.0000000000
64822  28.673  22.074  -15.594 0.0000000000
64823  28.249  21.668  -15.672 0.0000000000
64824  28.049  21.824  -15.084 0.0000000000
64825  26.834  20.984  -13.534 0.0000000000
64826  26.944  20.974  -14.088 0.0000000000
64827  26.608  20.451  -13.607 0.0000000000
64828  26.383  19.874  -13.652 0.0000000000
64829  26.412  19.814  -13.174 0.0000000000
64830  26.771  20.618  -11.394 0.0000000000
64831  26.694  20.768  -11.870 0.0000000000
64832  26.682  20.008  -11.561 0.0000000000
64833  26.970  18.031  -11.748 0.0000000000
64834  26.647  18.812  -11.907 0.0000000000
64835  26.711  18.199  -12.133 0.0000000000
64836  26.508  18.354  -12.533 0.0000000000
64837  26.833  17.588  -12.350 0.0000000000
64838  27.022  16.916  -12.548 0.0000000000
64839  27.311  16.780  -12.239 0.0000000000
64840  28.940  15.208  -12.113 0.0000000000
64841  28.579  15.328  -12.342 0.0000000000
64842  29.289  14.602  -12.548 0.0000000000
64843  29.657  13.972  -13.019 0.0000000000
64844  30.047  13.866  -12.854 0.0000000000
67590  54.593  23.662  14.615 0.0000000000
67591  54.754  23.266  14.280 0.0000000000
67592  54.747  23.086  15.074 0.0000000000
67593  55.123  21.496  16.302 0.0000000000
67594  55.039  21.762  15.712 0.0000000000
67595  55.169  21.064  15.917 0.0000000000
67596  55.086  20.582  15.532 0.0000000000
67597  55.268  20.315  15.990 0.0000000000
67781  34.415  30.463  -14.174 0.0000000000
67782  33.681  30.469  -13.601 0.0000000000
67783  34.202  30.069  -14.685 0.0000000000
67784  34.013  29.592  -15.227 0.0000000000
67785  34.673  29.564  -15.625 0.0000000000
67786  35.052  29.022  -16.347 0.0000000000
67787  35.310  29.468  -15.982 0.0000000000
67788  36.884  29.034  -16.124 0.0000000000
67789  36.626  28.691  -16.440 0.0000000000
67790  37.243  28.184  -16.575 0.0000000000
67791  37.516  27.376  -16.822 0.0000000000
67792  37.872  27.648  -16.602 0.0000000000
67816  47.829  32.016  -8.499 0.0000000000
67817  48.377  32.129  -9.265 0.0000000000
67818  47.779  31.918  -9.064 0.0000000000
67819  46.837  31.500  -9.631 0.0000000000
67820  47.587  31.778  -10.038 0.0000000000
67821  47.428  31.646  -10.431 0.0000000000
67822  47.726  31.888  -11.040 0.0000000000
67823  47.168  31.520  -10.702 0.0000000000
67824  43.113  30.797  -7.171 0.0000000000
67825  44.062  30.940  -7.809 0.0000000000
67826  43.976  30.862  -8.097 0.0000000000
67827  45.156  30.642  -10.161 0.0000000000
67828  45.471  30.887  -9.967 0.0000000000
67829  45.969  30.871  -10.704 0.0000000000
67830  46.646  31.168  -11.178 0.0000000000
67831  46.287  30.847  -11.378 0.0000000000
67832  46.445  30.926  -11.960 0.0000000000
67833  45.984  30.478  -11.541 0.0000000000
67834  44.950  29.426  -11.345 0.0000000000
67835  45.445  29.766  -11.851 0.0000000000
67836  45.172  29.399  -11.972 0.0000000000
67837  45.254  29.436  -12.521 0.0000000000
67838  44.893  28.985  -12.089 0.0000000000
67839  44.613  28.539  -12.121 0.0000000000
67840  44.436  28.577  -11.479 0.0000000000
73196  46.036  36.739  -4.737 0.0000000000
73197  45.040  36.974  -5.042 0.0000000000
73198  45.895  36.604  -5.337 0.0000000000
73199  45.646  36.465  -5.867 0.0000000000
73200  46.625  36.215  -5.550 0.0000000000
73201  49.734  36.019  -3.790 0.0000000000
73202  48.945  36.317  -4.006 0.0000000000
73203  49.543  35.690  -4.394 0.0000000000
73204  49.659  34.804  -5.780 0.0000000000
73205  49.150  35.309  -5.459 0.0000000000
73206  48.888  35.196  -5.944 0.0000000000
73207  47.942  35.492  -6.046 0.0000000000
73208  48.595  35.081  -6.380 0.0000000000
73209  48.325  34.986  -6.831 0.0000000000
73210  49.172  34.663  -6.695 0.0000000000
73211  50.120  33.265  -6.820 0.0000000000
73212  49.889  33.669  -7.122 0.0000000000
73213  49.989  33.185  -7.219 0.0000000000
73214  49.772  33.137  -7.624 0.0000000000
73215  49.792  32.754  -7.197 0.0000000000
73216  51.337  31.193  -1.783 0.0000000000
73217  51.447  31.853  -2.143 0.0000000000
73218  51.065  31.393  -2.116 0.0000000000
73219  49.732  31.513  -2.588 0.0000000000
73220  50.405  31.775  -2.775 0.0000000000
73221  50.064  31.877  -3.089 0.0000000000
73222  50.417  32.251  -3.638 0.0000000000
73223  49.742  31.987  -3.463 0.0000000000
73224  46.355  31.228  -1.338 0.0000000000
73225  47.227  31.234  -1.616 0.0000000000
73226  46.866  31.464  -1.983 0.0000000000
73227  47.573  31.950  -3.739 0.0000000000
73228  47.896  31.794  -3.331 0.0000000000
73229  48.377  31.960  -3.949 0.0000000000
73230  49.100  32.054  -4.154 0.0000000000
73231  48.844  32.098  -4.586 0.0000000000
73232  49.346  32.190  -5.285 0.0000000000
73233  48.640  32.114  -5.017 0.0000000000
73234  47.439  32.299  -5.592 0.0000000000
73235  48.262  32.229  -5.804 0.0000000000
73236  48.119  32.253  -6.291 0.0000000000
73237  48.718  32.275  -6.944 0.0000000000
73238  48.020  32.229  -6.809 0.0000000000
73239  47.951  32.210  -7.382 0.0000000000
73240  47.287  32.257  -6.654 0.0000000000
73241  44.987  32.333  -5.468 0.0000000000
73242  45.657  32.224  -6.201 0.0000000000
73243  44.855  32.181  -5.920 0.0000000000
73244  44.763  31.973  -6.361 0.0000000000
73245  44.036  32.103  -5.576 0.0000000000
74970  27.433  20.744  -15.793 0.0000000000
74971  27.638  20.592  -16.379 0.0000000000
74972  27.074  20.258  -15.820 0.0000000000
74973  26.103  18.677  -15.408 0.0000000000
74974  26.422  19.208  -15.922 0.0000000000
74975  26.193  18.691  -16.007 0.0000000000
74976  26.317  18.695  -16.604 0.0000000000
74977  25.995  18.190  -16.062 0.0000000000
74978  26.637  15.839  -14.094 0.0000000000
74979  26.246  16.623  -14.255 0.0000000000
74980  26.378  15.961  -14.436 0.0000000000
76972  50.506  26.266  4.531 0.0000000000
76973  50.350  26.071  5.031 0.0000000000
76974  50.980  26.162  4.847 0.0000000000
76975  52.476  26.167  5.380 0.0000000000
76976  51.945  26.000  5.461 0.0000000000
76977  52.372  25.848  5.850 0.0000000000
76978  52.291  25.473  6.336 0.0000000000
76979  52.802  25.728  6.287 0.0000000000
76980  53.618  27.444  5.744 0.0000000000
76981  53.514  27.047  5.540 0.0000000000
76982  53.697  27.100  6.013 0.0000000000
76983  54.148  26.250  7.434 0.0000000000
76984  53.859  26.321  6.899 0.0000000000
76985  53.934  25.874  7.283 0.0000000000
76986  53.613  25.486  7.130 0.0000000000
76987  53.956  25.404  7.632 0.0000000000
76988  54.058  24.943  7.990 0.0000000000
76989  54.271  25.359  8.160 0.0000000000
76990  54.384  25.675  9.469 0.0000000000
76991  54.509  25.291  9.264 0.0000000000
76992  54.448  25.242  9.892 0.0000000000
76993  54.493  24.798  10.339 0.0000000000
76994  54.361  25.205  10.586 0.0000000000
77006  51.970  26.794  10.932 0.0000000000
77007  51.669  27.209  10.465 0.0000000000
77008  52.280  27.021  10.312 0.0000000000
77009  52.613  27.242  9.684 0.0000000000
77010  52.846  26.824  10.165 0.0000000000
77011  53.363  26.648  9.998 0.0000000000
77012  53.119  26.436  10.653 0.0000000000
77013  53.309  25.487  12.629 0.0000000000
77014  53.474  25.687  11.786 0.0000000000
77015  53.714  25.304  12.387 0.0000000000
77016  54.071  25.019  12.162 0.0000000000
77017  54.018  24.914  13.049 0.0000000000
77018  54.263  24.569  13.643 0.0000000000
77019  53.974  24.835  13.885 0.0000000000
77020  53.343  24.739  15.516 0.0000000000
77021  53.745  24.542  15.370 0.0000000000
77022  53.648  24.368  16.082 0.0000000000
77023  53.916  23.892  16.556 0.0000000000
77024  53.442  24.237  16.680 0.0000000000
77358  52.490  30.410  1.151 0.0000000000
77359  52.401  30.525  0.683 0.0000000000
77360  52.455  29.980  0.990 0.0000000000
77361  52.294  29.572  0.921 0.0000000000
77362  52.445  29.504  1.345 0.0000000000
77363  52.809  29.912  2.957 0.0000000000
77364  52.776  29.972  2.525 0.0000000000
77365  52.859  29.447  2.798 0.0000000000
77366  52.655  28.141  2.918 0.0000000000
77367  52.719  28.702  2.579 0.0000000000
77368  52.475  28.336  2.516 0.0000000000
77369  52.319  28.512  2.110 0.0000000000
77370  52.135  28.004  2.506 0.0000000000
77371  51.680  27.756  2.584 0.0000000000
77372  51.933  27.540  2.919 0.0000000000
77373  51.528  26.593  3.971 0.0000000000
77374  51.307  26.705  3.702 0.0000000000
77375  50.910  26.448  4.083 0.0000000000
77376  50.209  26.362  4.245 0.0000000000
83250  49.967  25.555  6.039 0.0000000000
83251  49.238  25.362  6.339 0.0000000000
83252  49.740  25.167  6.674 0.0000000000
83258  52.285  22.762  8.505 0.0000000000
83259  51.700  22.943  8.190 0.0000000000
83260  51.523  22.408  8.414 0.0000000000
83273  54.624  22.333  13.689 0.0000000000
83274  54.503  22.400  12.918 0.0000000000
83275  54.306  21.944  13.371 0.0000000000
83821  34.301  26.459  -18.335 0.0000000000
83822  33.677  26.807  -18.375 0.0000000000
83823  33.870  26.133  -18.637 0.0000000000
83831  32.236  22.825  -18.280 0.0000000000
83832  32.121  22.826  -18.844 0.0000000000
83833  31.729  22.436  -18.312 0.0000000000
83834  31.165  22.127  -18.318 0.0000000000
83835  31.058  22.304  -17.665 0.0000000000
83836  30.301  22.284  -16.970 0.0000000000
83837  30.854  22.515  -16.992 0.0000000000
83838  30.956  23.199  -15.704 0.0000000000
83839  30.343  22.977  -15.690 0.0000000000
83840  30.139  23.146  -15.105 0.0000000000
83841  29.351  23.005  -14.501 0.0000000000
83842  29.917  23.308  -14.460 0.0000000000
83843  33.409  23.997  -15.677 0.0000000000
83844  32.742  23.808  -15.699 0.0000000000
83845  32.609  24.014  -15.054 0.0000000000
83846  30.666  24.066  -13.177 0.0000000000
83847  30.956  23.971  -13.782 0.0000000000
83848  30.085  23.790  -13.208 0.0000000000
83849  29.479  23.502  -13.217 0.0000000000
83850  29.300  23.562  -12.652 0.0000000000
83851  28.584  23.223  -12.116 0.0000000000
83852  29.054  23.614  -12.049 0.0000000000
83934  46.035  36.905  -9.564 0.0000000000
83935  45.489  37.482  -9.356 0.0000000000
83936  45.831  37.925  -10.041 0.0000000000
83937  45.894  40.270  -10.957 0.0000000000
83938  45.592  39.878  -10.437 0.0000000000
83939  45.463  40.797  -10.569 0.0000000000
83940  44.994  41.278  -10.127 0.0000000000
83941  45.241  41.628  -10.705 0.0000000000
83942  44.936  42.358  -10.884 0.0000000000
83943  45.319  41.886  -11.339 0.0000000000
83944  45.151  41.257  -12.765 0.0000000000
83945  44.932  41.983  -12.519 0.0000000000
83946  44.517  41.824  -12.913 0.0000000000
83947  43.790  42.235  -12.980 0.0000000000
83948  43.945  41.504  -13.197 0.0000000000
83949  48.730  32.826  -10.586 0.0000000000
83950  48.811  33.366  -10.600 0.0000000000
83951  48.559  33.352  -11.088 0.0000000000
83952  47.716  34.399  -12.293 0.0000000000
83953  47.942  34.476  -11.884 0.0000000000
83954  47.601  35.118  -12.222 0.0000000000
83955  47.485  35.884  -12.176 0.0000000000
83956  47.228  35.827  -12.578 0.0000000000
83957  46.139  33.568  -13.300 0.0000000000
83958  46.606  33.849  -13.087 0.0000000000
83959  46.021  34.385  -13.362 0.0000000000
83960  45.352  36.831  -13.561 0.0000000000
83961  45.890  36.203  -13.375 0.0000000000
83962  45.830  37.141  -13.400 0.0000000000
83963  46.293  37.361  -13.173 0.0000000000
83964  45.757  38.040  -13.391 0.0000000000
83965  45.682  38.868  -13.293 0.0000000000
83966  45.157  38.627  -13.549 0.0000000000
83967  43.020  39.077  -13.223 0.0000000000
83968  43.696  39.562  -13.458 0.0000000000
83969  42.793  39.905  -13.246 0.0000000000
83970  42.583  40.658  -13.231 0.0000000000
83971  41.943  40.125  -12.824 0.0000000000
83972  41.141  40.420  -12.242 0.0000000000
83973  41.342  39.608  -12.182 0.0000000000
83974  40.478  37.822  -10.704 0.0000000000
83975  40.219  38.607  -10.761 0.0000000000
83976  39.734  38.102  -10.088 0.0000000000
83977  38.997  38.359  -9.513 0.0000000000
83978  39.263  37.630  -9.506 0.0000000000
83979  41.612  34.600  -11.325 0.0000000000
83980  41.327  35.440  -11.023 0.0000000000
83981  40.953  34.974  -10.677 0.0000000000
83996  37.180  31.830  -11.096 0.0000000000
83997  36.315  32.309  -10.417 0.0000000000
83998  36.651  31.791  -11.375 0.0000000000
83999  36.156  31.721  -11.678 0.0000000000
84000  37.058  31.214  -12.352 0.0000000000
84001  40.771  29.798  -13.050 0.0000000000
84002  39.951  30.299  -12.696 0.0000000000
84003  40.307  29.605  -13.326 0.0000000000
84004  39.730  28.715  -14.659 0.0000000000
84005  39.234  29.436  -14.096 0.0000000000
84006  38.801  29.384  -14.510 0.0000000000
84007  37.858  30.089  -14.080 0.0000000000
84008  38.388  29.365  -14.813 0.0000000000
84009  37.986  29.328  -15.153 0.0000000000
84010  38.849  28.654  -15.374 0.0000000000
84011  39.818  26.652  -15.580 0.0000000000
84012  39.297  27.265  -15.884 0.0000000000
84013  39.363  26.572  -15.944 0.0000000000
84014  38.966  26.441  -16.286 0.0000000000
84015  39.306  25.943  -15.842 0.0000000000
84016  44.019  27.606  -12.212 0.0000000000
84017  44.003  27.582  -12.710 0.0000000000
84018  43.639  27.186  -12.291 0.0000000000
84019  42.351  26.155  -12.212 0.0000000000
84020  42.864  26.423  -12.583 0.0000000000
84021  42.484  26.125  -12.763 0.0000000000
84022  42.442  26.169  -13.234 0.0000000000
84023  42.045  25.829  -12.930 0.0000000000
84027  39.866  25.236  -12.384 0.0000000000
84028  40.355  25.352  -12.182 0.0000000000
84029  40.588  25.265  -12.860 0.0000000000
84030  41.141  25.407  -13.262 0.0000000000
84031  40.630  25.302  -13.500 0.0000000000
84032  40.604  25.472  -14.134 0.0000000000
84033  40.148  25.209  -13.736 0.0000000000
84034  38.551  24.974  -13.751 0.0000000000
84035  39.159  25.025  -14.200 0.0000000000
84036  38.629  24.990  -14.451 0.0000000000
84037  38.637  25.117  -15.180 0.0000000000
84038  38.150  24.945  -14.723 0.0000000000
84039  37.574  24.896  -15.002 0.0000000000
84040  37.456  24.926  -14.230 0.0000000000
84041  35.601  25.294  -12.398 0.0000000000
84042  35.912  25.133  -13.144 0.0000000000
84043  35.036  25.238  -12.560 0.0000000000
84044  34.423  25.140  -12.765 0.0000000000
84045  34.038  25.314  -12.035 0.0000000000
92336  49.608  26.737  3.718 0.0000000000
92337  49.176  27.028  3.532 0.0000000000
92338  48.685  26.719  3.957 0.0000000000
92452  27.486  21.848  -9.975 0.0000000000
92453  27.319  21.275  -10.125 0.0000000000
92454  27.422  21.024  -9.658 0.0000000000
94130  51.449  33.814  -2.448 0.0000000000
94131  51.487  33.217  -2.730 0.0000000000
94480  28.785  20.340  -18.305 0.0000000000
94481  28.095  20.169  -17.661 0.0000000000
94482  28.876  14.164  -13.463 0.0000000000
94483  28.532  14.249  -13.660 0.0000000000
94484  29.260  13.486  -13.930 0.0000000000
94882  52.799  29.561  5.134 0.0000000000
94883  52.985  29.178  5.476 0.0000000000
94884  52.673  29.493  5.637 0.0000000000
94885  52.558  29.405  6.127 0.0000000000
94886  52.357  29.378  6.654 0.0000000000
94962  52.541  29.960  4.862 0.0000000000
96138  54.474  23.871  9.926 0.0000000000
96139  54.218  23.392  9.693 0.0000000000
96140  54.423  23.369  10.387 0.0000000000
96141  54.287  22.903  10.855 0.0000000000
96142  54.066  22.490  11.369 0.0000000000
96251  36.674  26.751  -17.409 0.0000000000
96252  36.256  26.439  -17.682 0.0000000000
96253  36.712  26.053  -17.546 0.0000000000
96254  36.549  25.421  -17.481 0.0000000000
96255  36.222  24.924  -17.212 0.0000000000
96256  35.800  24.577  -16.737 0.0000000000
96257  36.432  24.760  -16.650 0.0000000000
96258  36.396  24.726  -16.036 0.0000000000
96259  36.352  24.735  -15.403 0.0000000000
96274  48.957  33.946  -8.350 0.0000000000
96275  48.202  34.434  -8.779 0.0000000000
96276  48.689  34.050  -8.961 0.0000000000
96277  48.542  34.160  -9.678 0.0000000000
96278  48.413  34.308  -10.350 0.0000000000
96279  45.683  30.561  -13.292 0.0000000000
96280  45.638  31.308  -13.538 0.0000000000
96281  45.289  30.874  -13.652 0.0000000000
96282  44.824  31.260  -13.771 0.0000000000
96283  44.258  31.665  -13.690 0.0000000000
96284  43.610  32.084  -13.405 0.0000000000
96285  43.936  31.146  -13.583 0.0000000000
96286  43.604  30.645  -13.434 0.0000000000
96287  43.319  30.152  -13.375 0.0000000000
96288  42.963  29.656  -13.337 0.0000000000
96289  43.537  29.315  -13.495 0.0000000000
96290  43.636  28.586  -13.538 0.0000000000
96291  43.615  27.919  -13.426 0.0000000000
98447  51.847  29.785  0.063 0.0000000000
98448  51.458  29.803  -0.274 0.0000000000
98449  51.353  29.366  0.146 0.0000000000
98450  50.582  29.072  0.312 0.0000000000
98451  49.652  28.937  0.645 0.0000000000
98452  46.905  27.988  3.063 0.0000000000
98453  47.184  28.276  2.534 0.0000000000
98454  46.288  28.094  2.884 0.0000000000
98455  45.686  28.211  2.677 0.0000000000
98456  45.081  28.424  2.433 0.0000000000
98457  44.647  28.715  2.186 0.0000000000
98458  44.325  28.287  2.742 0.0000000000
98797  28.262  22.317  -14.440 0.0000000000
98798  27.872  21.913  -14.555 0.0000000000
98799  27.668  21.951  -13.944 0.0000000000
98800  27.178  21.514  -13.463 0.0000000000
98801  26.747  20.938  -12.963 0.0000000000
98802  27.055  19.020  -10.888 0.0000000000
98803  26.830  19.226  -11.295 0.0000000000
98804  27.114  18.378  -11.095 0.0000000000
98805  27.253  17.843  -11.374 0.0000000000
98806  27.408  17.272  -11.661 0.0000000000
98807  27.613  16.658  -11.945 0.0000000000
98808  27.916  16.555  -11.641 0.0000000000
98809  28.620  15.772  -11.718 0.0000000000
98810  29.337  15.052  -11.903 0.0000000000
100458  54.515  23.231  16.115 0.0000000000
100459  54.751  22.840  15.772 0.0000000000
100460  54.718  22.551  16.414 0.0000000000
100461  54.932  21.886  16.665 0.0000000000
100462  55.142  21.204  16.860 0.0000000000
100574  34.595  30.832  -13.652 0.0000000000
100575  35.115  30.340  -14.658 0.0000000000
100576  35.569  29.781  -15.567 0.0000000000
100577  35.806  30.121  -15.162 0.0000000000
100578  36.488  29.746  -15.544 0.0000000000
100579  37.168  29.219  -15.798 0.0000000000
100594  46.260  31.747  -7.935 0.0000000000
100595  47.029  31.738  -8.787 0.0000000000
100596  46.136  31.552  -8.301 0.0000000000
100597  46.068  31.393  -8.726 0.0000000000
100598  45.972  31.280  -9.122 0.0000000000
100599  42.948  30.642  -7.711 0.0000000000
100600  43.884  30.778  -8.413 0.0000000000
100601  43.731  30.669  -8.696 0.0000000000
100602  44.335  30.528  -9.588 0.0000000000
100603  44.941  30.341  -10.396 0.0000000000
100604  45.401  30.201  -11.082 0.0000000000
100605  44.750  29.982  -10.559 0.0000000000
100606  44.566  29.552  -10.681 0.0000000000
100607  44.392  29.085  -10.806 0.0000000000
100608  44.114  28.714  -10.816 0.0000000000
100609  43.589  28.942  -10.163 0.0000000000
103823  46.205  36.970  -4.139 0.0000000000
103824  47.097  36.608  -4.480 0.0000000000
103825  50.507  34.697  -4.538 0.0000000000
103826  49.997  35.066  -4.806 0.0000000000
103827  50.340  34.506  -5.110 0.0000000000
103828  50.215  34.373  -5.590 0.0000000000
103829  50.084  34.315  -6.105 0.0000000000
103830  49.820  34.267  -6.543 0.0000000000
103831  50.237  33.804  -6.312 0.0000000000
103832  50.276  33.282  -6.442 0.0000000000
103833  50.099  32.876  -6.417 0.0000000000
103834  50.049  30.476  -1.472 0.0000000000
103835  50.468  31.021  -1.965 0.0000000000
103836  49.710  30.769  -1.715 0.0000000000
103837  49.273  31.147  -1.983 0.0000000000
103838  48.895  31.324  -2.243 0.0000000000
103839  45.655  31.703  -2.008 0.0000000000
103840  46.522  31.657  -2.336 0.0000000000
103841  46.239  31.874  -2.719 0.0000000000
103842  46.761  32.001  -3.430 0.0000000000
103843  47.276  32.088  -4.107 0.0000000000
103844  47.830  32.133  -4.743 0.0000000000
103845  47.032  32.185  -4.458 0.0000000000
103846  46.867  32.275  -4.927 0.0000000000
103847  46.696  32.334  -5.410 0.0000000000
103848  46.589  32.358  -5.943 0.0000000000
103849  45.915  32.341  -5.187 0.0000000000
103850  45.123  32.358  -4.985 0.0000000000
103851  44.288  32.350  -4.725 0.0000000000
104886  26.498  19.893  -14.705 0.0000000000
104887  26.607  19.874  -15.257 0.0000000000
104888  26.263  19.274  -14.745 0.0000000000
104889  26.085  18.666  -14.848 0.0000000000
104890  25.917  18.051  -14.913 0.0000000000
104891  27.202  14.449  -14.691 0.0000000000
104892  26.618  15.211  -14.691 0.0000000000
104893  26.895  14.517  -14.968 0.0000000000
106087  51.771  26.512  4.285 0.0000000000
106088  51.584  26.258  4.701 0.0000000000
106089  52.163  26.491  4.653 0.0000000000
106090  52.538  26.434  4.971 0.0000000000
106091  52.925  26.373  5.335 0.0000000000
106092  53.767  27.414  6.724 0.0000000000
106093  53.841  27.047  6.593 0.0000000000
106094  53.969  27.080  7.172 0.0000000000
106095  54.149  26.660  7.579 0.0000000000
106096  54.308  26.201  7.971 0.0000000000
106097  54.422  25.763  8.343 0.0000000000
106098  54.343  26.144  8.510 0.0000000000
106099  54.279  26.101  9.054 0.0000000000
106100  54.139  26.079  9.693 0.0000000000
106109  51.653  26.574  11.583 0.0000000000
106110  52.265  26.408  11.456 0.0000000000
106111  52.812  26.235  11.350 0.0000000000
106112  52.541  26.039  12.085 0.0000000000
106113  52.846  25.683  12.755 0.0000000000
106114  53.179  25.343  13.433 0.0000000000
106115  53.547  25.035  14.046 0.0000000000
106116  53.069  25.215  14.179 0.0000000000
106117  52.983  25.038  14.908 0.0000000000
106118  52.765  24.949  15.581 0.0000000000
106320  52.457  30.878  1.407 0.0000000000
106321  52.620  30.249  1.598 0.0000000000
106322  52.996  28.879  3.420 0.0000000000
106323  52.890  28.922  3.054 0.0000000000
106324  52.903  28.394  3.305 0.0000000000
106325  52.756  28.016  3.281 0.0000000000
106326  52.582  27.628  3.268 0.0000000000
106327  52.142  27.338  3.275 0.0000000000
106328  52.353  27.182  3.626 0.0000000000
106329  52.075  26.828  3.935 0.0000000000
109854  51.112  25.151  6.639 0.0000000000
109855  50.314  24.921  6.978 0.0000000000
109856  50.922  24.638  7.197 0.0000000000
109859  51.661  21.906  9.234 0.0000000000
109860  51.211  22.004  8.818 0.0000000000
109861  50.837  21.670  9.300 0.0000000000
109868  54.516  21.106  14.485 0.0000000000
109869  54.189  21.334  13.814 0.0000000000
109870  54.073  20.694  14.131 0.0000000000
110197  34.399  25.124  -18.568 0.0000000000
110198  33.959  25.448  -18.778 0.0000000000
110199  33.963  24.820  -18.778 0.0000000000
110204  32.756  23.187  -18.287 0.0000000000
110205  32.188  22.881  -17.675 0.0000000000
110206  31.411  22.718  -16.993 0.0000000000
110207  31.983  22.999  -17.017 0.0000000000
110208  31.789  23.155  -16.344 0.0000000000
110209  31.561  23.397  -15.717 0.0000000000
110210  33.061  24.389  -14.371 0.0000000000
110211  32.446  24.238  -14.372 0.0000000000
110212  32.200  24.405  -13.742 0.0000000000
110213  31.286  24.329  -13.173 0.0000000000
110214  30.469  24.184  -12.618 0.0000000000
110215  29.651  23.950  -12.061 0.0000000000
110216  30.222  24.245  -12.052 0.0000000000
110265  46.526  37.722  -10.856 0.0000000000
110266  46.142  38.367  -10.591 0.0000000000
110267  46.448  38.781  -11.129 0.0000000000
110268  46.291  39.695  -11.329 0.0000000000
110269  46.032  40.535  -11.509 0.0000000000
110270  45.655  41.303  -11.735 0.0000000000
110271  45.966  40.654  -12.055 0.0000000000
110272  45.725  40.651  -12.551 0.0000000000
110273  45.365  40.507  -12.961 0.0000000000
110274  48.311  32.745  -11.436 0.0000000000
110275  48.351  33.290  -11.516 0.0000000000
110276  48.092  33.213  -11.911 0.0000000000
110277  47.779  33.729  -12.311 0.0000000000
110278  47.400  34.285  -12.648 0.0000000000
110279  44.915  34.697  -13.678 0.0000000000
110280  45.412  35.001  -13.540 0.0000000000
110281  44.811  35.605  -13.684 0.0000000000
110282  44.756  36.543  -13.676 0.0000000000
110283  44.744  37.425  -13.611 0.0000000000
110284  44.653  38.312  -13.653 0.0000000000
110285  44.021  37.894  -13.502 0.0000000000
110286  43.216  38.227  -13.240 0.0000000000
110287  42.399  38.534  -12.787 0.0000000000
110288  41.585  38.818  -12.128 0.0000000000
110289  41.789  38.023  -12.083 0.0000000000
110290  41.296  37.521  -11.379 0.0000000000
110291  40.791  37.015  -10.732 0.0000000000
110292  40.918  33.648  -10.916 0.0000000000
110293  40.550  34.421  -10.433 0.0000000000
110294  40.165  33.947  -10.313 0.0000000000
110303  37.697  31.963  -10.873 0.0000000000
110304  38.120  31.269  -11.753 0.0000000000
110305  41.348  28.363  -13.920 0.0000000000
110306  40.640  28.916  -13.878 0.0000000000
110307  40.918  28.225  -14.265 0.0000000000
110308  40.474  28.103  -14.643 0.0000000000
110309  40.038  28.029  -14.987 0.0000000000
110310  39.610  27.976  -15.335 0.0000000000
110311  40.235  27.362  -15.205 0.0000000000
110312  40.323  26.685  -15.238 0.0000000000
110313  40.213  26.129  -15.193 0.0000000000
110314  42.873  26.984  -11.310 0.0000000000
110315  43.184  26.831  -11.912 0.0000000000
110316  42.503  26.593  -11.439 0.0000000000
110317  42.070  26.242  -11.556 0.0000000000
110318  41.614  25.989  -11.717 0.0000000000
110322  39.067  25.272  -11.902 0.0000000000
110323  39.387  25.147  -12.604 0.0000000000
110324  39.593  25.083  -13.310 0.0000000000
110325  38.886  25.080  -12.841 0.0000000000
110326  38.387  25.063  -13.066 0.0000000000
110327  37.838  25.068  -13.247 0.0000000000
110328  37.235  25.026  -13.479 0.0000000000
110329  37.024  25.164  -12.749 0.0000000000
110330  36.171  25.318  -12.228 0.0000000000
110331  35.206  25.475  -11.705 0.0000000000
115610  51.050  28.177  1.851 0.0000000000
115611  50.501  28.322  1.583 0.0000000000
115612  50.233  28.051  2.095 0.0000000000
115613  49.417  28.014  2.422 0.0000000000
115614  48.541  27.980  2.816 0.0000000000
115615  48.719  27.322  3.381 0.0000000000
115616  48.177  27.608  3.264 0.0000000000
115617  47.543  27.858  3.191 0.0000000000
115618  46.634  27.711  3.511 0.0000000000
115882  27.632  22.373  -12.090 0.0000000000
115883  27.327  21.906  -12.212 0.0000000000
115884  27.237  21.816  -11.654 0.0000000000
115885  26.995  21.138  -11.268 0.0000000000
115886  26.899  20.351  -10.907 0.0000000000
115887  27.160  20.739  -10.307 0.0000000000
115888  27.043  20.159  -10.491 0.0000000000
115889  27.021  19.598  -10.673 0.0000000000
115890  27.295  18.812  -10.523 0.0000000000
115891  27.691  18.026  -10.408 0.0000000000
115892  28.166  17.304  -10.369 0.0000000000
117267  34.475  31.818  -11.655 0.0000000000
117268  35.263  31.559  -12.378 0.0000000000
117280  42.524  31.208  -5.632 0.0000000000
117281  43.332  31.098  -6.551 0.0000000000
117282  42.360  30.956  -5.926 0.0000000000
117283  42.264  30.776  -6.242 0.0000000000
117284  42.178  30.666  -6.552 0.0000000000
117286  41.245  30.574  -5.860 0.0000000000
117287  42.084  30.577  -6.770 0.0000000000
117288  41.976  30.484  -7.032 0.0000000000
119792  49.876  36.182  -3.212 0.0000000000
119793  50.366  35.500  -3.609 0.0000000000
119795  50.839  34.958  -3.449 0.0000000000
119796  50.652  34.851  -3.978 0.0000000000
119797  50.825  34.199  -4.281 0.0000000000
119798  50.839  33.573  -4.521 0.0000000000
119799  50.662  32.981  -4.653 0.0000000000
119800  46.515  30.282  -0.152 0.0000000000
119801  47.085  30.633  -0.761 0.0000000000
119802  46.211  30.615  -0.389 0.0000000000
119803  45.876  30.916  -0.699 0.0000000000
119804  45.521  31.259  -1.026 0.0000000000
119806  44.698  31.263  -0.724 0.0000000000
119807  45.205  31.529  -1.356 0.0000000000
119808  44.876  31.726  -1.717 0.0000000000
119809  44.615  31.940  -2.124 0.0000000000
119810  44.379  32.143  -2.550 0.0000000000
119811  44.161  32.315  -3.002 0.0000000000
119812  43.610  32.155  -2.238 0.0000000000
120618  26.509  17.111  -13.267 0.0000000000
120619  26.325  17.156  -13.678 0.0000000000
120620  26.709  16.427  -13.498 0.0000000000
120621  26.926  15.752  -13.739 0.0000000000
120622  27.215  15.092  -14.035 0.0000000000
120623  28.222  14.267  -13.906 0.0000000000
120624  27.872  14.340  -14.139 0.0000000000
120625  27.517  14.405  -14.407 0.0000000000
120626  27.844  13.741  -14.787 0.0000000000
121552  53.220  27.879  4.551 0.0000000000
121553  53.265  27.460  4.838 0.0000000000
121554  53.366  27.942  4.955 0.0000000000
121555  53.505  27.861  5.428 0.0000000000
121556  53.576  27.816  5.917 0.0000000000
121557  53.218  28.707  5.810 0.0000000000
121558  53.424  28.243  6.099 0.0000000000
121559  53.604  27.817  6.392 0.0000000000
121560  53.623  27.860  6.931 0.0000000000
121561  53.565  27.829  7.457 0.0000000000
121562  53.401  27.754  8.013 0.0000000000
121734  52.599  30.312  3.199 0.0000000000
121735  52.814  29.844  3.398 0.0000000000
121737  52.803  29.744  3.765 0.0000000000
121738  52.953  29.359  3.609 0.0000000000
121739  53.048  28.841  3.842 0.0000000000
121740  53.133  28.363  4.147 0.0000000000
124482  53.233  24.186  7.873 0.0000000000
124483  52.622  23.823  7.896 0.0000000000
124484  53.114  23.614  8.237 0.0000000000
124485  52.968  23.091  8.572 0.0000000000
124486  52.796  22.607  8.902 0.0000000000
124487  53.797  22.935  9.469 0.0000000000
124488  53.205  22.502  9.352 0.0000000000
124489  52.476  22.192  9.280 0.0000000000
124490  52.082  21.860  9.782 0.0000000000
124748  34.701  26.778  -18.009 0.0000000000
124749  34.836  26.078  -18.298 0.0000000000
124750  35.823  26.111  -17.955 0.0000000000
124751  35.359  25.748  -18.207 0.0000000000
124752  34.836  25.434  -18.378 0.0000000000
124753  34.712  24.829  -18.314 0.0000000000
124754  34.529  24.299  -18.018 0.0000000000
124755  34.219  23.895  -17.581 0.0000000000
124756  33.671  23.669  -17.000 0.0000000000
124757  34.204  23.899  -16.953 0.0000000000
124758  34.137  24.011  -16.295 0.0000000000
124759  34.041  24.188  -15.635 0.0000000000
124760  35.271  24.406  -16.192 0.0000000000
124761  34.611  24.368  -15.580 0.0000000000
124762  33.898  24.352  -14.998 0.0000000000
124763  33.675  24.532  -14.358 0.0000000000
124764  33.449  24.732  -13.704 0.0000000000
124765  33.203  24.920  -13.070 0.0000000000
124798  46.571  35.570  -7.529 0.0000000000
124799  45.823  36.164  -8.046 0.0000000000
124800  46.381  35.626  -8.228 0.0000000000
124801  46.430  35.968  -8.993 0.0000000000
124802  46.548  36.354  -9.759 0.0000000000
124803  47.528  35.061  -9.307 0.0000000000
124804  47.053  35.853  -9.890 0.0000000000
124805  46.747  36.760  -10.428 0.0000000000
124806  46.914  37.144  -10.985 0.0000000000
124807  47.040  37.357  -11.533 0.0000000000
124808  47.041  37.544  -12.031 0.0000000000
124809  47.022  32.002  -12.510 0.0000000000
124810  47.109  32.664  -12.695 0.0000000000
124811  46.713  32.361  -12.898 0.0000000000
124812  46.267  32.739  -13.239 0.0000000000
124813  45.686  33.264  -13.542 0.0000000000
124814  45.507  32.105  -13.718 0.0000000000
124815  45.288  32.944  -13.765 0.0000000000
124816  45.102  33.813  -13.731 0.0000000000
124817  44.466  34.350  -13.724 0.0000000000
124818  43.791  34.881  -13.466 0.0000000000
124819  43.113  35.306  -12.932 0.0000000000
124820  42.451  35.639  -12.211 0.0000000000
124821  42.626  34.783  -12.430 0.0000000000
124822  42.233  34.239  -12.031 0.0000000000
124823  41.925  33.723  -11.737 0.0000000000
124824  42.912  32.473  -12.869 0.0000000000
124825  42.240  32.819  -12.192 0.0000000000
124826  41.625  33.199  -11.557 0.0000000000
124827  41.226  32.735  -11.491 0.0000000000
124828  40.860  32.217  -11.522 0.0000000000
124829  40.481  31.731  -11.668 0.0000000000
124830  40.059  31.302  -11.778 0.0000000000
124831  40.805  30.931  -12.202 0.0000000000
124832  41.164  30.114  -12.773 0.0000000000
124833  41.523  29.304  -13.265 0.0000000000
124834  42.568  29.278  -13.387 0.0000000000
124835  42.159  28.918  -13.455 0.0000000000
124836  41.782  28.533  -13.655 0.0000000000
124837  41.928  27.912  -13.966 0.0000000000
124838  41.996  27.269  -14.143 0.0000000000
124839  41.949  26.667  -14.136 0.0000000000
129755  51.543  31.004  -1.434 0.0000000000
129756  51.084  30.542  -1.395 0.0000000000
129757  51.087  29.886  -0.623 0.0000000000
129758  50.734  29.986  -0.968 0.0000000000
129759  50.367  30.175  -1.268 0.0000000000
129760  49.558  30.032  -0.980 0.0000000000
129761  48.668  29.951  -0.675 0.0000000000
129762  47.704  29.877  -0.296 0.0000000000
129763  49.941  28.513  1.342 0.0000000000
129764  49.346  28.718  1.172 0.0000000000
129765  48.751  28.856  1.042 0.0000000000
129766  47.510  28.534  1.987 0.0000000000
129767  47.838  28.776  1.406 0.0000000000
129768  48.158  29.025  0.782 0.0000000000
129769  47.606  29.280  0.514 0.0000000000
129770  47.127  29.592  0.317 0.0000000000
129771  46.825  29.944  0.080 0.0000000000
129772  45.962  29.913  0.483 0.0000000000
129775  44.302  29.067  1.951 0.0000000000
130492  29.175  21.638  -16.857 0.0000000000
130493  28.720  21.237  -16.917 0.0000000000
130494  28.479  21.479  -16.276 0.0000000000
130495  27.791  21.229  -15.690 0.0000000000
130496  27.230  20.883  -15.183 0.0000000000
130497  27.466  21.469  -14.590 0.0000000000
130498  27.097  20.956  -14.639 0.0000000000
130499  26.774  20.425  -14.669 0.0000000000
130500  26.405  19.887  -14.152 0.0000000000
130501  26.232  19.272  -13.769 0.0000000000
130502  26.240  18.598  -13.428 0.0000000000
130503  27.010  21.404  -12.313 0.0000000000
130504  26.671  20.826  -12.379 0.0000000000
130505  26.549  20.276  -12.539 0.0000000000
130506  26.641  19.415  -11.745 0.0000000000
130507  26.511  19.580  -12.186 0.0000000000
130508  26.443  19.673  -12.667 0.0000000000
130509  26.337  19.069  -12.777 0.0000000000
130510  26.369  18.467  -12.954 0.0000000000
130511  26.414  17.834  -13.123 0.0000000000
130512  26.760  17.027  -12.896 0.0000000000
130513  27.248  16.309  -12.826 0.0000000000
130514  27.869  15.543  -12.875 0.0000000000
130515  27.907  16.054  -12.237 0.0000000000
130516  28.238  15.421  -12.621 0.0000000000
130517  28.549  14.835  -13.000 0.0000000000
130518  29.303  14.080  -13.213 0.0000000000
133998  54.637  23.871  13.065 0.0000000000
133999  54.698  23.398  12.770 0.0000000000
134000  54.734  23.374  13.566 0.0000000000
134001  54.771  22.819  13.977 0.0000000000
134002  54.737  22.210  14.463 0.0000000000
134003  54.893  22.441  15.417 0.0000000000
134004  54.882  22.027  15.107 0.0000000000
134005  54.776  21.551  14.831 0.0000000000
134006  54.813  20.855  15.027 0.0000000000
134010  55.076  20.915  17.332 0.0000000000
134011  55.305  20.484  16.963 0.0000000000
134013  55.378  19.846  16.816 0.0000000000
134014  55.358  20.025  16.450 0.0000000000
134015  55.314  19.524  15.982 0.0000000000
134247  35.383  28.349  -16.880 0.0000000000
134248  35.970  27.955  -17.014 0.0000000000
134249  35.982  29.137  -16.238 0.0000000000
134250  36.320  28.336  -16.721 0.0000000000
134251  36.546  27.512  -17.088 0.0000000000
134252  37.113  27.069  -17.088 0.0000000000
134253  37.666  26.648  -17.014 0.0000000000
134254  38.049  26.178  -16.858 0.0000000000
134284  48.989  32.482  -8.752 0.0000000000
134285  49.123  32.833  -9.357 0.0000000000
134286  48.815  32.494  -9.362 0.0000000000
134287  48.722  32.460  -9.954 0.0000000000
134288  48.494  32.404  -10.454 0.0000000000
134289  47.718  31.827  -9.574 0.0000000000
134290  48.163  32.024  -10.281 0.0000000000
134291  48.325  32.394  -10.893 0.0000000000
134292  48.095  32.304  -11.285 0.0000000000
134293  47.821  32.198  -11.607 0.0000000000
134294  47.556  32.075  -11.878 0.0000000000
134295  44.184  31.055  -7.509 0.0000000000
134296  45.052  31.100  -8.518 0.0000000000
134297  45.875  31.188  -9.493 0.0000000000
134298  44.831  30.908  -9.097 0.0000000000
134299  45.704  31.066  -9.726 0.0000000000
134300  46.521  31.286  -10.275 0.0000000000
134301  46.976  31.356  -10.987 0.0000000000
134302  47.199  31.586  -11.580 0.0000000000
134303  47.199  31.776  -12.079 0.0000000000
134304  46.887  31.424  -12.301 0.0000000000
134305  46.476  31.079  -12.480 0.0000000000
134306  46.134  30.690  -12.687 0.0000000000
134307  45.688  30.155  -11.692 0.0000000000
134308  45.807  30.201  -12.274 0.0000000000
134309  45.787  30.327  -12.825 0.0000000000
134310  45.488  29.951  -12.911 0.0000000000
134311  45.177  29.546  -13.000 0.0000000000
134312  44.873  29.114  -13.049 0.0000000000
134313  44.606  28.669  -13.145 0.0000000000
134314  44.660  28.519  -12.640 0.0000000000
134315  44.305  28.067  -12.143 0.0000000000
134316  43.837  27.709  -11.640 0.0000000000
134317  43.850  28.279  -10.890 0.0000000000
134318  43.544  27.872  -11.009 0.0000000000
134319  43.238  27.422  -11.173 0.0000000000
134320  42.416  27.285  -10.631 0.0000000000
140987  45.417  36.392  -6.451 0.0000000000
140988  46.147  36.013  -6.676 0.0000000000
140990  48.051  36.478  -4.240 0.0000000000
140991  47.912  36.235  -4.772 0.0000000000
140992  49.346  35.451  -4.961 0.0000000000
140993  48.568  35.788  -5.083 0.0000000000
140994  47.672  35.994  -5.288 0.0000000000
140995  47.339  35.820  -5.781 0.0000000000
140996  47.071  35.663  -6.258 0.0000000000
140997  46.779  35.610  -6.881 0.0000000000
140998  47.391  35.216  -7.141 0.0000000000
140999  48.044  34.848  -7.395 0.0000000000
141000  48.688  34.447  -7.590 0.0000000000
141001  49.625  34.205  -6.936 0.0000000000
141002  49.409  34.112  -7.368 0.0000000000
141003  49.179  33.991  -7.836 0.0000000000
141004  49.509  33.548  -8.014 0.0000000000
141005  49.521  33.104  -8.093 0.0000000000
141006  49.433  32.748  -8.124 0.0000000000
141008  51.525  32.499  -2.499 0.0000000000
141009  51.312  32.613  -2.894 0.0000000000
141010  50.747  31.598  -2.436 0.0000000000
141011  50.957  32.140  -2.903 0.0000000000
141012  51.063  32.664  -3.295 0.0000000000
141013  50.843  32.670  -3.733 0.0000000000
141014  50.617  32.607  -4.165 0.0000000000
141015  50.372  32.511  -4.631 0.0000000000
141016  47.615  30.952  -1.335 0.0000000000
141017  48.051  31.251  -1.907 0.0000000000
141018  48.568  31.532  -2.546 0.0000000000
141019  47.345  31.630  -2.651 0.0000000000
141020  48.230  31.700  -2.882 0.0000000000
141021  49.018  31.792  -3.184 0.0000000000
141022  49.408  32.010  -3.802 0.0000000000
141023  49.786  32.210  -4.426 0.0000000000
141024  50.143  32.445  -5.044 0.0000000000
141025  49.935  32.442  -5.436 0.0000000000
141026  49.826  32.450  -5.875 0.0000000000
141027  49.677  32.440  -6.283 0.0000000000
141028  48.461  32.140  -5.395 0.0000000000
141029  49.052  32.217  -6.079 0.0000000000
141030  49.548  32.437  -6.693 0.0000000000
141031  49.366  32.443  -7.097 0.0000000000
141032  49.180  32.435  -7.560 0.0000000000
141033  49.098  32.464  -8.144 0.0000000000
141034  48.550  32.275  -8.096 0.0000000000
141035  47.927  32.119  -7.994 0.0000000000
141036  47.130  32.027  -7.703 0.0000000000
141037  46.485  32.297  -6.463 0.0000000000
141038  46.381  32.110  -6.920 0.0000000000
141039  46.298  31.902  -7.377 0.0000000000
141040  45.500  31.832  -7.128 0.0000000000
141041  44.588  31.728  -6.647 0.0000000000
141042  43.661  31.582  -6.083 0.0000000000
141043  43.929  32.361  -3.472 0.0000000000
141044  43.712  32.349  -3.941 0.0000000000
141045  43.500  32.295  -4.373 0.0000000000
141047  42.690  32.218  -3.909 0.0000000000
141048  43.371  32.182  -4.752 0.0000000000
141049  43.159  31.978  -5.029 0.0000000000
141050  42.941  31.725  -5.278 0.0000000000
141051  42.729  31.454  -5.461 0.0000000000
141052  41.773  31.314  -4.747 0.0000000000
143151  28.248  20.813  -16.974 0.0000000000
143152  27.842  20.385  -16.989 0.0000000000
143153  27.417  19.963  -17.024 0.0000000000
143154  26.662  19.762  -15.802 0.0000000000
143155  26.853  19.694  -16.437 0.0000000000
143156  27.070  19.524  -17.120 0.0000000000
143157  26.762  19.053  -17.169 0.0000000000
143160  26.112  17.313  -14.073 0.0000000000
143161  26.012  17.360  -14.526 0.0000000000
143162  25.918  17.467  -15.020 0.0000000000
143163  26.146  15.988  -14.817 0.0000000000
143164  25.916  16.806  -15.127 0.0000000000
143165  25.853  17.547  -15.554 0.0000000000
143166  25.820  17.557  -16.057 0.0000000000
145585  50.148  25.839  5.515 0.0000000000
145586  50.649  25.729  5.806 0.0000000000
145587  51.446  26.081  5.149 0.0000000000
145588  51.303  25.845  5.625 0.0000000000
145589  51.174  25.539  6.121 0.0000000000
145590  51.718  25.291  6.424 0.0000000000
145591  52.245  25.015  6.798 0.0000000000
145592  52.700  24.857  7.103 0.0000000000
145593  53.291  27.043  5.104 0.0000000000
145594  53.295  26.662  5.381 0.0000000000
145595  53.264  26.354  5.843 0.0000000000
145596  53.765  26.720  6.474 0.0000000000
145597  53.553  26.356  6.374 0.0000000000
145598  53.237  26.004  6.282 0.0000000000
145599  53.204  25.616  6.684 0.0000000000
145600  53.163  25.189  7.027 0.0000000000
145601  53.208  24.689  7.479 0.0000000000
145602  53.755  24.524  7.874 0.0000000000
145603  54.081  24.453  8.365 0.0000000000
145604  54.308  24.400  8.889 0.0000000000
145605  54.470  25.342  8.711 0.0000000000
145606  54.470  24.865  9.061 0.0000000000
145607  54.460  24.352  9.440 0.0000000000
145608  54.529  24.349  10.122 0.0000000000
145609  54.536  24.327  10.870 0.0000000000
145610  54.512  24.295  11.651 0.0000000000
145612  51.785  29.707  6.864 0.0000000000
145613  52.092  29.261  7.165 0.0000000000
145615  51.806  29.187  7.650 0.0000000000
145616  52.386  28.897  7.466 0.0000000000
145617  52.659  28.535  7.769 0.0000000000
145618  52.910  28.074  8.135 0.0000000000
145619  53.211  27.638  8.562 0.0000000000
145627  52.979  27.403  9.080 0.0000000000
145628  53.467  27.196  8.957 0.0000000000
145629  53.656  26.781  9.376 0.0000000000
145630  53.806  26.402  9.849 0.0000000000
145631  53.923  25.982  10.319 0.0000000000
145632  53.286  26.059  11.210 0.0000000000
145633  53.680  25.854  11.011 0.0000000000
145634  54.050  25.552  10.809 0.0000000000
145635  54.202  25.106  11.336 0.0000000000
145636  54.336  24.703  11.901 0.0000000000
145637  54.501  24.284  12.486 0.0000000000
145638  54.499  24.271  13.361 0.0000000000
145639  54.455  24.163  14.163 0.0000000000
145640  54.385  23.987  14.948 0.0000000000
145641  53.841  24.680  14.633 0.0000000000
145642  54.099  24.286  15.181 0.0000000000
145643  54.355  23.854  15.697 0.0000000000
145644  54.270  23.551  16.339 0.0000000000
145648  52.210  25.169  15.649 0.0000000000
145649  52.581  24.859  16.319 0.0000000000
145651  52.388  24.758  17.069 0.0000000000
145652  52.928  24.498  16.879 0.0000000000
145653  53.244  24.063  17.320 0.0000000000
146046  52.176  31.278  -0.467 0.0000000000
146047  52.165  30.711  -0.182 0.0000000000
146049  52.337  30.600  0.273 0.0000000000
146050  52.147  30.160  0.152 0.0000000000
146051  52.106  29.678  0.528 0.0000000000
146052  51.977  29.210  0.869 0.0000000000
146053  51.806  28.760  1.260 0.0000000000
146055  52.689  30.112  2.074 0.0000000000
146056  52.701  29.699  1.912 0.0000000000
146057  52.812  29.060  2.673 0.0000000000
146058  52.736  29.211  2.243 0.0000000000
146059  52.596  29.371  1.801 0.0000000000
146060  52.410  29.020  1.720 0.0000000000
146061  52.087  28.607  1.655 0.0000000000
146062  51.609  28.341  1.725 0.0000000000
146063  51.383  27.966  2.242 0.0000000000
146064  51.156  27.587  2.694 0.0000000000
146065  50.806  27.161  3.151 0.0000000000
146066  51.657  27.074  3.327 0.0000000000
146067  51.089  26.886  3.440 0.0000000000
146068  50.378  26.803  3.570 0.0000000000
146069  49.922  26.528  3.975 0.0000000000
153150  49.596  24.693  7.246 0.0000000000
153156  51.897  23.527  7.920 0.0000000000
153159  50.687  22.182  8.402 0.0000000000
153174  54.609  22.913  12.447 0.0000000000
153175  54.303  22.476  12.100 0.0000000000
153176  53.779  22.125  11.951 0.0000000000
153177  53.816  21.544  13.145 0.0000000000
153178  53.489  21.737  12.460 0.0000000000
153179  53.190  21.805  11.798 0.0000000000
153180  52.527  21.513  11.754 0.0000000000
153821  30.285  21.296  -18.917 0.0000000000
153822  30.182  21.451  -18.255 0.0000000000
153835  33.419  25.820  -18.938 0.0000000000
153848  30.663  21.796  -18.318 0.0000000000
153849  29.934  21.694  -17.569 0.0000000000
153850  29.708  21.971  -16.911 0.0000000000
153851  29.435  22.214  -16.245 0.0000000000
153852  29.157  22.403  -15.610 0.0000000000
153853  30.565  22.713  -16.303 0.0000000000
153854  29.746  22.690  -15.658 0.0000000000
153855  28.981  22.574  -15.049 0.0000000000
153856  28.776  22.684  -14.482 0.0000000000
153857  28.614  22.770  -13.897 0.0000000000
153858  28.433  22.810  -13.292 0.0000000000
153859  32.911  23.606  -16.340 0.0000000000
153860  32.128  23.597  -15.721 0.0000000000
153861  31.349  23.624  -15.076 0.0000000000
153862  31.803  24.056  -14.385 0.0000000000
153863  31.155  23.818  -14.424 0.0000000000
153864  30.546  23.596  -14.439 0.0000000000
153865  29.695  23.430  -13.821 0.0000000000
153866  28.941  23.172  -13.257 0.0000000000
153867  28.263  22.823  -12.694 0.0000000000
153868  28.116  22.818  -12.127 0.0000000000
153869  27.937  22.758  -11.558 0.0000000000
153870  27.853  22.668  -10.971 0.0000000000
153871  28.884  23.642  -11.529 0.0000000000
153872  28.250  23.128  -10.949 0.0000000000
153873  27.777  22.538  -10.436 0.0000000000
153874  27.721  22.335  -9.911 0.0000000000
153967  45.240  36.991  -8.606 0.0000000000
153970  45.641  38.906  -10.286 0.0000000000
153979  45.196  41.979  -11.983 0.0000000000
153985  49.015  33.302  -9.992 0.0000000000
153986  48.695  33.863  -10.493 0.0000000000
153987  48.259  34.458  -10.943 0.0000000000
153988  48.272  33.898  -11.516 0.0000000000
153989  48.127  34.554  -11.496 0.0000000000
153990  47.865  35.124  -11.371 0.0000000000
153991  47.559  35.903  -11.772 0.0000000000
153992  47.266  36.769  -12.147 0.0000000000
153993  46.917  37.614  -12.444 0.0000000000
153994  47.088  33.347  -12.805 0.0000000000
153995  47.010  34.064  -12.876 0.0000000000
153996  46.879  34.944  -12.941 0.0000000000
153997  45.941  35.267  -13.385 0.0000000000
153998  46.429  35.549  -13.211 0.0000000000
153999  46.849  35.730  -12.892 0.0000000000
154000  46.784  36.580  -12.847 0.0000000000
154001  46.673  37.507  -12.883 0.0000000000
154002  46.527  38.339  -12.785 0.0000000000
154003  46.094  39.084  -12.980 0.0000000000
154004  45.533  39.735  -13.136 0.0000000000
154005  44.871  40.271  -13.265 0.0000000000
154006  44.479  39.131  -13.580 0.0000000000
154007  44.304  39.947  -13.495 0.0000000000
154008  44.135  40.736  -13.347 0.0000000000
154009  43.270  41.103  -13.378 0.0000000000
154015  40.724  39.104  -11.473 0.0000000000
154021  41.769  35.943  -11.453 0.0000000000
154022  41.077  36.219  -10.831 0.0000000000
154023  40.326  36.518  -10.167 0.0000000000
154024  40.223  35.174  -10.060 0.0000000000
154025  39.898  35.988  -9.768 0.0000000000
154026  39.574  36.870  -9.561 0.0000000000
154027  38.845  37.136  -9.025 0.0000000000
154046  35.690  31.685  -12.008 0.0000000000
154047  36.174  31.174  -13.131 0.0000000000
154048  39.558  31.020  -11.989 0.0000000000
154049  39.070  30.760  -12.290 0.0000000000
154050  38.499  30.652  -12.609 0.0000000000
154051  39.821  29.495  -13.701 0.0000000000
154052  38.817  30.051  -13.415 0.0000000000
154053  37.933  30.661  -12.899 0.0000000000
154054  37.405  30.672  -13.222 0.0000000000
154055  37.045  30.680  -13.700 0.0000000000
154056  36.688  30.631  -14.074 0.0000000000
154057  37.160  29.979  -14.830 0.0000000000
154058  37.571  29.275  -15.473 0.0000000000
154059  37.954  28.512  -15.998 0.0000000000
154060  39.132  27.977  -15.681 0.0000000000
154061  38.691  27.912  -15.950 0.0000000000
154062  38.257  27.774  -16.285 0.0000000000
154063  38.511  27.005  -16.526 0.0000000000
154064  38.520  26.314  -16.581 0.0000000000
154065  38.391  25.702  -16.432 0.0000000000
154066  44.241  28.181  -13.102 0.0000000000
154067  43.891  27.701  -13.114 0.0000000000
154068  43.495  27.315  -13.218 0.0000000000
154069  43.281  26.758  -12.402 0.0000000000
154070  43.236  26.810  -12.942 0.0000000000
154071  43.078  26.924  -13.349 0.0000000000
154072  42.685  26.618  -13.502 0.0000000000
154073  42.231  26.363  -13.735 0.0000000000
154074  41.822  26.126  -13.955 0.0000000000
154076  40.824  25.936  -11.193 0.0000000000
154077  41.215  25.708  -11.891 0.0000000000
154079  40.799  25.472  -12.037 0.0000000000
154080  41.494  25.581  -12.521 0.0000000000
154081  41.586  25.592  -13.091 0.0000000000
154082  41.539  25.707  -13.645 0.0000000000
154083  41.401  25.955  -14.172 0.0000000000
154084  41.003  25.795  -14.472 0.0000000000
154085  40.479  25.737  -14.712 0.0000000000
154086  40.013  25.619  -14.978 0.0000000000
154087  39.663  25.122  -13.986 0.0000000000
154088  39.636  25.280  -14.628 0.0000000000
154089  39.521  25.548  -15.252 0.0000000000
154090  39.062  25.408  -15.564 0.0000000000
154091  38.565  25.343  -15.865 0.0000000000
154092  38.116  25.244  -16.143 0.0000000000
154093  37.557  24.952  -15.748 0.0000000000
154094  36.970  24.816  -15.225 0.0000000000
154095  36.257  24.802  -14.660 0.0000000000
154096  36.702  25.018  -13.706 0.0000000000
154097  36.112  24.947  -13.907 0.0000000000
154098  35.505  24.883  -14.072 0.0000000000
154099  34.696  24.961  -13.498 0.0000000000
154100  33.819  25.050  -12.926 0.0000000000
154101  32.852  25.073  -12.365 0.0000000000
154103  34.635  25.712  -11.029 0.0000000000
154104  34.103  25.626  -11.161 0.0000000000
154106  32.991  25.638  -10.609 0.0000000000
154107  33.587  25.484  -11.346 0.0000000000
154108  33.045  25.317  -11.525 0.0000000000
154109  32.468  25.145  -11.679 0.0000000000
154110  31.896  24.975  -11.793 0.0000000000
154111  30.968  24.812  -11.237 0.0000000000
160447  28.694  16.915  -10.013 0.0000000000
160448  28.902  16.456  -10.399 0.0000000000
160456  29.681  15.673  -10.532 0.0000000000
160457  29.150  15.953  -10.777 0.0000000000
160458  29.472  15.413  -11.194 0.0000000000
160459  29.821  14.875  -11.645 0.0000000000
160460  30.147  14.323  -12.121 0.0000000000
160462  31.011  13.570  -12.437 0.0000000000
160463  30.468  13.772  -12.603 0.0000000000
160464  30.830  13.126  -13.138 0.0000000000
