#!ascii label  , from subject fsaverage vox2ras=TkReg coords=white
2004
52  39.738  33.074  9.815 0.0000000000
53  49.514  20.152  18.503 0.0000000000
54  43.742  23.961  28.156 0.0000000000
172  37.114  37.142  17.493 0.0000000000
173  41.226  30.302  19.637 0.0000000000
384  46.508  27.054  14.182 0.0000000000
385  41.057  23.248  20.431 0.0000000000
653  41.848  35.362  22.236 0.0000000000
877  45.546  32.187  7.701 0.0000000000
878  48.877  29.374  9.843 0.0000000000
879  43.774  30.539  11.958 0.0000000000
880  44.996  28.482  23.919 0.0000000000
881  41.970  27.323  21.081 0.0000000000
882  41.029  24.749  24.369 0.0000000000
883  37.466  20.998  22.673 0.0000000000
888  36.229  37.547  8.732 0.0000000000
890  40.679  35.303  6.135 0.0000000000
891  46.926  34.774  5.244 0.0000000000
1462  35.397  34.290  12.993 0.0000000000
1463  38.372  30.498  14.347 0.0000000000
1464  38.761  33.209  18.738 0.0000000000
1465  45.918  32.246  22.408 0.0000000000
1466  47.676  28.107  27.877 0.0000000000
1470  37.290  40.297  12.773 0.0000000000
1602  45.123  16.823  19.669 0.0000000000
1603  49.677  14.451  19.418 0.0000000000
1856  49.965  25.155  18.903 0.0000000000
1857  41.142  27.651  15.947 0.0000000000
1858  44.650  25.890  19.094 0.0000000000
1859  45.140  21.825  19.120 0.0000000000
1860  40.424  18.891  19.886 0.0000000000
2797  42.733  32.994  8.730 0.0000000000
2798  44.523  31.673  9.850 0.0000000000
2799  41.808  31.871  10.886 0.0000000000
2800  44.489  26.449  26.413 0.0000000000
2801  42.923  26.579  24.630 0.0000000000
2802  42.235  24.492  26.363 0.0000000000
2803  39.978  22.952  25.730 0.0000000000
2804  41.349  22.624  27.414 0.0000000000
2808  37.078  34.854  8.940 0.0000000000
2809  38.001  36.257  7.025 0.0000000000
2810  40.051  34.296  7.724 0.0000000000
2811  43.141  33.843  7.299 0.0000000000
3030  52.269  21.572  18.692 0.0000000000
3032  52.119  18.646  18.625 0.0000000000
3397  35.920  35.697  15.540 0.0000000000
3398  36.240  33.329  16.133 0.0000000000
3399  37.344  34.762  18.338 0.0000000000
3400  44.761  35.012  24.155 0.0000000000
3401  44.047  33.669  22.468 0.0000000000
3402  46.933  32.964  24.541 0.0000000000
3403  47.768  30.886  24.979 0.0000000000
3408  37.949  40.142  16.968 0.0000000000
3410  36.856  38.814  15.152 0.0000000000
3411  35.707  37.372  13.005 0.0000000000
3630  43.077  15.428  20.421 0.0000000000
3631  45.678  14.388  20.983 0.0000000000
4075  47.641  28.412  11.869 0.0000000000
4076  50.118  27.415  11.327 0.0000000000
4077  49.295  26.728  13.812 0.0000000000
4078  50.960  25.593  16.539 0.0000000000
4079  48.305  26.063  16.336 0.0000000000
4080  38.916  30.127  17.160 0.0000000000
4081  39.768  29.005  15.020 0.0000000000
4082  39.895  28.647  17.768 0.0000000000
4083  41.881  25.330  21.114 0.0000000000
4084  42.627  26.239  19.485 0.0000000000
4085  43.620  24.535  20.226 0.0000000000
4086  45.729  24.071  19.944 0.0000000000
4087  42.987  22.410  19.556 0.0000000000
4088  42.688  20.295  19.217 0.0000000000
4089  40.515  21.257  19.989 0.0000000000
4778  48.839  12.468  16.389 0.0000000000
5782  38.614  38.729  19.145 0.0000000000
5783  38.957  36.235  20.253 0.0000000000
5784  40.537  37.695  21.659 0.0000000000
5785  42.945  37.011  23.561 0.0000000000
5786  44.189  35.691  25.625 0.0000000000
6187  48.694  31.420  6.699 0.0000000000
6188  50.148  30.165  7.795 0.0000000000
6189  47.477  31.099  9.004 0.0000000000
6190  46.256  30.333  10.914 0.0000000000
6191  45.155  28.768  12.840 0.0000000000
6192  43.983  29.828  21.795 0.0000000000
6193  41.698  28.861  20.475 0.0000000000
6194  43.419  28.073  22.581 0.0000000000
6195  41.955  26.163  22.714 0.0000000000
6196  40.427  24.331  22.143 0.0000000000
6197  39.009  22.389  21.501 0.0000000000
6198  39.077  23.147  23.721 0.0000000000
6212  43.875  34.946  5.742 0.0000000000
6213  46.243  33.413  6.335 0.0000000000
7252  36.883  33.263  10.911 0.0000000000
7253  38.825  31.663  11.999 0.0000000000
7254  36.608  32.036  13.725 0.0000000000
7255  37.551  31.569  16.622 0.0000000000
7256  40.279  31.733  18.937 0.0000000000
7257  40.516  34.251  20.757 0.0000000000
7258  42.287  32.805  20.594 0.0000000000
7259  43.511  31.374  20.861 0.0000000000
7260  46.360  30.398  22.971 0.0000000000
7261  46.485  28.570  25.863 0.0000000000
7271  36.154  38.991  10.756 0.0000000000
7272  35.472  35.948  10.728 0.0000000000
7578  47.159  18.482  18.792 0.0000000000
7579  49.554  17.312  19.414 0.0000000000
7580  47.619  15.755  20.468 0.0000000000
7581  47.990  13.079  19.644 0.0000000000
8187  51.448  28.429  9.081 0.0000000000
8191  52.059  23.977  18.607 0.0000000000
8192  49.990  22.716  18.875 0.0000000000
8193  40.634  30.347  12.897 0.0000000000
8194  42.233  28.760  13.703 0.0000000000
8195  43.833  27.414  14.823 0.0000000000
8196  41.083  27.357  18.382 0.0000000000
8197  42.930  26.475  17.083 0.0000000000
8198  45.712  26.257  16.474 0.0000000000
8199  47.466  25.791  18.911 0.0000000000
8200  47.924  23.622  19.546 0.0000000000
8201  47.254  21.153  18.442 0.0000000000
8202  44.872  19.361  18.765 0.0000000000
8203  42.764  17.849  19.491 0.0000000000
8205  38.367  20.020  20.743 0.0000000000
9060  51.904  15.875  18.583 0.0000000000
10477  41.304  33.048  9.193 0.0000000000
10478  42.237  32.470  9.727 0.0000000000
10479  40.798  32.439  10.350 0.0000000000
10480  44.153  25.120  27.389 0.0000000000
10481  43.380  25.453  26.469 0.0000000000
10482  42.955  24.242  27.275 0.0000000000
10483  41.781  23.546  26.947 0.0000000000
10484  42.575  23.299  27.818 0.0000000000
10488  38.287  33.824  9.296 0.0000000000
10489  38.518  34.516  8.220 0.0000000000
10490  39.829  33.739  8.699 0.0000000000
10491  41.366  33.616  8.355 0.0000000000
10710  50.952  20.900  18.621 0.0000000000
10711  52.295  20.172  18.821 0.0000000000
10712  50.852  19.482  18.636 0.0000000000
11077  36.498  36.408  16.620 0.0000000000
11078  36.411  35.136  17.060 0.0000000000
11079  37.071  35.878  18.039 0.0000000000
11080  45.631  34.389  25.193 0.0000000000
11081  45.836  33.958  24.460 0.0000000000
11082  46.697  33.293  25.528 0.0000000000
11083  47.525  32.218  25.813 0.0000000000
11088  37.550  38.724  17.220 0.0000000000
11089  37.404  39.507  16.129 0.0000000000
11090  36.955  37.979  16.378 0.0000000000
11091  36.343  37.271  15.368 0.0000000000
11755  47.038  27.717  12.968 0.0000000000
11756  48.400  27.516  12.690 0.0000000000
11757  47.862  26.940  13.935 0.0000000000
11758  48.782  26.380  15.120 0.0000000000
11759  47.413  26.540  15.182 0.0000000000
11760  39.990  30.230  18.509 0.0000000000
11761  39.442  29.363  17.439 0.0000000000
11762  40.224  29.485  18.832 0.0000000000
11763  41.516  24.217  20.719 0.0000000000
11764  42.642  24.841  20.546 0.0000000000
11765  42.341  23.786  20.293 0.0000000000
11766  43.359  23.453  19.944 0.0000000000
11767  41.963  22.808  19.978 0.0000000000
11768  41.780  21.782  19.699 0.0000000000
11769  40.759  22.298  20.233 0.0000000000
13477  39.445  39.464  20.029 0.0000000000
13478  39.527  38.234  20.445 0.0000000000
13479  40.418  38.890  21.265 0.0000000000
13481  42.236  38.049  23.306 0.0000000000
13482  43.174  37.663  24.443 0.0000000000
13483  43.950  36.626  24.612 0.0000000000
13484  43.452  36.801  25.503 0.0000000000
14152  47.179  31.871  7.102 0.0000000000
14153  48.072  31.311  7.810 0.0000000000
14154  46.525  31.614  8.253 0.0000000000
14155  44.181  31.309  10.958 0.0000000000
14156  45.495  31.143  10.427 0.0000000000
14157  45.004  30.578  11.443 0.0000000000
14158  45.746  29.646  11.885 0.0000000000
14159  44.420  29.650  12.359 0.0000000000
14160  44.969  29.233  22.844 0.0000000000
14161  43.903  28.978  22.245 0.0000000000
14162  44.224  28.300  23.239 0.0000000000
14163  42.005  25.692  24.611 0.0000000000
14164  42.388  26.439  23.629 0.0000000000
14165  41.463  25.547  23.533 0.0000000000
14166  41.149  25.210  22.430 0.0000000000
14167  40.605  24.649  23.248 0.0000000000
14168  39.717  23.804  23.003 0.0000000000
14169  40.025  23.921  24.105 0.0000000000
14170  39.448  22.068  26.125 0.0000000000
14171  38.905  22.189  25.281 0.0000000000
14183  36.394  38.958  8.702 0.0000000000
14185  36.812  38.214  7.720 0.0000000000
14186  39.246  35.699  6.404 0.0000000000
14187  38.462  36.864  6.014 0.0000000000
14188  39.618  36.349  5.507 0.0000000000
14191  42.560  35.598  4.953 0.0000000000
14192  42.263  35.039  5.885 0.0000000000
14193  44.362  33.001  7.500 0.0000000000
14194  44.716  33.646  6.903 0.0000000000
14195  45.831  32.721  6.875 0.0000000000
14196  47.447  32.353  6.386 0.0000000000
15952  35.895  33.668  11.855 0.0000000000
15953  36.619  32.575  12.320 0.0000000000
15954  35.917  33.073  13.407 0.0000000000
15955  37.262  33.176  17.445 0.0000000000
15956  36.846  32.350  16.376 0.0000000000
15957  37.993  32.396  17.623 0.0000000000
15958  38.791  31.717  17.823 0.0000000000
15959  39.550  32.512  18.778 0.0000000000
15960  40.382  35.776  21.309 0.0000000000
15961  39.655  35.187  20.563 0.0000000000
15962  41.251  34.765  21.557 0.0000000000
15963  45.102  32.965  22.430 0.0000000000
15964  43.262  33.296  21.594 0.0000000000
15965  44.139  32.577  21.518 0.0000000000
15966  43.013  32.142  20.611 0.0000000000
15967  44.723  31.827  21.595 0.0000000000
15968  45.098  31.037  21.901 0.0000000000
15969  46.365  31.374  22.533 0.0000000000
15970  47.791  29.636  26.619 0.0000000000
15971  47.373  29.646  25.435 0.0000000000
15972  47.166  28.395  26.887 0.0000000000
15973  46.220  27.211  27.138 0.0000000000
15974  46.969  26.882  28.053 0.0000000000
15986  37.899  40.991  13.842 0.0000000000
15988  38.268  41.639  12.823 0.0000000000
15990  37.542  41.041  11.730 0.0000000000
15992  36.736  39.640  11.853 0.0000000000
15993  35.268  35.789  12.978 0.0000000000
15994  35.377  36.599  11.811 0.0000000000
15995  35.322  35.154  11.846 0.0000000000
15996  35.894  34.492  10.756 0.0000000000
16650  46.139  17.627  19.191 0.0000000000
16651  47.362  17.050  19.526 0.0000000000
16652  46.304  16.303  19.952 0.0000000000
16654  47.034  13.648  20.757 0.0000000000
16655  47.079  12.327  19.532 0.0000000000
16656  47.615  12.042  18.056 0.0000000000
17985  49.453  29.875  8.838 0.0000000000
17986  50.854  29.387  8.343 0.0000000000
17987  50.148  28.901  9.460 0.0000000000
17989  51.350  26.956  11.058 0.0000000000
17995  50.530  25.428  17.812 0.0000000000
17996  51.638  24.931  17.873 0.0000000000
17997  50.989  24.584  18.826 0.0000000000
17998  51.118  23.376  18.935 0.0000000000
17999  50.059  23.962  19.194 0.0000000000
18000  38.545  31.042  13.186 0.0000000000
18001  39.851  31.079  12.458 0.0000000000
18002  39.400  30.337  13.515 0.0000000000
18003  40.380  28.227  15.429 0.0000000000
18004  40.909  28.831  14.293 0.0000000000
18005  41.601  28.127  14.818 0.0000000000
18006  42.954  28.060  14.266 0.0000000000
18007  42.373  27.489  15.352 0.0000000000
18008  41.895  28.108  20.816 0.0000000000
18009  41.011  28.071  19.451 0.0000000000
18010  41.486  27.390  19.750 0.0000000000
18011  43.540  26.015  19.187 0.0000000000
18012  42.683  26.267  18.298 0.0000000000
18013  43.759  26.087  17.971 0.0000000000
18014  44.258  26.355  16.729 0.0000000000
18015  45.192  26.029  17.773 0.0000000000
18016  46.646  25.999  17.588 0.0000000000
18017  46.037  25.869  18.952 0.0000000000
18018  45.443  22.961  19.439 0.0000000000
18019  46.814  23.904  19.761 0.0000000000
18020  46.540  22.649  19.303 0.0000000000
18021  47.576  22.313  19.016 0.0000000000
18022  46.243  21.429  18.826 0.0000000000
18023  46.042  20.234  18.526 0.0000000000
18024  44.994  20.624  18.829 0.0000000000
18025  41.542  19.551  19.497 0.0000000000
18026  42.659  19.035  19.274 0.0000000000
18027  41.536  18.346  19.681 0.0000000000
18028  41.733  17.075  19.896 0.0000000000
18029  40.570  17.580  20.029 0.0000000000
18030  38.131  21.855  22.102 0.0000000000
18031  38.577  21.225  21.045 0.0000000000
18032  37.722  20.584  21.607 0.0000000000
20093  49.719  15.863  20.000 0.0000000000
20094  50.806  16.548  19.365 0.0000000000
20095  50.759  15.208  19.026 0.0000000000
23467  44.115  32.584  8.236 0.0000000000
23468  45.018  31.924  8.722 0.0000000000
23469  43.623  32.357  9.126 0.0000000000
23470  43.167  31.932  10.301 0.0000000000
23471  42.841  31.243  11.441 0.0000000000
23472  44.699  27.718  25.236 0.0000000000
23473  43.892  27.540  24.368 0.0000000000
23474  43.659  26.685  25.486 0.0000000000
23475  42.658  25.639  25.591 0.0000000000
23476  41.576  24.672  25.446 0.0000000000
23477  40.518  23.894  25.142 0.0000000000
23478  41.077  23.696  26.118 0.0000000000
23479  40.606  22.760  26.561 0.0000000000
23480  40.169  21.930  26.995 0.0000000000
23486  36.527  36.125  8.822 0.0000000000
23487  36.938  36.890  7.843 0.0000000000
23488  37.467  35.612  7.961 0.0000000000
23489  38.843  35.117  7.242 0.0000000000
23490  40.345  34.781  6.877 0.0000000000
23491  41.872  34.496  6.686 0.0000000000
23492  41.570  34.056  7.482 0.0000000000
23493  42.935  33.404  8.016 0.0000000000
23888  53.613  20.661  18.672 0.0000000000
23889  53.503  19.145  18.469 0.0000000000
24547  35.438  35.028  14.246 0.0000000000
24548  35.719  33.747  14.649 0.0000000000
24549  35.900  34.465  15.871 0.0000000000
24550  36.720  34.027  17.318 0.0000000000
24551  38.003  33.838  18.627 0.0000000000
24552  43.322  35.218  23.176 0.0000000000
24553  42.898  34.401  22.389 0.0000000000
24554  44.458  34.319  23.367 0.0000000000
24555  45.760  33.377  23.495 0.0000000000
24556  46.693  32.535  23.420 0.0000000000
24557  47.312  31.689  23.468 0.0000000000
24558  47.674  31.948  24.589 0.0000000000
24566  38.439  41.694  16.811 0.0000000000
24570  37.050  39.556  13.922 0.0000000000
24571  36.418  38.926  12.926 0.0000000000
24572  36.289  38.100  14.146 0.0000000000
24573  35.672  36.546  14.174 0.0000000000
24966  44.097  16.137  20.144 0.0000000000
24967  45.309  15.602  20.450 0.0000000000
24968  44.344  14.915  20.751 0.0000000000
25767  48.215  28.929  10.926 0.0000000000
25768  49.487  28.379  10.525 0.0000000000
25769  48.912  27.967  11.571 0.0000000000
25770  49.726  27.134  12.538 0.0000000000
25773  50.252  26.174  15.177 0.0000000000
25774  49.720  25.883  16.485 0.0000000000
25775  49.283  25.716  17.614 0.0000000000
25776  38.381  30.169  15.774 0.0000000000
25777  39.117  29.791  14.659 0.0000000000
25778  39.003  29.392  15.988 0.0000000000
25779  39.649  28.678  16.342 0.0000000000
25780  40.276  27.955  16.716 0.0000000000
25781  42.041  26.327  21.190 0.0000000000
25782  41.991  26.718  20.156 0.0000000000
25783  42.521  25.868  20.565 0.0000000000
25784  43.344  25.540  20.212 0.0000000000
25785  44.307  25.417  20.061 0.0000000000
25786  45.461  25.296  19.990 0.0000000000
25787  44.636  24.272  20.080 0.0000000000
25788  44.367  23.213  19.631 0.0000000000
25789  44.033  22.147  19.253 0.0000000000
25790  43.914  21.066  19.097 0.0000000000
25791  42.875  21.449  19.287 0.0000000000
25792  41.610  20.756  19.518 0.0000000000
25793  40.434  20.104  19.808 0.0000000000
25835  48.160  33.731  5.363 0.0000000000
25836  48.428  34.365  4.753 0.0000000000
27032  49.201  13.466  17.917 0.0000000000
27034  49.621  13.204  16.095 0.0000000000
28852  37.790  37.956  18.250 0.0000000000
28853  37.778  36.730  18.887 0.0000000000
28854  38.645  37.507  19.723 0.0000000000
28855  39.761  36.937  20.964 0.0000000000
28856  40.947  36.419  22.002 0.0000000000
28857  41.291  38.373  22.391 0.0000000000
28858  41.594  37.223  22.623 0.0000000000
28859  42.354  36.167  22.896 0.0000000000
28860  43.776  36.009  23.761 0.0000000000
28861  44.726  35.506  24.914 0.0000000000
28871  38.598  40.942  17.971 0.0000000000
28872  38.166  39.442  18.044 0.0000000000
29797  50.173  30.928  6.217 0.0000000000
29799  49.494  30.790  7.346 0.0000000000
29800  48.815  30.634  8.348 0.0000000000
29801  48.226  30.354  9.428 0.0000000000
29802  45.912  31.383  9.401 0.0000000000
29803  46.908  30.778  9.958 0.0000000000
29804  47.570  29.914  10.445 0.0000000000
29805  46.971  29.455  11.302 0.0000000000
29806  46.381  28.721  12.345 0.0000000000
29807  45.770  27.838  13.435 0.0000000000
29808  42.603  30.205  20.784 0.0000000000
29809  41.490  29.599  20.156 0.0000000000
29810  42.752  29.392  21.284 0.0000000000
29811  42.806  28.617  21.632 0.0000000000
29812  42.593  27.759  21.876 0.0000000000
29813  43.286  27.343  23.540 0.0000000000
29814  42.699  27.118  22.747 0.0000000000
29815  42.243  26.792  22.012 0.0000000000
29816  41.746  25.772  21.910 0.0000000000
29817  41.116  24.780  21.471 0.0000000000
29818  40.517  23.812  21.198 0.0000000000
29819  39.960  22.874  20.991 0.0000000000
29820  39.631  23.339  21.874 0.0000000000
29821  38.833  22.885  22.604 0.0000000000
29822  38.142  22.202  23.246 0.0000000000
29823  39.488  23.123  24.768 0.0000000000
29824  38.435  22.259  24.304 0.0000000000
29825  37.587  21.286  23.774 0.0000000000
29854  45.476  34.935  5.606 0.0000000000
29855  43.446  34.363  6.579 0.0000000000
29856  45.181  34.355  6.355 0.0000000000
29857  46.636  34.169  5.863 0.0000000000
29858  47.764  32.999  5.739 0.0000000000
29859  49.036  31.823  5.882 0.0000000000
32302  38.261  33.128  10.266 0.0000000000
32303  39.244  32.438  10.939 0.0000000000
32304  37.794  32.343  11.432 0.0000000000
32305  37.560  31.704  12.754 0.0000000000
32306  37.478  31.178  14.038 0.0000000000
32307  36.161  32.623  14.898 0.0000000000
32308  36.814  31.654  15.207 0.0000000000
32309  37.657  30.904  15.468 0.0000000000
32310  38.287  30.836  16.895 0.0000000000
32311  39.455  30.925  18.114 0.0000000000
32312  40.820  30.974  19.193 0.0000000000
32313  38.132  35.491  19.344 0.0000000000
32314  38.822  34.499  19.701 0.0000000000
32315  39.704  33.759  19.810 0.0000000000
32316  42.238  33.923  21.573 0.0000000000
32317  41.402  33.525  20.744 0.0000000000
32318  40.502  33.103  19.776 0.0000000000
32319  41.246  32.391  19.693 0.0000000000
32320  41.881  31.609  19.884 0.0000000000
32321  42.318  30.847  20.312 0.0000000000
32322  43.818  30.611  21.382 0.0000000000
32323  45.225  30.135  22.366 0.0000000000
32324  45.989  29.401  23.397 0.0000000000
32325  47.237  30.604  23.801 0.0000000000
32326  46.737  29.538  24.279 0.0000000000
32327  45.758  28.579  24.838 0.0000000000
32328  45.458  27.530  26.203 0.0000000000
32329  45.218  26.186  27.317 0.0000000000
32330  44.853  24.733  28.232 0.0000000000
32352  36.440  39.717  9.687 0.0000000000
32353  35.955  38.268  9.686 0.0000000000
32354  35.945  38.175  11.858 0.0000000000
32355  35.668  37.461  10.699 0.0000000000
32356  35.849  36.786  9.659 0.0000000000
32357  36.106  35.334  9.708 0.0000000000
32358  36.914  34.034  9.920 0.0000000000
33186  48.272  19.376  18.544 0.0000000000
33187  49.502  18.704  18.787 0.0000000000
33188  48.408  17.901  19.112 0.0000000000
33189  48.604  16.493  19.999 0.0000000000
33190  48.844  15.142  20.493 0.0000000000
33191  46.563  15.164  20.719 0.0000000000
33192  47.944  14.458  20.700 0.0000000000
33193  48.854  13.760  19.549 0.0000000000
33194  48.486  12.769  18.108 0.0000000000
33195  48.079  11.631  16.415 0.0000000000
34864  52.100  28.861  7.953 0.0000000000
34866  50.714  27.868  10.163 0.0000000000
34867  52.015  27.474  9.838 0.0000000000
34876  52.722  24.336  17.541 0.0000000000
34878  52.218  22.846  18.731 0.0000000000
34879  51.076  22.154  18.715 0.0000000000
34880  49.746  21.446  18.497 0.0000000000
34881  40.307  31.858  11.474 0.0000000000
34882  41.284  31.198  11.941 0.0000000000
34883  42.148  30.429  12.380 0.0000000000
34884  40.233  29.612  13.898 0.0000000000
34885  41.412  29.477  13.279 0.0000000000
34886  42.932  29.529  12.805 0.0000000000
34887  43.723  28.703  13.269 0.0000000000
34888  44.473  27.975  13.835 0.0000000000
34889  45.268  27.268  14.522 0.0000000000
34890  40.563  28.799  19.188 0.0000000000
34891  40.384  27.984  18.056 0.0000000000
34892  40.998  27.388  17.135 0.0000000000
34893  41.841  26.747  18.861 0.0000000000
34894  41.848  26.800  17.548 0.0000000000
34895  41.955  27.064  16.446 0.0000000000
34896  43.296  26.890  15.965 0.0000000000
34897  44.741  26.822  15.559 0.0000000000
34898  46.161  26.648  15.302 0.0000000000
34899  47.039  26.128  16.418 0.0000000000
34900  47.937  25.881  17.684 0.0000000000
34901  48.749  25.578  18.873 0.0000000000
34902  46.757  25.238  19.950 0.0000000000
34903  47.996  25.065  19.824 0.0000000000
34904  49.096  24.534  19.455 0.0000000000
34905  48.945  23.193  19.185 0.0000000000
34906  48.569  21.878  18.626 0.0000000000
34907  48.341  20.699  18.329 0.0000000000
34908  47.101  19.868  18.312 0.0000000000
34909  46.061  18.850  18.721 0.0000000000
34910  45.003  18.077  19.112 0.0000000000
34911  43.801  19.844  19.003 0.0000000000
34912  43.859  18.556  19.130 0.0000000000
34913  43.953  17.308  19.547 0.0000000000
34914  42.893  16.589  19.911 0.0000000000
34915  41.929  15.880  20.300 0.0000000000
34917  39.630  21.789  20.605 0.0000000000
34918  39.428  20.713  20.250 0.0000000000
34919  39.354  19.444  20.217 0.0000000000
34921  38.414  18.712  20.643 0.0000000000
34922  39.453  18.133  20.304 0.0000000000
37075  42.984  35.874  26.290 0.0000000000
37076  43.936  34.878  26.426 0.0000000000
37123  42.422  22.547  28.403 0.0000000000
37124  41.148  21.944  27.972 0.0000000000
37422  50.756  17.992  18.912 0.0000000000
37423  52.033  17.165  18.811 0.0000000000
41197  40.492  33.058  9.502 0.0000000000
41198  41.010  32.741  9.761 0.0000000000
41199  40.256  32.740  10.079 0.0000000000
41200  43.953  24.489  27.810 0.0000000000
41201  43.564  24.658  27.363 0.0000000000
41202  43.360  24.130  27.727 0.0000000000
41203  42.774  23.754  27.562 0.0000000000
41204  43.174  23.650  27.999 0.0000000000
41208  39.036  33.435  9.563 0.0000000000
41209  39.083  33.773  8.999 0.0000000000
41210  39.790  33.403  9.278 0.0000000000
41211  40.527  33.370  9.011 0.0000000000
41430  50.245  20.542  18.542 0.0000000000
41431  50.916  20.226  18.613 0.0000000000
41432  50.210  19.858  18.587 0.0000000000
41797  36.804  36.745  17.095 0.0000000000
41798  36.737  36.132  17.351 0.0000000000
41799  37.064  36.500  17.779 0.0000000000
41808  37.319  37.949  17.339 0.0000000000
41809  37.255  38.332  16.862 0.0000000000
41810  37.023  37.550  16.981 0.0000000000
41811  36.723  37.189  16.514 0.0000000000
42475  46.754  27.347  13.590 0.0000000000
42476  47.388  27.259  13.435 0.0000000000
42477  47.170  27.003  14.063 0.0000000000
42478  47.632  26.737  14.562 0.0000000000
42479  46.963  26.797  14.656 0.0000000000
42480  40.592  30.280  19.072 0.0000000000
42481  40.118  29.842  18.664 0.0000000000
42482  40.707  29.899  19.276 0.0000000000
42483  41.252  23.708  20.543 0.0000000000
42484  41.852  23.976  20.492 0.0000000000
42485  41.680  23.498  20.351 0.0000000000
42486  42.160  23.310  20.154 0.0000000000
42487  41.492  23.026  20.214 0.0000000000
42488  41.348  22.554  20.078 0.0000000000
42489  40.871  22.801  20.359 0.0000000000
44872  46.341  32.024  7.396 0.0000000000
44873  46.819  31.719  7.658 0.0000000000
44874  46.027  31.841  7.905 0.0000000000
44875  44.008  30.970  11.478 0.0000000000
44876  44.659  31.017  11.233 0.0000000000
44877  44.405  30.582  11.701 0.0000000000
44878  44.733  30.153  11.905 0.0000000000
44879  44.083  30.108  12.144 0.0000000000
44880  45.105  28.874  23.360 0.0000000000
44881  44.640  28.764  23.056 0.0000000000
44882  44.556  28.374  23.558 0.0000000000
44883  41.504  25.272  24.479 0.0000000000
44884  41.696  25.638  24.075 0.0000000000
44885  41.247  25.180  23.952 0.0000000000
44886  41.043  25.077  23.394 0.0000000000
44887  40.792  24.706  23.820 0.0000000000
44888  40.304  24.279  23.710 0.0000000000
44889  40.511  24.320  24.250 0.0000000000
44891  38.915  21.777  25.952 0.0000000000
44903  36.252  38.248  8.712 0.0000000000
44904  36.534  38.578  8.215 0.0000000000
44905  36.465  37.874  8.217 0.0000000000
44906  39.941  35.460  6.236 0.0000000000
44907  39.445  36.031  5.958 0.0000000000
44908  40.157  35.806  5.805 0.0000000000
44909  40.330  36.111  5.345 0.0000000000
44910  40.893  35.630  5.683 0.0000000000
44911  41.668  35.463  5.550 0.0000000000
44912  41.436  35.146  6.032 0.0000000000
44913  44.926  32.584  7.570 0.0000000000
44914  45.047  32.871  7.163 0.0000000000
44915  45.681  32.420  7.277 0.0000000000
44916  46.498  32.229  6.947 0.0000000000
46672  35.594  33.947  12.412 0.0000000000
46673  35.845  33.341  12.627 0.0000000000
46674  35.617  33.646  13.206 0.0000000000
46675  37.930  33.176  18.074 0.0000000000
46676  37.602  32.768  17.527 0.0000000000
46677  38.352  32.822  18.159 0.0000000000
46678  38.759  32.482  18.232 0.0000000000
46679  39.173  32.906  18.789 0.0000000000
46680  41.080  35.505  21.817 0.0000000000
46681  40.788  35.249  21.469 0.0000000000
46682  41.555  35.018  21.895 0.0000000000
46683  45.538  32.621  22.406 0.0000000000
46684  44.649  32.816  22.003 0.0000000000
46685  45.003  32.387  21.961 0.0000000000
46686  44.432  32.171  21.523 0.0000000000
46687  45.329  32.026  21.984 0.0000000000
46688  45.596  31.643  22.057 0.0000000000
46689  46.224  31.834  22.415 0.0000000000
46690  47.705  28.877  27.275 0.0000000000
46691  47.499  28.984  26.748 0.0000000000
46692  47.423  28.243  27.364 0.0000000000
46693  47.061  27.621  27.478 0.0000000000
46694  47.364  27.475  27.936 0.0000000000
46706  37.614  40.646  13.317 0.0000000000
46707  38.082  41.327  13.330 0.0000000000
46708  37.789  40.980  12.797 0.0000000000
46709  37.893  41.343  12.270 0.0000000000
46710  37.443  40.665  12.256 0.0000000000
46711  37.120  40.350  11.738 0.0000000000
46712  37.012  39.973  12.308 0.0000000000
46713  35.238  35.070  13.008 0.0000000000
46714  35.248  35.470  12.414 0.0000000000
46715  35.357  34.710  12.415 0.0000000000
46716  35.545  34.350  11.852 0.0000000000
47370  45.621  17.239  19.443 0.0000000000
47371  46.222  16.941  19.552 0.0000000000
47372  45.691  16.554  19.800 0.0000000000
47374  46.704  12.433  20.195 0.0000000000
48705  49.170  29.635  9.332 0.0000000000
48706  49.768  29.392  9.129 0.0000000000
48707  49.506  29.124  9.621 0.0000000000
48715  50.248  25.305  18.338 0.0000000000
48716  50.793  25.078  18.405 0.0000000000
48717  50.463  24.865  18.846 0.0000000000
48718  50.576  24.294  19.143 0.0000000000
48719  50.055  24.574  19.189 0.0000000000
48720  38.436  30.773  13.747 0.0000000000
48721  38.990  30.709  13.365 0.0000000000
48722  38.872  30.398  13.906 0.0000000000
48723  40.787  27.911  15.679 0.0000000000
48724  40.999  28.169  15.115 0.0000000000
48725  41.360  27.866  15.372 0.0000000000
48726  41.978  27.832  15.054 0.0000000000
48727  41.721  27.582  15.630 0.0000000000
48728  41.894  27.727  20.982 0.0000000000
48729  41.588  27.753  20.280 0.0000000000
48730  41.737  27.399  20.459 0.0000000000
48731  44.042  25.949  19.147 0.0000000000
48732  43.641  26.037  18.568 0.0000000000
48733  44.243  25.983  18.481 0.0000000000
48734  44.476  26.052  17.871 0.0000000000
48735  44.913  25.957  18.418 0.0000000000
48736  45.630  25.945  18.321 0.0000000000
48737  45.332  25.866  19.007 0.0000000000
48738  45.290  22.400  19.266 0.0000000000
48739  45.994  22.795  19.393 0.0000000000
48740  45.835  22.190  19.187 0.0000000000
48741  46.391  22.030  19.052 0.0000000000
48742  45.695  21.590  18.995 0.0000000000
48743  45.600  21.006  18.821 0.0000000000
48744  45.054  21.229  18.983 0.0000000000
48745  40.942  19.246  19.704 0.0000000000
48746  41.540  18.960  19.576 0.0000000000
48747  40.966  18.605  19.771 0.0000000000
48748  41.047  17.980  19.827 0.0000000000
48749  40.506  18.262  19.944 0.0000000000
48750  37.765  21.495  22.389 0.0000000000
48751  37.889  21.251  21.832 0.0000000000
48752  37.544  20.821  22.132 0.0000000000
48818  46.309  35.097  4.913 0.0000000000
48819  46.416  35.290  4.337 0.0000000000
48820  47.005  35.026  4.717 0.0000000000
50813  49.808  15.092  19.966 0.0000000000
50814  50.301  15.509  19.644 0.0000000000
50815  50.178  14.859  19.208 0.0000000000
54472  43.436  32.821  8.485 0.0000000000
54473  43.860  32.486  8.662 0.0000000000
54474  43.189  32.684  8.917 0.0000000000
54475  42.007  32.192  10.301 0.0000000000
54476  42.719  32.187  9.980 0.0000000000
54477  42.488  31.943  10.610 0.0000000000
54478  42.989  31.656  10.917 0.0000000000
54479  42.318  31.566  11.161 0.0000000000
54480  44.581  27.139  25.850 0.0000000000
54481  44.189  27.201  25.405 0.0000000000
54482  44.062  26.603  25.923 0.0000000000
54483  42.832  24.940  26.451 0.0000000000
54484  43.011  25.536  26.047 0.0000000000
54485  42.515  25.028  26.012 0.0000000000
54486  42.126  25.149  25.543 0.0000000000
54487  41.906  24.580  25.931 0.0000000000
54488  41.333  24.158  25.813 0.0000000000
54489  41.641  24.076  26.216 0.0000000000
54490  41.548  23.050  27.170 0.0000000000
54491  41.204  23.132  26.765 0.0000000000
54492  40.974  22.695  26.977 0.0000000000
54493  40.403  22.301  26.762 0.0000000000
54494  40.771  22.267  27.203 0.0000000000
54503  36.731  35.495  8.849 0.0000000000
54504  36.985  35.862  8.390 0.0000000000
54505  37.275  35.252  8.444 0.0000000000
54506  39.275  34.383  7.923 0.0000000000
54507  38.652  34.810  7.703 0.0000000000
54508  39.417  34.669  7.447 0.0000000000
54509  39.561  34.915  6.993 0.0000000000
54510  40.225  34.560  7.266 0.0000000000
54511  40.968  34.419  7.165 0.0000000000
54512  40.828  34.183  7.583 0.0000000000
54513  42.062  33.318  8.575 0.0000000000
54514  42.138  33.538  8.183 0.0000000000
54515  42.841  33.216  8.384 0.0000000000
54516  43.557  32.985  8.131 0.0000000000
55170  52.922  21.881  18.688 0.0000000000
55171  53.581  21.398  18.636 0.0000000000
55172  52.997  21.144  18.773 0.0000000000
55173  52.241  19.395  18.696 0.0000000000
55174  52.907  19.642  18.666 0.0000000000
55175  52.812  18.897  18.558 0.0000000000
55176  53.356  18.432  18.410 0.0000000000
55177  52.702  18.174  18.526 0.0000000000
56272  35.665  35.382  14.902 0.0000000000
56273  35.696  34.747  15.117 0.0000000000
56274  35.872  35.101  15.765 0.0000000000
56275  36.840  34.917  17.716 0.0000000000
56276  36.526  34.555  17.203 0.0000000000
56277  36.987  34.407  17.816 0.0000000000
56278  37.296  33.942  17.949 0.0000000000
56279  37.626  34.283  18.477 0.0000000000
56280  44.127  35.164  23.610 0.0000000000
56281  43.879  34.775  23.277 0.0000000000
56282  44.622  34.691  23.781 0.0000000000
56283  46.435  33.442  24.514 0.0000000000
56284  45.821  33.675  23.987 0.0000000000
56285  46.405  33.218  24.016 0.0000000000
56286  46.277  32.959  23.464 0.0000000000
56287  46.899  32.773  23.993 0.0000000000
56288  47.273  32.323  23.914 0.0000000000
56289  47.345  32.476  24.548 0.0000000000
56303  38.180  40.925  16.866 0.0000000000
56304  38.217  41.339  16.296 0.0000000000
56305  37.892  40.523  16.400 0.0000000000
56306  37.123  39.153  15.667 0.0000000000
56307  37.437  39.883  15.553 0.0000000000
56308  37.198  39.524  15.070 0.0000000000
56309  37.324  39.905  14.463 0.0000000000
56310  36.931  39.181  14.550 0.0000000000
56311  36.637  38.848  14.068 0.0000000000
56312  36.577  38.463  14.652 0.0000000000
56313  36.112  36.476  15.467 0.0000000000
56314  36.012  36.924  14.795 0.0000000000
56315  35.793  36.104  14.864 0.0000000000
56316  35.506  35.773  14.194 0.0000000000
56970  43.573  15.783  20.278 0.0000000000
56971  44.198  15.526  20.477 0.0000000000
56972  43.720  15.163  20.572 0.0000000000
58305  47.933  28.683  11.389 0.0000000000
58306  48.553  28.457  11.228 0.0000000000
58307  48.285  28.188  11.694 0.0000000000
58308  48.818  27.095  13.226 0.0000000000
58309  49.100  27.383  12.609 0.0000000000
58310  49.522  26.987  13.160 0.0000000000
58311  50.164  26.756  13.101 0.0000000000
58312  50.018  26.586  13.750 0.0000000000
58313  50.442  26.269  14.393 0.0000000000
58314  49.782  26.429  14.452 0.0000000000
58315  48.548  26.211  15.749 0.0000000000
58316  49.309  26.140  15.808 0.0000000000
58317  49.010  25.951  16.371 0.0000000000
58318  49.493  25.740  17.035 0.0000000000
58319  48.814  25.889  16.988 0.0000000000
58320  38.587  30.123  16.500 0.0000000000
58321  38.700  29.799  15.927 0.0000000000
58322  38.900  29.753  16.607 0.0000000000
58323  39.663  28.988  17.583 0.0000000000
58324  39.420  28.997  16.892 0.0000000000
58325  39.695  28.601  17.016 0.0000000000
58326  39.962  28.314  16.483 0.0000000000
58327  40.005  28.241  17.203 0.0000000000
58328  42.000  25.818  21.192 0.0000000000
58329  42.209  26.072  20.835 0.0000000000
58330  42.250  25.598  20.850 0.0000000000
58331  43.136  24.672  20.371 0.0000000000
58332  43.069  25.178  20.421 0.0000000000
58333  43.524  25.055  20.295 0.0000000000
58334  43.790  25.481  20.090 0.0000000000
58335  44.049  24.993  20.234 0.0000000000
58336  44.552  24.881  20.170 0.0000000000
58337  44.151  24.411  20.147 0.0000000000
58338  43.197  22.922  19.735 0.0000000000
58339  43.882  23.294  19.775 0.0000000000
58340  43.725  22.789  19.568 0.0000000000
58341  44.178  22.687  19.416 0.0000000000
58342  43.469  22.281  19.393 0.0000000000
58343  43.448  21.787  19.229 0.0000000000
58344  42.886  21.926  19.403 0.0000000000
58345  41.106  21.530  19.850 0.0000000000
58346  41.640  21.241  19.635 0.0000000000
58347  41.039  21.011  19.737 0.0000000000
58348  41.002  20.452  19.642 0.0000000000
58349  40.474  20.704  19.859 0.0000000000
60413  48.994  12.997  17.170 0.0000000000
60414  49.403  13.396  16.991 0.0000000000
60415  49.192  12.863  16.291 0.0000000000
63472  38.196  38.358  18.696 0.0000000000
63473  38.169  37.752  18.975 0.0000000000
63474  38.603  38.154  19.413 0.0000000000
63475  40.009  37.928  21.061 0.0000000000
63476  39.586  37.573  20.710 0.0000000000
63477  40.148  37.309  21.303 0.0000000000
63478  40.356  36.679  21.498 0.0000000000
63479  40.677  37.045  21.863 0.0000000000
63483  42.558  37.510  23.430 0.0000000000
63484  41.952  37.640  22.926 0.0000000000
63485  42.238  37.113  23.067 0.0000000000
63486  41.937  36.682  22.758 0.0000000000
63487  42.663  36.605  23.216 0.0000000000
63488  43.104  36.110  23.330 0.0000000000
63489  43.364  36.521  23.669 0.0000000000
63490  44.131  36.201  25.149 0.0000000000
63491  44.295  36.065  24.703 0.0000000000
63492  44.472  35.636  25.255 0.0000000000
63493  44.892  35.047  25.495 0.0000000000
63494  44.601  35.107  25.801 0.0000000000
63513  38.781  39.450  19.030 0.0000000000
63514  38.587  39.825  18.538 0.0000000000
63515  38.371  39.085  18.590 0.0000000000
63516  38.002  38.731  18.149 0.0000000000
65497  49.458  31.133  6.483 0.0000000000
65498  49.844  30.862  6.768 0.0000000000
65499  49.110  31.103  7.026 0.0000000000
65500  47.778  31.219  8.431 0.0000000000
65501  48.466  31.014  8.148 0.0000000000
65502  48.166  30.879  8.678 0.0000000000
65503  48.520  30.506  8.886 0.0000000000
65504  47.894  30.754  9.220 0.0000000000
65505  44.765  31.808  9.287 0.0000000000
65506  45.450  31.636  9.051 0.0000000000
65507  45.201  31.503  9.627 0.0000000000
65508  45.903  30.782  10.661 0.0000000000
65509  46.156  30.978  10.211 0.0000000000
65510  46.574  30.609  10.454 0.0000000000
65511  47.255  30.391  10.213 0.0000000000
65512  46.938  30.135  10.695 0.0000000000
65513  47.235  29.637  10.898 0.0000000000
65514  46.598  29.877  11.139 0.0000000000
65515  45.457  29.207  12.363 0.0000000000
65516  46.068  29.198  12.089 0.0000000000
65517  45.786  28.761  12.607 0.0000000000
65518  46.074  28.318  12.890 0.0000000000
65519  45.461  28.314  13.143 0.0000000000
65520  43.288  30.033  21.310 0.0000000000
65521  42.597  29.784  21.029 0.0000000000
65522  43.354  29.637  21.525 0.0000000000
65523  43.700  28.520  22.437 0.0000000000
65524  43.397  28.794  21.969 0.0000000000
65525  43.240  28.434  22.122 0.0000000000
65526  42.753  28.226  21.778 0.0000000000
65527  43.016  27.951  22.233 0.0000000000
65528  43.399  27.040  24.551 0.0000000000
65529  43.576  27.442  23.949 0.0000000000
65530  43.122  26.963  24.086 0.0000000000
65531  42.141  26.324  23.150 0.0000000000
65532  42.555  26.775  23.158 0.0000000000
65533  42.317  26.655  22.762 0.0000000000
65534  42.441  26.957  22.391 0.0000000000
65535  42.148  26.499  22.397 0.0000000000
65536  42.023  26.314  22.007 0.0000000000
65537  41.833  25.979  22.311 0.0000000000
65538  40.809  24.796  22.286 0.0000000000
65539  41.100  25.011  21.932 0.0000000000
65540  40.795  24.544  21.793 0.0000000000
65541  40.829  24.288  21.329 0.0000000000
65542  40.420  24.107  21.612 0.0000000000
65543  40.031  23.627  21.509 0.0000000000
65544  40.025  23.831  22.014 0.0000000000
65545  39.361  23.460  23.382 0.0000000000
65546  39.254  23.349  22.826 0.0000000000
65547  38.910  23.072  23.147 0.0000000000
65548  38.463  22.646  22.915 0.0000000000
65549  38.578  22.704  23.492 0.0000000000
65550  40.247  23.451  25.456 0.0000000000
65551  40.003  23.528  24.957 0.0000000000
65552  39.742  23.060  25.272 0.0000000000
65553  38.387  21.802  25.020 0.0000000000
65554  38.650  22.225  24.788 0.0000000000
65555  38.159  21.806  24.531 0.0000000000
65556  37.994  21.777  24.043 0.0000000000
65557  37.695  21.348  24.283 0.0000000000
65596  37.472  36.567  7.414 0.0000000000
65597  37.235  37.210  7.317 0.0000000000
65598  37.731  36.883  6.889 0.0000000000
65613  43.227  35.269  5.349 0.0000000000
65614  43.343  35.504  4.861 0.0000000000
65615  44.037  35.225  5.271 0.0000000000
65616  44.831  35.214  5.184 0.0000000000
65617  44.669  34.939  5.687 0.0000000000
65618  42.469  34.165  6.998 0.0000000000
65619  42.647  34.402  6.619 0.0000000000
65620  43.282  34.098  6.910 0.0000000000
65621  45.480  33.525  6.659 0.0000000000
65622  44.940  34.016  6.630 0.0000000000
65623  45.714  33.879  6.413 0.0000000000
65624  45.917  34.268  6.112 0.0000000000
65625  46.441  33.797  6.135 0.0000000000
65626  47.188  33.632  5.826 0.0000000000
65627  46.999  33.248  6.014 0.0000000000
65628  48.079  31.827  6.455 0.0000000000
65629  48.228  32.101  6.107 0.0000000000
65630  48.876  31.580  6.272 0.0000000000
65631  49.624  31.309  6.040 0.0000000000
70897  37.536  33.146  10.515 0.0000000000
70898  38.030  32.754  10.816 0.0000000000
70899  37.312  32.782  11.177 0.0000000000
70900  36.613  32.288  13.030 0.0000000000
70901  37.074  32.108  12.519 0.0000000000
70902  37.043  31.809  13.213 0.0000000000
70903  37.503  31.428  13.360 0.0000000000
70904  37.022  31.582  13.883 0.0000000000
70905  35.906  33.453  15.391 0.0000000000
70906  35.920  33.147  14.788 0.0000000000
70907  36.156  32.939  15.500 0.0000000000
70908  37.193  31.944  16.504 0.0000000000
70909  36.792  31.987  15.813 0.0000000000
70910  37.142  31.568  15.930 0.0000000000
70911  37.214  31.236  15.336 0.0000000000
70912  37.501  31.200  16.095 0.0000000000
70913  37.886  30.842  16.231 0.0000000000
70914  37.960  31.233  16.774 0.0000000000
70915  39.521  31.723  18.419 0.0000000000
70916  39.147  31.320  17.972 0.0000000000
70917  39.825  31.302  18.561 0.0000000000
70918  40.121  30.967  18.686 0.0000000000
70919  40.583  31.347  19.057 0.0000000000
70920  38.367  36.502  19.604 0.0000000000
70921  37.961  36.101  19.164 0.0000000000
70922  38.568  35.879  19.807 0.0000000000
70923  40.046  34.690  20.678 0.0000000000
70924  39.227  34.832  20.157 0.0000000000
70925  39.664  34.388  20.233 0.0000000000
70926  39.258  34.060  19.758 0.0000000000
70927  40.129  33.997  20.279 0.0000000000
70928  43.465  34.032  22.448 0.0000000000
70929  42.578  34.122  21.974 0.0000000000
70930  43.164  33.782  22.029 0.0000000000
70931  42.809  33.069  21.106 0.0000000000
70932  42.315  33.398  21.166 0.0000000000
70933  41.846  33.150  20.670 0.0000000000
70934  40.964  33.306  20.248 0.0000000000
70935  41.384  32.966  20.166 0.0000000000
70936  40.922  32.751  19.673 0.0000000000
70937  41.790  32.622  20.117 0.0000000000
70938  43.225  31.738  20.700 0.0000000000
70939  42.409  31.893  20.226 0.0000000000
70940  42.659  31.494  20.389 0.0000000000
70941  42.070  31.196  20.052 0.0000000000
70942  42.904  31.107  20.605 0.0000000000
70943  43.100  30.725  20.869 0.0000000000
70944  43.673  30.989  21.112 0.0000000000
70945  45.846  30.733  22.371 0.0000000000
70946  45.185  30.590  22.108 0.0000000000
70947  45.829  30.278  22.642 0.0000000000
70948  45.702  29.799  22.903 0.0000000000
70949  46.211  29.894  23.203 0.0000000000
70950  47.618  31.298  24.195 0.0000000000
70951  47.334  31.152  23.608 0.0000000000
70952  47.555  30.755  24.372 0.0000000000
70953  46.962  29.079  25.603 0.0000000000
70954  47.033  29.591  24.850 0.0000000000
70955  46.600  29.105  25.067 0.0000000000
70956  46.240  29.072  24.534 0.0000000000
70957  46.123  28.621  25.327 0.0000000000
70958  45.625  28.069  25.600 0.0000000000
70959  45.981  28.024  26.059 0.0000000000
71013  36.505  39.706  10.800 0.0000000000
71014  36.592  40.070  10.212 0.0000000000
71015  36.291  39.372  10.202 0.0000000000
71016  36.184  39.012  9.681 0.0000000000
71017  35.998  38.671  10.189 0.0000000000
71018  36.061  38.178  12.993 0.0000000000
71019  36.164  38.552  12.430 0.0000000000
71020  35.834  37.784  12.414 0.0000000000
71021  35.356  36.276  11.265 0.0000000000
71022  35.514  37.026  11.250 0.0000000000
71023  35.527  36.698  10.699 0.0000000000
71024  35.670  37.127  10.127 0.0000000000
71025  35.634  36.365  10.163 0.0000000000
71026  35.927  36.033  9.692 0.0000000000
71027  35.741  35.608  10.169 0.0000000000
71028  36.329  33.845  10.811 0.0000000000
71029  36.329  34.260  10.278 0.0000000000
71030  36.840  33.648  10.393 0.0000000000
71031  37.551  33.539  10.071 0.0000000000
72990  47.669  18.970  18.652 0.0000000000
72991  48.349  18.632  18.767 0.0000000000
72992  47.839  18.167  18.978 0.0000000000
72993  47.460  16.401  19.982 0.0000000000
72994  47.979  16.770  19.816 0.0000000000
72995  48.143  16.153  20.251 0.0000000000
72996  48.743  15.854  20.311 0.0000000000
72997  48.297  15.504  20.573 0.0000000000
72998  45.458  15.039  20.743 0.0000000000
72999  45.934  15.390  20.600 0.0000000000
73000  46.117  14.809  20.889 0.0000000000
73001  47.618  13.281  20.314 0.0000000000
73002  47.459  14.083  20.749 0.0000000000
73003  48.045  13.700  20.283 0.0000000000
73004  48.520  14.050  20.271 0.0000000000
73005  48.466  13.410  19.589 0.0000000000
73006  48.688  13.253  18.843 0.0000000000
73007  48.305  12.925  18.931 0.0000000000
73009  47.829  11.836  17.246 0.0000000000
76995  50.524  30.216  7.343 0.0000000000
76996  51.176  29.973  7.073 0.0000000000
76997  50.848  29.899  7.536 0.0000000000
76998  51.167  28.945  8.698 0.0000000000
76999  51.489  29.130  8.145 0.0000000000
77000  51.795  28.699  8.504 0.0000000000
77001  52.373  28.392  8.312 0.0000000000
77002  52.067  28.169  8.877 0.0000000000
77003  49.790  27.908  10.927 0.0000000000
77004  50.048  28.110  10.341 0.0000000000
77005  50.381  27.563  10.758 0.0000000000
77025  51.185  25.674  15.773 0.0000000000
77026  51.716  25.396  15.728 0.0000000000
77027  51.508  25.327  16.496 0.0000000000
77028  51.878  24.502  18.298 0.0000000000
77029  52.188  24.644  17.748 0.0000000000
77030  52.465  24.206  18.163 0.0000000000
77031  52.970  23.868  17.891 0.0000000000
77032  52.644  23.700  18.428 0.0000000000
77033  52.726  23.095  18.548 0.0000000000
77034  52.185  23.384  18.781 0.0000000000
77035  50.546  23.062  18.890 0.0000000000
77036  51.129  22.800  18.808 0.0000000000
77037  50.522  22.441  18.754 0.0000000000
77038  50.461  21.797  18.613 0.0000000000
77039  49.867  22.085  18.642 0.0000000000
77040  39.006  32.064  11.478 0.0000000000
77041  39.776  32.142  11.224 0.0000000000
77042  39.552  31.757  11.736 0.0000000000
77043  40.242  30.720  12.691 0.0000000000
77044  40.525  31.117  12.166 0.0000000000
77045  40.941  30.713  12.424 0.0000000000
77046  41.725  30.821  12.169 0.0000000000
77047  41.358  30.348  12.601 0.0000000000
77048  39.461  29.411  14.830 0.0000000000
77049  39.645  29.677  14.224 0.0000000000
77050  39.959  29.287  14.394 0.0000000000
77051  41.552  28.810  13.970 0.0000000000
77052  41.180  29.131  13.783 0.0000000000
77053  41.851  29.104  13.448 0.0000000000
77054  42.163  29.500  13.023 0.0000000000
77055  42.591  29.104  13.214 0.0000000000
77056  43.328  29.105  13.026 0.0000000000
77057  42.960  28.731  13.497 0.0000000000
77058  43.387  27.739  14.530 0.0000000000
77059  43.710  28.015  14.053 0.0000000000
77060  44.125  27.672  14.337 0.0000000000
77061  44.871  27.615  14.174 0.0000000000
77062  44.564  27.336  14.654 0.0000000000
77063  41.578  29.233  20.298 0.0000000000
77064  40.959  29.228  19.691 0.0000000000
77065  41.040  28.847  19.822 0.0000000000
77066  40.941  27.712  18.918 0.0000000000
77067  40.651  28.001  18.778 0.0000000000
77068  40.719  27.663  18.210 0.0000000000
77069  40.645  27.645  17.553 0.0000000000
77070  41.001  27.367  17.750 0.0000000000
77071  42.252  26.434  19.749 0.0000000000
77072  41.894  26.744  19.515 0.0000000000
77073  42.226  26.484  19.142 0.0000000000
77074  42.774  26.337  17.683 0.0000000000
77075  42.225  26.494  17.909 0.0000000000
77076  42.345  26.609  17.308 0.0000000000
77077  41.886  26.899  17.008 0.0000000000
77078  42.430  26.766  16.742 0.0000000000
77079  42.565  26.963  16.189 0.0000000000
77080  43.046  26.680  16.537 0.0000000000
77081  45.013  26.278  16.545 0.0000000000
77082  44.526  26.581  16.099 0.0000000000
77083  45.246  26.504  15.976 0.0000000000
77084  45.473  26.732  15.416 0.0000000000
77085  45.976  26.429  15.852 0.0000000000
77086  46.622  26.373  15.819 0.0000000000
77087  46.389  26.198  16.427 0.0000000000
77088  47.090  25.930  18.255 0.0000000000
77089  47.284  25.968  17.595 0.0000000000
77090  47.709  25.914  18.245 0.0000000000
77091  48.372  25.787  18.301 0.0000000000
77092  48.092  25.745  18.881 0.0000000000
77093  45.683  24.711  20.102 0.0000000000
77094  46.148  25.248  19.975 0.0000000000
77095  46.244  24.621  20.010 0.0000000000
77096  47.395  23.770  19.663 0.0000000000
77097  47.406  24.481  19.864 0.0000000000
77098  48.009  24.346  19.744 0.0000000000
77099  48.565  24.824  19.582 0.0000000000
77100  48.570  24.134  19.552 0.0000000000
77101  49.055  23.868  19.382 0.0000000000
77102  48.452  23.415  19.351 0.0000000000
77103  47.430  21.766  18.701 0.0000000000
77104  48.079  22.122  18.813 0.0000000000
77105  47.919  21.548  18.521 0.0000000000
77106  48.438  21.280  18.428 0.0000000000
77107  47.767  20.949  18.292 0.0000000000
77108  47.723  20.296  18.286 0.0000000000
77109  47.136  20.519  18.299 0.0000000000
77110  45.447  19.788  18.620 0.0000000000
77111  46.000  19.588  18.494 0.0000000000
77112  45.467  19.126  18.709 0.0000000000
77113  45.539  18.461  18.892 0.0000000000
77114  44.958  18.714  18.888 0.0000000000
77115  43.310  20.688  19.131 0.0000000000
77116  43.836  20.481  19.040 0.0000000000
77117  43.235  20.092  19.099 0.0000000000
77118  42.707  18.461  19.386 0.0000000000
77119  43.273  18.793  19.186 0.0000000000
77120  43.318  18.194  19.324 0.0000000000
77121  43.905  17.933  19.317 0.0000000000
77122  43.371  17.590  19.486 0.0000000000
77123  43.419  16.960  19.728 0.0000000000
77124  42.828  17.220  19.675 0.0000000000
77125  41.223  16.673  20.085 0.0000000000
77126  41.813  16.446  20.082 0.0000000000
77127  41.335  16.094  20.293 0.0000000000
77130  39.467  22.638  21.254 0.0000000000
77131  39.779  22.338  20.818 0.0000000000
77132  39.264  22.108  21.033 0.0000000000
77133  38.454  20.657  20.859 0.0000000000
77134  38.975  20.962  20.618 0.0000000000
77135  38.878  20.366  20.502 0.0000000000
77136  39.355  20.084  20.224 0.0000000000
77137  38.816  19.736  20.443 0.0000000000
77144  38.897  18.431  20.429 0.0000000000
77146  39.484  17.472  20.350 0.0000000000
82579  41.681  21.902  28.444 0.0000000000
83318  49.509  18.021  19.067 0.0000000000
83319  50.129  18.365  18.873 0.0000000000
83320  50.145  17.694  19.116 0.0000000000
83321  51.421  16.147  19.126 0.0000000000
83322  51.380  16.843  19.075 0.0000000000
83323  51.989  16.477  18.811 0.0000000000
83324  52.593  16.760  18.569 0.0000000000
83325  52.472  16.148  18.263 0.0000000000
92587  42.005  33.054  8.962 0.0000000000
92588  42.489  32.759  9.207 0.0000000000
92589  41.768  32.764  9.462 0.0000000000
92590  41.513  32.447  10.041 0.0000000000
92591  41.325  32.157  10.611 0.0000000000
92592  44.353  25.803  26.950 0.0000000000
92593  43.907  25.989  26.427 0.0000000000
92594  43.777  25.323  26.938 0.0000000000
92595  43.211  24.797  26.919 0.0000000000
92596  42.583  24.388  26.815 0.0000000000
92597  42.000  24.001  26.665 0.0000000000
92598  42.374  23.886  27.126 0.0000000000
92599  42.156  23.398  27.369 0.0000000000
92600  41.952  22.976  27.633 0.0000000000
92606  37.605  34.290  9.080 0.0000000000
92607  37.733  34.663  8.555 0.0000000000
92608  38.365  34.155  8.740 0.0000000000
92609  39.170  34.101  8.442 0.0000000000
92610  39.922  34.032  8.214 0.0000000000
92611  40.687  33.948  8.052 0.0000000000
92612  40.606  33.680  8.526 0.0000000000
92613  41.308  33.354  8.773 0.0000000000
93006  51.629  21.249  18.680 0.0000000000
93007  52.308  20.850  18.737 0.0000000000
93008  51.617  20.554  18.698 0.0000000000
93009  51.566  19.824  18.681 0.0000000000
93010  51.498  19.072  18.667 0.0000000000
93667  36.185  36.043  16.098 0.0000000000
93668  36.101  35.412  16.332 0.0000000000
93669  36.422  35.769  16.853 0.0000000000
93670  36.752  35.509  17.558 0.0000000000
93671  37.165  35.270  18.212 0.0000000000
93672  45.243  34.744  24.676 0.0000000000
93673  45.331  34.510  24.283 0.0000000000
93674  45.763  34.194  24.841 0.0000000000
93675  46.346  33.649  24.962 0.0000000000
93676  46.922  33.121  25.036 0.0000000000
93677  47.324  32.634  25.136 0.0000000000
93678  47.151  32.760  25.670 0.0000000000
93686  37.732  39.461  17.089 0.0000000000
93687  37.648  39.803  16.556 0.0000000000
93688  37.460  39.092  16.719 0.0000000000
93689  37.157  38.740  16.265 0.0000000000
93690  36.864  38.396  15.775 0.0000000000
93691  36.585  38.045  15.258 0.0000000000
93692  36.664  37.623  15.889 0.0000000000
93693  36.409  36.845  16.037 0.0000000000
94086  42.572  15.073  20.601 0.0000000000
94087  43.243  14.797  20.680 0.0000000000
94887  47.338  28.161  12.358 0.0000000000
94888  48.008  27.956  12.226 0.0000000000
94889  47.701  27.658  12.813 0.0000000000
94890  48.118  27.203  13.317 0.0000000000
94891  48.576  26.828  13.857 0.0000000000
94892  49.033  26.540  14.455 0.0000000000
94893  48.309  26.648  14.495 0.0000000000
94894  48.080  26.476  15.146 0.0000000000
94895  47.865  26.288  15.739 0.0000000000
94896  39.371  30.150  17.825 0.0000000000
94897  39.213  29.757  17.308 0.0000000000
94898  39.619  29.767  18.023 0.0000000000
94899  39.783  29.373  18.109 0.0000000000
94900  39.985  29.056  18.313 0.0000000000
94901  41.750  24.767  20.922 0.0000000000
94902  42.196  25.084  20.785 0.0000000000
94903  42.089  24.503  20.643 0.0000000000
94904  42.526  24.299  20.427 0.0000000000
94905  43.056  24.118  20.239 0.0000000000
94906  43.566  23.991  20.092 0.0000000000
94907  42.866  23.622  20.094 0.0000000000
94908  42.658  23.108  19.925 0.0000000000
94909  42.471  22.580  19.743 0.0000000000
94910  42.346  22.082  19.577 0.0000000000
94911  41.886  22.311  19.810 0.0000000000
94912  41.272  22.047  19.926 0.0000000000
94913  40.632  21.781  20.109 0.0000000000
96152  48.740  11.812  15.541 0.0000000000
96153  49.030  12.233  15.518 0.0000000000
96154  48.905  11.541  14.691 0.0000000000
97987  39.043  39.106  19.566 0.0000000000
97988  39.062  38.528  19.808 0.0000000000
97989  39.514  38.903  20.202 0.0000000000
97990  40.010  38.578  20.800 0.0000000000
97991  40.468  38.267  21.460 0.0000000000
97995  42.744  37.893  23.870 0.0000000000
97996  43.145  37.395  23.973 0.0000000000
97997  43.562  36.897  24.037 0.0000000000
97998  43.575  37.152  24.524 0.0000000000
97999  43.805  36.775  25.079 0.0000000000
98000  43.848  36.255  25.544 0.0000000000
98013  39.188  39.824  19.516 0.0000000000
99202  47.956  31.677  6.906 0.0000000000
99203  48.407  31.396  7.240 0.0000000000
99204  47.651  31.594  7.449 0.0000000000
99205  47.328  31.457  8.018 0.0000000000
99206  47.007  31.381  8.636 0.0000000000
99207  44.331  31.509  10.432 0.0000000000
99208  45.005  31.391  10.170 0.0000000000
99209  44.837  31.254  10.673 0.0000000000
99210  45.259  30.909  10.916 0.0000000000
99211  45.631  30.479  11.153 0.0000000000
99212  46.005  30.002  11.411 0.0000000000
99213  45.388  30.108  11.663 0.0000000000
99214  45.082  29.682  12.150 0.0000000000
99215  44.782  29.201  12.588 0.0000000000
99216  44.531  29.548  22.310 0.0000000000
99217  43.981  29.429  22.018 0.0000000000
99218  44.475  29.131  22.530 0.0000000000
99219  44.165  28.652  22.743 0.0000000000
99220  43.824  28.188  22.907 0.0000000000
99221  42.470  26.119  24.659 0.0000000000
99222  42.670  26.573  24.124 0.0000000000
99223  42.198  26.066  24.151 0.0000000000
99224  41.929  25.978  23.612 0.0000000000
99225  41.738  25.864  23.057 0.0000000000
99226  41.591  25.677  22.603 0.0000000000
99227  41.300  25.399  22.957 0.0000000000
99228  40.881  24.965  22.827 0.0000000000
99229  40.490  24.558  22.669 0.0000000000
99230  40.068  24.058  22.567 0.0000000000
99231  40.166  24.235  23.123 0.0000000000
99232  39.835  23.868  23.588 0.0000000000
99233  39.548  23.528  23.927 0.0000000000
99234  39.711  22.478  25.944 0.0000000000
99235  39.450  22.570  25.524 0.0000000000
99236  39.192  22.137  25.741 0.0000000000
99237  38.654  21.772  25.508 0.0000000000
99262  38.589  35.975  6.679 0.0000000000
99263  38.238  36.564  6.528 0.0000000000
99264  38.778  36.302  6.223 0.0000000000
99273  42.442  35.337  5.434 0.0000000000
99274  43.068  34.965  5.797 0.0000000000
99275  43.794  33.425  7.455 0.0000000000
99276  43.932  33.733  7.122 0.0000000000
99277  44.531  33.276  7.212 0.0000000000
99278  45.251  33.195  6.893 0.0000000000
99279  46.010  33.085  6.560 0.0000000000
99280  46.820  32.926  6.283 0.0000000000
99281  46.644  32.542  6.603 0.0000000000
99282  47.307  32.070  6.706 0.0000000000
102442  36.335  33.435  11.326 0.0000000000
102443  36.697  32.898  11.607 0.0000000000
102444  36.222  33.104  12.086 0.0000000000
102445  36.211  32.804  12.837 0.0000000000
102446  36.244  32.555  13.577 0.0000000000
102447  36.719  33.206  16.816 0.0000000000
102448  36.512  32.788  16.221 0.0000000000
102449  36.998  32.758  16.898 0.0000000000
102450  37.298  32.339  17.035 0.0000000000
102451  37.688  31.969  17.148 0.0000000000
102452  38.120  31.632  17.258 0.0000000000
102453  38.399  32.061  17.707 0.0000000000
102454  39.148  32.121  18.316 0.0000000000
102455  39.938  32.129  18.843 0.0000000000
102456  39.654  35.998  20.808 0.0000000000
102457  39.280  35.683  20.428 0.0000000000
102458  40.030  35.481  20.967 0.0000000000
102459  40.455  34.992  21.106 0.0000000000
102460  40.896  34.533  21.207 0.0000000000
102461  44.630  33.284  22.459 0.0000000000
102462  43.709  33.462  22.022 0.0000000000
102463  44.214  33.156  22.008 0.0000000000
102464  43.774  32.975  21.546 0.0000000000
102465  43.282  32.740  21.047 0.0000000000
102466  42.698  32.509  20.566 0.0000000000
102467  43.644  32.363  21.037 0.0000000000
102468  43.836  31.961  21.082 0.0000000000
102469  44.099  31.601  21.206 0.0000000000
102470  44.327  31.232  21.393 0.0000000000
102471  44.978  31.452  21.753 0.0000000000
102472  45.777  31.230  22.182 0.0000000000
102473  46.412  30.886  22.734 0.0000000000
102474  47.842  30.327  25.836 0.0000000000
102475  47.630  30.257  25.227 0.0000000000
102476  47.650  29.697  26.037 0.0000000000
102477  47.279  29.082  26.179 0.0000000000
102478  46.839  28.491  26.365 0.0000000000
102479  46.344  27.916  26.547 0.0000000000
102480  46.697  27.778  27.024 0.0000000000
102513  36.788  40.037  11.298 0.0000000000
102514  36.401  39.324  11.348 0.0000000000
102515  35.416  36.555  12.987 0.0000000000
102516  35.485  36.955  12.384 0.0000000000
102517  35.288  36.189  12.398 0.0000000000
102518  35.259  35.862  11.831 0.0000000000
102519  35.366  35.557  11.271 0.0000000000
102520  35.605  35.227  10.704 0.0000000000
102521  35.544  34.806  11.284 0.0000000000
102522  35.873  34.064  11.305 0.0000000000
103698  46.635  18.022  18.981 0.0000000000
103699  47.258  17.732  19.143 0.0000000000
103700  46.744  17.331  19.320 0.0000000000
103701  46.836  16.675  19.730 0.0000000000
103702  46.933  16.049  20.211 0.0000000000
103703  45.921  13.587  21.007 0.0000000000
103704  46.377  14.049  21.027 0.0000000000
103705  46.623  13.148  20.816 0.0000000000
103706  47.138  12.919  20.237 0.0000000000
103707  47.537  12.729  19.590 0.0000000000
103708  47.811  12.565  18.882 0.0000000000
103709  47.362  12.188  18.831 0.0000000000
106101  49.787  30.084  8.268 0.0000000000
106102  50.489  29.801  8.039 0.0000000000
106103  50.156  29.637  8.574 0.0000000000
106104  50.488  29.167  8.912 0.0000000000
106105  50.811  28.672  9.259 0.0000000000
106106  50.477  27.033  11.827 0.0000000000
106107  50.721  27.139  11.200 0.0000000000
106108  51.065  26.781  11.697 0.0000000000
106119  50.754  25.474  17.258 0.0000000000
106120  51.297  25.238  17.215 0.0000000000
106121  51.066  25.163  17.883 0.0000000000
106122  51.316  24.789  18.384 0.0000000000
106123  51.513  24.309  18.762 0.0000000000
106124  51.628  23.664  18.914 0.0000000000
106125  51.088  23.999  18.992 0.0000000000
106126  50.556  23.671  19.023 0.0000000000
106127  50.022  23.335  19.042 0.0000000000
106128  38.660  31.304  12.634 0.0000000000
106129  39.341  31.361  12.266 0.0000000000
106130  39.175  31.014  12.830 0.0000000000
106131  39.617  30.716  13.005 0.0000000000
106132  39.981  30.356  13.183 0.0000000000
106133  40.066  28.605  15.223 0.0000000000
106134  40.278  28.886  14.586 0.0000000000
106135  40.643  28.517  14.855 0.0000000000
106136  41.262  28.478  14.548 0.0000000000
106137  41.872  28.456  14.256 0.0000000000
106138  42.574  28.410  14.014 0.0000000000
106139  42.238  28.106  14.512 0.0000000000
106140  42.648  27.781  14.766 0.0000000000
106141  43.100  27.464  15.049 0.0000000000
106142  41.810  28.488  20.648 0.0000000000
106143  41.231  28.452  19.964 0.0000000000
106144  41.428  28.114  20.115 0.0000000000
106145  41.247  27.747  19.589 0.0000000000
106146  41.240  27.385  19.084 0.0000000000
106147  43.073  26.141  19.319 0.0000000000
106148  42.627  26.289  18.859 0.0000000000
106149  43.126  26.123  18.716 0.0000000000
106150  43.196  26.126  18.115 0.0000000000
106151  43.325  26.246  17.507 0.0000000000
106152  43.527  26.415  16.935 0.0000000000
106153  43.965  26.182  17.383 0.0000000000
106154  44.716  26.156  17.232 0.0000000000
106155  45.440  26.132  17.110 0.0000000000
106156  46.148  26.098  17.027 0.0000000000
106157  45.948  26.022  17.674 0.0000000000
106158  46.418  25.931  18.282 0.0000000000
106159  46.831  25.837  18.943 0.0000000000
106160  45.590  23.520  19.660 0.0000000000
106161  46.228  23.995  19.861 0.0000000000
106162  46.140  23.419  19.618 0.0000000000
106163  46.694  23.272  19.537 0.0000000000
106164  47.235  23.128  19.443 0.0000000000
106165  47.769  22.941  19.289 0.0000000000
106166  47.089  22.520  19.166 0.0000000000
106167  46.936  21.929  18.883 0.0000000000
106168  46.758  21.334  18.632 0.0000000000
106169  46.594  20.692  18.412 0.0000000000
106170  46.123  20.840  18.645 0.0000000000
106171  45.529  20.421  18.660 0.0000000000
106172  44.928  20.005  18.747 0.0000000000
106173  42.106  19.901  19.332 0.0000000000
106174  42.660  19.665  19.221 0.0000000000
106175  42.102  19.291  19.378 0.0000000000
106176  42.106  18.702  19.483 0.0000000000
106177  42.155  18.091  19.599 0.0000000000
106178  42.262  17.456  19.714 0.0000000000
106179  41.655  17.721  19.761 0.0000000000
106180  41.152  17.341  19.911 0.0000000000
106181  40.644  16.941  20.186 0.0000000000
106182  38.542  22.158  21.804 0.0000000000
106183  38.773  21.833  21.269 0.0000000000
106184  38.287  21.568  21.547 0.0000000000
106185  38.114  20.977  21.320 0.0000000000
106186  38.000  20.342  21.130 0.0000000000
109895  49.632  16.603  19.752 0.0000000000
109896  50.178  16.958  19.439 0.0000000000
109897  50.277  16.226  19.710 0.0000000000
109898  50.863  15.846  19.423 0.0000000000
109899  51.314  15.539  18.752 0.0000000000
116197  44.780  32.355  7.981 0.0000000000
116198  45.253  32.020  8.198 0.0000000000
116199  44.539  32.262  8.433 0.0000000000
116200  44.312  32.144  8.944 0.0000000000
116201  44.063  31.997  9.499 0.0000000000
116202  42.952  32.438  9.411 0.0000000000
116203  43.395  32.131  9.703 0.0000000000
116204  43.838  31.838  10.032 0.0000000000
116205  43.672  31.617  10.649 0.0000000000
116206  43.529  31.308  11.200 0.0000000000
116207  43.341  30.910  11.710 0.0000000000
116208  44.878  28.139  24.590 0.0000000000
116209  44.430  28.013  24.145 0.0000000000
116210  44.299  27.631  24.794 0.0000000000
116211  43.752  27.120  24.963 0.0000000000
116212  43.252  26.624  25.082 0.0000000000
116213  43.508  26.111  25.966 0.0000000000
116214  43.160  26.142  25.563 0.0000000000
116215  42.790  26.123  25.136 0.0000000000
116216  42.309  25.677  25.131 0.0000000000
116217  41.804  25.212  25.038 0.0000000000
116218  41.293  24.753  24.918 0.0000000000
116219  40.780  24.348  24.770 0.0000000000
116220  41.057  24.250  25.324 0.0000000000
116221  40.792  23.777  25.663 0.0000000000
116222  40.518  23.330  25.931 0.0000000000
116223  41.426  23.613  26.516 0.0000000000
116224  40.845  23.216  26.352 0.0000000000
116225  40.249  22.864  26.146 0.0000000000
116226  40.022  22.401  26.342 0.0000000000
116227  39.771  21.988  26.531 0.0000000000
116240  36.356  36.860  8.795 0.0000000000
116241  36.567  37.225  8.301 0.0000000000
116242  36.756  36.526  8.360 0.0000000000
116243  37.217  36.241  7.915 0.0000000000
116244  37.765  35.946  7.494 0.0000000000
116245  37.909  35.026  8.040 0.0000000000
116246  38.142  35.353  7.570 0.0000000000
116247  38.380  35.666  7.099 0.0000000000
116248  39.038  35.411  6.810 0.0000000000
116249  39.732  35.193  6.624 0.0000000000
116250  40.456  35.008  6.525 0.0000000000
116251  41.258  34.871  6.415 0.0000000000
116252  41.097  34.639  6.765 0.0000000000
116253  41.700  34.281  7.074 0.0000000000
116254  42.335  33.936  7.397 0.0000000000
116255  41.454  33.842  7.905 0.0000000000
116256  42.213  33.726  7.807 0.0000000000
116257  43.017  33.585  7.642 0.0000000000
116258  43.682  33.186  7.784 0.0000000000
116259  44.244  32.709  7.872 0.0000000000
117179  52.962  20.405  18.764 0.0000000000
118717  35.380  34.662  13.617 0.0000000000
118718  35.540  34.025  13.837 0.0000000000
118719  35.549  34.383  14.458 0.0000000000
118720  35.761  34.070  15.275 0.0000000000
118721  36.030  33.879  16.002 0.0000000000
118722  36.106  34.806  16.491 0.0000000000
118723  36.213  34.230  16.591 0.0000000000
118724  36.456  33.699  16.735 0.0000000000
118725  36.986  33.568  17.409 0.0000000000
118726  37.591  33.544  18.024 0.0000000000
118727  38.353  33.495  18.668 0.0000000000
118728  42.569  35.265  22.694 0.0000000000
118729  42.331  34.844  22.313 0.0000000000
118730  43.088  34.809  22.812 0.0000000000
118731  43.661  34.385  22.869 0.0000000000
118732  44.301  33.964  22.894 0.0000000000
118733  45.208  34.167  23.899 0.0000000000
118734  45.099  33.825  23.440 0.0000000000
118735  44.915  33.527  22.934 0.0000000000
118736  45.473  33.128  22.942 0.0000000000
118737  45.957  32.766  22.905 0.0000000000
118738  46.363  32.361  22.890 0.0000000000
118739  46.721  31.983  22.870 0.0000000000
118740  47.034  32.115  23.384 0.0000000000
118741  47.525  31.817  24.023 0.0000000000
118742  47.808  31.446  24.764 0.0000000000
118743  47.649  32.107  25.219 0.0000000000
118744  47.834  31.573  25.376 0.0000000000
118745  47.884  30.984  25.587 0.0000000000
118746  47.939  30.321  26.423 0.0000000000
118747  47.952  29.568  27.171 0.0000000000
118748  47.849  28.773  27.753 0.0000000000
118765  37.662  40.185  15.988 0.0000000000
118769  37.463  40.299  13.858 0.0000000000
118770  37.163  39.944  13.347 0.0000000000
118771  36.839  39.613  12.864 0.0000000000
118772  36.735  39.234  13.441 0.0000000000
118773  36.337  38.518  13.541 0.0000000000
118774  35.999  37.756  13.586 0.0000000000
118775  36.280  37.682  14.739 0.0000000000
118776  35.947  37.326  14.165 0.0000000000
118777  35.633  36.942  13.573 0.0000000000
118778  35.437  36.158  13.570 0.0000000000
118779  35.337  35.416  13.607 0.0000000000
119694  44.628  16.456  19.900 0.0000000000
119695  45.202  16.169  20.036 0.0000000000
119696  44.718  15.847  20.287 0.0000000000
119697  44.827  15.262  20.614 0.0000000000
119698  44.999  14.650  20.845 0.0000000000
119699  43.888  14.530  20.816 0.0000000000
119700  44.512  14.288  20.937 0.0000000000
119701  45.207  13.989  21.046 0.0000000000
121563  48.553  29.119  10.400 0.0000000000
121564  49.203  28.852  10.151 0.0000000000
121565  48.876  28.637  10.690 0.0000000000
121566  49.185  28.189  11.065 0.0000000000
121567  49.530  27.709  11.462 0.0000000000
121568  48.680  27.773  12.119 0.0000000000
121569  49.297  27.528  12.001 0.0000000000
121570  49.910  27.280  11.925 0.0000000000
121571  50.321  26.888  12.458 0.0000000000
121576  50.831  25.968  15.077 0.0000000000
121577  50.626  25.928  15.858 0.0000000000
121578  49.537  26.289  15.159 0.0000000000
121579  49.992  26.047  15.873 0.0000000000
121580  50.362  25.790  16.565 0.0000000000
121581  50.141  25.654  17.160 0.0000000000
121582  49.941  25.616  17.715 0.0000000000
121583  49.671  25.483  18.233 0.0000000000
121584  38.320  30.260  15.037 0.0000000000
121585  38.764  30.141  14.499 0.0000000000
121586  38.642  29.944  15.182 0.0000000000
121587  39.002  29.571  15.327 0.0000000000
121588  39.348  29.181  15.485 0.0000000000
121589  39.181  29.378  16.729 0.0000000000
121590  39.332  29.034  16.192 0.0000000000
121591  39.671  28.800  15.686 0.0000000000
121592  39.971  28.425  15.830 0.0000000000
121593  40.310  28.082  16.048 0.0000000000
121594  40.645  27.763  16.282 0.0000000000
121595  42.023  26.836  21.151 0.0000000000
121596  41.893  27.027  20.609 0.0000000000
121597  42.047  26.533  20.732 0.0000000000
121598  42.272  26.319  20.370 0.0000000000
121599  42.618  26.111  20.084 0.0000000000
121600  42.637  25.365  20.622 0.0000000000
121601  42.893  25.674  20.327 0.0000000000
121602  43.027  25.967  19.880 0.0000000000
121603  43.461  25.867  19.764 0.0000000000
121604  43.924  25.823  19.735 0.0000000000
121605  44.447  25.755  19.703 0.0000000000
121606  45.102  25.724  19.641 0.0000000000
121607  44.831  25.368  20.085 0.0000000000
121608  45.090  24.790  20.199 0.0000000000
121609  45.160  24.171  20.015 0.0000000000
121610  44.038  23.834  19.975 0.0000000000
121611  44.553  23.666  19.842 0.0000000000
121612  45.070  23.608  19.758 0.0000000000
121613  44.894  23.096  19.510 0.0000000000
121614  44.718  22.554  19.310 0.0000000000
121615  44.596  21.996  19.187 0.0000000000
121616  44.513  21.435  19.089 0.0000000000
121617  43.986  21.623  19.149 0.0000000000
121618  43.393  21.255  19.157 0.0000000000
121619  42.754  20.899  19.247 0.0000000000
121620  42.311  21.597  19.484 0.0000000000
121621  42.225  21.080  19.410 0.0000000000
121622  42.150  20.521  19.354 0.0000000000
121623  41.561  20.151  19.475 0.0000000000
121624  40.954  19.840  19.606 0.0000000000
121625  40.408  19.502  19.831 0.0000000000
121627  37.192  20.412  22.439 0.0000000000
121721  47.543  34.321  5.377 0.0000000000
121722  47.646  34.664  5.020 0.0000000000
121723  48.373  34.036  5.153 0.0000000000
124514  49.425  13.941  18.672 0.0000000000
124515  49.925  14.314  18.525 0.0000000000
124516  49.633  13.853  17.780 0.0000000000
124519  49.401  12.584  15.398 0.0000000000
128782  37.414  37.549  17.842 0.0000000000
128783  37.378  36.913  18.189 0.0000000000
128784  37.738  37.339  18.565 0.0000000000
128785  38.205  37.117  19.339 0.0000000000
128786  38.754  36.850  20.028 0.0000000000
128787  39.051  37.868  20.088 0.0000000000
128788  39.169  37.200  20.393 0.0000000000
128789  39.361  36.577  20.624 0.0000000000
128790  40.054  36.333  21.121 0.0000000000
128791  40.640  36.056  21.648 0.0000000000
128792  41.356  35.859  22.133 0.0000000000
128794  40.867  38.588  21.860 0.0000000000
128795  40.951  38.025  22.036 0.0000000000
128797  41.443  37.794  22.524 0.0000000000
128798  41.056  37.406  22.195 0.0000000000
128799  41.232  36.781  22.332 0.0000000000
128800  41.616  36.218  22.477 0.0000000000
128801  42.089  35.742  22.569 0.0000000000
128802  42.776  35.665  23.021 0.0000000000
128803  43.600  35.632  23.452 0.0000000000
128804  44.242  35.511  23.980 0.0000000000
128805  43.957  36.377  24.125 0.0000000000
128806  44.323  35.822  24.305 0.0000000000
128807  44.745  35.272  24.565 0.0000000000
128808  45.143  34.937  25.080 0.0000000000
128832  38.443  41.301  17.369 0.0000000000
128833  38.265  40.532  17.439 0.0000000000
128835  38.455  40.192  18.037 0.0000000000
128836  38.051  39.805  17.513 0.0000000000
128837  37.839  39.093  17.602 0.0000000000
128838  37.641  38.351  17.710 0.0000000000
131350  50.193  30.542  7.074 0.0000000000
131351  49.835  30.475  7.600 0.0000000000
131352  48.777  31.089  7.575 0.0000000000
131353  49.114  30.766  7.830 0.0000000000
131354  49.454  30.422  8.053 0.0000000000
131355  49.143  30.287  8.567 0.0000000000
131356  48.844  30.131  9.106 0.0000000000
131357  48.543  29.908  9.632 0.0000000000
131358  45.748  31.737  8.484 0.0000000000
131359  46.208  31.521  8.832 0.0000000000
131360  46.695  31.270  9.210 0.0000000000
131361  45.700  31.273  9.942 0.0000000000
131362  46.410  31.149  9.729 0.0000000000
131363  47.168  30.945  9.481 0.0000000000
131364  47.597  30.574  9.705 0.0000000000
131365  47.898  30.217  9.961 0.0000000000
131366  48.230  29.660  10.171 0.0000000000
131367  47.856  29.366  10.661 0.0000000000
131368  47.570  29.172  11.123 0.0000000000
131369  47.298  28.907  11.573 0.0000000000
131370  46.348  29.577  11.602 0.0000000000
131371  46.667  29.107  11.826 0.0000000000
131372  46.998  28.600  12.081 0.0000000000
131373  46.697  28.229  12.625 0.0000000000
131374  46.399  27.778  13.171 0.0000000000
131375  46.115  27.415  13.757 0.0000000000
131376  41.933  30.320  20.219 0.0000000000
131377  41.383  29.954  19.905 0.0000000000
131378  42.023  29.935  20.496 0.0000000000
131379  42.110  29.546  20.715 0.0000000000
131380  42.220  29.156  20.903 0.0000000000
131381  43.410  29.249  21.753 0.0000000000
131382  42.806  29.009  21.468 0.0000000000
131383  42.266  28.777  21.085 0.0000000000
131384  42.337  28.380  21.250 0.0000000000
131385  42.300  27.985  21.392 0.0000000000
131386  42.230  27.556  21.498 0.0000000000
131387  44.059  27.927  23.755 0.0000000000
131388  43.797  27.845  23.393 0.0000000000
131389  43.427  27.707  23.034 0.0000000000
131390  42.837  26.893  23.600 0.0000000000
131391  42.985  27.230  23.121 0.0000000000
131392  43.094  27.557  22.671 0.0000000000
131393  42.750  27.433  22.320 0.0000000000
131394  42.428  27.253  21.963 0.0000000000
131395  42.174  27.073  21.580 0.0000000000
131396  42.072  26.623  21.595 0.0000000000
131397  41.912  26.066  21.572 0.0000000000
131398  41.725  25.548  21.471 0.0000000000
131399  41.463  25.481  22.127 0.0000000000
131400  41.420  25.272  21.690 0.0000000000
131401  41.515  25.038  21.290 0.0000000000
131402  41.279  24.510  21.067 0.0000000000
131403  40.992  23.992  20.937 0.0000000000
131404  40.723  23.531  20.784 0.0000000000
131405  40.492  23.070  20.688 0.0000000000
131406  40.193  23.356  21.061 0.0000000000
131407  39.719  23.139  21.397 0.0000000000
131408  39.291  22.873  21.717 0.0000000000
131409  39.641  23.583  22.427 0.0000000000
131410  39.232  23.112  22.257 0.0000000000
131411  38.862  22.640  22.053 0.0000000000
131412  38.452  22.398  22.360 0.0000000000
131413  38.041  22.103  22.694 0.0000000000
131414  37.777  21.625  22.964 0.0000000000
131415  40.242  23.950  24.583 0.0000000000
131416  39.770  23.562  24.431 0.0000000000
131417  39.272  23.168  24.253 0.0000000000
131418  39.185  22.640  25.041 0.0000000000
131419  38.927  22.685  24.548 0.0000000000
131420  38.756  22.728  24.040 0.0000000000
131421  38.267  22.251  23.790 0.0000000000
131422  37.857  21.746  23.524 0.0000000000
131423  37.498  21.172  23.229 0.0000000000
131473  36.832  37.539  7.778 0.0000000000
131476  37.957  37.174  6.361 0.0000000000
131499  45.594  35.170  5.053 0.0000000000
131500  46.214  34.851  5.411 0.0000000000
131501  42.064  34.730  6.304 0.0000000000
131502  42.865  34.662  6.226 0.0000000000
131503  43.659  34.644  6.181 0.0000000000
131504  44.117  34.094  6.807 0.0000000000
131505  44.298  34.361  6.471 0.0000000000
131506  44.461  34.634  6.140 0.0000000000
131507  45.305  34.633  5.978 0.0000000000
131508  46.085  34.583  5.790 0.0000000000
131509  46.814  34.485  5.634 0.0000000000
131510  47.359  34.041  5.652 0.0000000000
131513  47.584  32.666  6.017 0.0000000000
138172  38.992  33.109  10.046 0.0000000000
138173  39.499  32.763  10.385 0.0000000000
138174  38.745  32.754  10.592 0.0000000000
138175  38.514  32.396  11.151 0.0000000000
138176  38.319  31.979  11.708 0.0000000000
138177  37.165  32.434  11.846 0.0000000000
138178  37.655  32.015  12.091 0.0000000000
138179  38.149  31.632  12.365 0.0000000000
138180  38.055  31.355  12.970 0.0000000000
138181  37.996  31.107  13.561 0.0000000000
138182  37.956  30.875  14.156 0.0000000000
138183  35.754  33.405  14.053 0.0000000000
138184  36.012  32.880  14.205 0.0000000000
138185  36.307  32.343  14.312 0.0000000000
138186  36.456  32.450  15.642 0.0000000000
138187  36.472  32.129  15.052 0.0000000000
138188  36.656  31.829  14.431 0.0000000000
138189  37.071  31.357  14.616 0.0000000000
138190  37.521  31.016  14.735 0.0000000000
138191  37.944  30.653  14.873 0.0000000000
138192  38.044  30.526  15.618 0.0000000000
138193  38.261  30.457  16.327 0.0000000000
138194  38.591  30.467  17.029 0.0000000000
138195  38.514  31.282  17.371 0.0000000000
138196  38.844  30.887  17.515 0.0000000000
138197  39.121  30.521  17.641 0.0000000000
138198  39.734  30.579  18.255 0.0000000000
138199  40.382  30.626  18.866 0.0000000000
138200  41.034  30.643  19.382 0.0000000000
138201  37.449  36.297  18.480 0.0000000000
138202  37.555  35.697  18.691 0.0000000000
138203  37.704  35.128  18.855 0.0000000000
138204  38.828  35.282  19.991 0.0000000000
138205  38.424  34.959  19.533 0.0000000000
138206  37.978  34.611  19.017 0.0000000000
138207  38.387  34.167  19.159 0.0000000000
138208  38.809  33.789  19.235 0.0000000000
138209  39.235  33.490  19.287 0.0000000000
138210  42.044  34.556  21.940 0.0000000000
138211  41.701  34.300  21.561 0.0000000000
138212  41.338  34.090  21.234 0.0000000000
138213  42.791  33.602  21.604 0.0000000000
138214  41.833  33.754  21.221 0.0000000000
138215  40.962  33.885  20.774 0.0000000000
138216  40.579  33.650  20.284 0.0000000000
138217  40.115  33.439  19.817 0.0000000000
138218  39.656  33.202  19.329 0.0000000000
138219  40.034  32.851  19.289 0.0000000000
138220  40.401  32.485  19.268 0.0000000000
138221  40.741  32.108  19.309 0.0000000000
138222  42.136  32.295  20.121 0.0000000000
138223  41.575  32.012  19.762 0.0000000000
138224  41.086  31.705  19.410 0.0000000000
138225  41.324  31.293  19.549 0.0000000000
138226  41.527  30.922  19.734 0.0000000000
138227  41.757  30.610  19.982 0.0000000000
138228  42.498  30.526  20.551 0.0000000000
138229  43.221  30.409  21.097 0.0000000000
138230  43.952  30.222  21.621 0.0000000000
138231  44.436  30.829  21.613 0.0000000000
138232  44.575  30.415  21.858 0.0000000000
138233  44.584  29.977  22.087 0.0000000000
138234  45.118  29.666  22.622 0.0000000000
138235  45.470  29.323  23.133 0.0000000000
138236  45.533  28.948  23.661 0.0000000000
138237  46.939  31.542  22.921 0.0000000000
138238  46.947  30.996  23.117 0.0000000000
138239  46.849  30.514  23.358 0.0000000000
138240  47.367  30.142  24.634 0.0000000000
138241  47.041  30.056  24.038 0.0000000000
138242  46.644  29.984  23.596 0.0000000000
138243  46.326  29.487  23.818 0.0000000000
138244  45.883  29.009  24.072 0.0000000000
138245  45.394  28.531  24.375 0.0000000000
138246  45.237  28.123  25.085 0.0000000000
138247  45.071  27.657  25.722 0.0000000000
138248  44.951  27.060  26.338 0.0000000000
138249  45.838  27.361  26.670 0.0000000000
138250  45.323  26.910  26.783 0.0000000000
138251  44.848  26.347  26.887 0.0000000000
138252  44.700  25.577  27.394 0.0000000000
138253  44.498  24.914  27.819 0.0000000000
138254  44.300  24.292  28.246 0.0000000000
138318  36.154  38.622  9.186 0.0000000000
138319  35.980  37.899  9.185 0.0000000000
138320  36.584  39.267  12.396 0.0000000000
138321  36.292  38.923  11.894 0.0000000000
138322  36.028  38.588  11.298 0.0000000000
138323  35.633  37.382  11.813 0.0000000000
138324  35.768  37.815  11.241 0.0000000000
138325  35.874  38.231  10.723 0.0000000000
138326  35.738  37.874  10.195 0.0000000000
138327  35.835  37.525  9.671 0.0000000000
138328  36.020  37.181  9.198 0.0000000000
138329  36.142  36.449  9.209 0.0000000000
138330  36.306  35.749  9.246 0.0000000000
138331  36.558  35.074  9.313 0.0000000000
138332  35.981  34.906  10.184 0.0000000000
138333  36.426  34.638  9.789 0.0000000000
138334  36.962  34.411  9.422 0.0000000000
138335  37.554  33.877  9.586 0.0000000000
138336  38.279  33.483  9.786 0.0000000000
140730  48.867  19.779  18.501 0.0000000000
140731  49.502  19.394  18.612 0.0000000000
140732  48.902  19.018  18.666 0.0000000000
140733  48.954  18.337  18.878 0.0000000000
140734  48.963  17.610  19.286 0.0000000000
140735  47.877  17.427  19.380 0.0000000000
140736  48.477  17.176  19.563 0.0000000000
140737  49.077  16.889  19.727 0.0000000000
140738  49.187  16.209  20.035 0.0000000000
140739  49.277  15.484  20.201 0.0000000000
140740  49.306  14.762  20.036 0.0000000000
140741  45.796  15.941  20.205 0.0000000000
140742  46.388  15.745  20.453 0.0000000000
140743  47.080  15.455  20.602 0.0000000000
140744  46.791  14.465  20.909 0.0000000000
140745  47.274  14.825  20.792 0.0000000000
140746  47.788  15.166  20.742 0.0000000000
140747  48.435  14.795  20.616 0.0000000000
140748  48.917  14.400  20.181 0.0000000000
140749  49.243  14.111  19.498 0.0000000000
140750  49.067  13.569  18.778 0.0000000000
140751  48.839  13.131  18.024 0.0000000000
140752  48.696  12.671  17.307 0.0000000000
140753  48.039  12.357  18.085 0.0000000000
140754  48.279  12.225  17.288 0.0000000000
140755  48.511  12.048  16.435 0.0000000000
140756  48.326  11.357  15.556 0.0000000000
145614  51.169  29.508  7.812 0.0000000000
145620  49.821  28.597  9.972 0.0000000000
145621  50.439  28.383  9.787 0.0000000000
145622  51.080  28.140  9.599 0.0000000000
145623  51.029  27.339  10.603 0.0000000000
145624  51.372  27.662  10.016 0.0000000000
145625  51.730  27.931  9.454 0.0000000000
145626  52.369  27.681  9.251 0.0000000000
145650  51.853  25.006  17.169 0.0000000000
145657  52.812  22.486  18.615 0.0000000000
145658  52.273  22.221  18.703 0.0000000000
145659  51.668  23.108  18.852 0.0000000000
145660  51.683  22.519  18.753 0.0000000000
145661  51.664  21.862  18.690 0.0000000000
145662  51.020  21.517  18.652 0.0000000000
145663  50.346  21.128  18.562 0.0000000000
145664  49.648  20.812  18.457 0.0000000000
145665  40.067  32.439  10.699 0.0000000000
145666  40.598  32.150  10.925 0.0000000000
145667  41.069  31.856  11.184 0.0000000000
145668  40.057  31.457  11.947 0.0000000000
145669  40.788  31.568  11.707 0.0000000000
145670  41.563  31.549  11.434 0.0000000000
145671  42.066  31.221  11.682 0.0000000000
145672  42.524  30.886  11.939 0.0000000000
145673  42.959  30.497  12.181 0.0000000000
145674  39.276  30.041  14.031 0.0000000000
145675  39.829  29.968  13.685 0.0000000000
145676  40.422  29.964  13.390 0.0000000000
145677  40.557  29.188  14.082 0.0000000000
145678  40.814  29.542  13.586 0.0000000000
145679  41.047  29.944  13.089 0.0000000000
145680  41.757  29.928  12.816 0.0000000000
145681  42.549  29.984  12.607 0.0000000000
145682  43.346  30.047  12.396 0.0000000000
145683  43.690  29.557  12.587 0.0000000000
145684  44.069  29.150  12.801 0.0000000000
145685  44.443  28.756  13.054 0.0000000000
145686  43.315  28.375  13.773 0.0000000000
145687  44.080  28.354  13.518 0.0000000000
145688  44.801  28.343  13.340 0.0000000000
145689  45.162  27.924  13.650 0.0000000000
145690  45.531  27.534  13.995 0.0000000000
145691  45.904  27.168  14.359 0.0000000000
145692  40.866  29.581  19.516 0.0000000000
145693  40.415  29.171  19.041 0.0000000000
145694  40.197  28.737  18.495 0.0000000000
145695  40.779  28.407  19.319 0.0000000000
145696  40.410  28.379  18.645 0.0000000000
145697  40.142  28.330  17.925 0.0000000000
145698  40.327  27.927  17.388 0.0000000000
145699  40.629  27.663  16.919 0.0000000000
145700  41.003  27.452  16.523 0.0000000000
145701  41.727  27.061  19.959 0.0000000000
145702  41.565  27.055  19.280 0.0000000000
145703  41.438  27.037  18.593 0.0000000000
145704  42.227  26.490  18.518 0.0000000000
145705  41.803  26.752  18.207 0.0000000000
145706  41.397  27.056  17.944 0.0000000000
145707  41.395  27.108  17.360 0.0000000000
145708  41.427  27.184  16.751 0.0000000000
145709  41.523  27.360  16.189 0.0000000000
145710  42.094  27.264  15.881 0.0000000000
145711  42.812  27.169  15.657 0.0000000000
145712  43.549  27.134  15.385 0.0000000000
145713  43.791  26.633  16.291 0.0000000000
145714  44.031  26.856  15.732 0.0000000000
145715  44.280  27.083  15.166 0.0000000000
145716  45.002  27.026  15.022 0.0000000000
145717  45.664  26.934  14.874 0.0000000000
145718  46.305  26.848  14.765 0.0000000000
145719  46.751  26.588  15.240 0.0000000000
145720  47.210  26.325  15.772 0.0000000000
145721  47.647  26.116  16.367 0.0000000000
145722  46.834  26.050  16.997 0.0000000000
145723  47.475  25.944  17.047 0.0000000000
145724  48.121  25.951  17.006 0.0000000000
145725  48.615  25.830  17.659 0.0000000000
145726  49.049  25.674  18.267 0.0000000000
145727  49.359  25.347  18.859 0.0000000000
145728  45.778  25.724  19.590 0.0000000000
145729  46.455  25.666  19.550 0.0000000000
145730  47.156  25.625  19.545 0.0000000000
145731  46.801  24.565  19.998 0.0000000000
145732  47.337  25.135  19.849 0.0000000000
145733  47.769  25.532  19.465 0.0000000000
145734  48.402  25.367  19.353 0.0000000000
145735  49.027  25.154  19.349 0.0000000000
145736  49.546  24.853  19.253 0.0000000000
145737  49.602  24.241  19.383 0.0000000000
145738  49.537  23.591  19.272 0.0000000000
145739  49.456  22.960  19.050 0.0000000000
145740  48.265  22.746  19.097 0.0000000000
145741  48.786  22.528  18.908 0.0000000000
145742  49.313  22.329  18.769 0.0000000000
145743  49.119  21.690  18.487 0.0000000000
145744  49.037  21.078  18.391 0.0000000000
145745  48.920  20.436  18.413 0.0000000000
145746  48.258  20.090  18.366 0.0000000000
145747  47.690  19.629  18.415 0.0000000000
145748  47.107  19.175  18.521 0.0000000000
145749  46.534  20.078  18.368 0.0000000000
145750  46.547  19.392  18.470 0.0000000000
145751  46.602  18.677  18.694 0.0000000000
145752  46.104  18.218  18.941 0.0000000000
145753  45.578  17.856  19.137 0.0000000000
145754  45.050  17.443  19.378 0.0000000000
145755  44.449  20.859  19.000 0.0000000000
145756  44.360  20.265  18.914 0.0000000000
145757  44.370  19.606  18.894 0.0000000000
145758  43.242  19.410  19.100 0.0000000000
145759  43.825  19.169  19.010 0.0000000000
145760  44.398  18.959  18.970 0.0000000000
145761  44.420  18.313  19.125 0.0000000000
145762  44.447  17.641  19.334 0.0000000000
145763  44.554  17.021  19.589 0.0000000000
145764  44.011  16.704  19.814 0.0000000000
145765  43.490  16.353  20.005 0.0000000000
145766  42.981  15.976  20.156 0.0000000000
145767  42.310  16.823  19.896 0.0000000000
145768  42.405  16.232  20.115 0.0000000000
145769  42.493  15.646  20.360 0.0000000000
145773  40.310  22.569  20.602 0.0000000000
145774  40.176  22.029  20.440 0.0000000000
145775  40.061  21.505  20.276 0.0000000000
145776  39.094  21.517  20.795 0.0000000000
145777  39.508  21.242  20.397 0.0000000000
145778  39.975  20.949  20.126 0.0000000000
145779  39.920  20.368  20.030 0.0000000000
145780  39.879  19.774  20.007 0.0000000000
145781  39.880  19.159  20.027 0.0000000000
145782  37.375  20.155  21.924 0.0000000000
145783  37.624  19.898  21.438 0.0000000000
145784  37.933  19.641  20.990 0.0000000000
145786  37.972  18.973  20.926 0.0000000000
145787  38.373  19.359  20.675 0.0000000000
145788  38.866  19.078  20.411 0.0000000000
145789  39.399  18.794  20.241 0.0000000000
145790  39.950  18.522  20.088 0.0000000000
145791  40.010  17.863  20.153 0.0000000000
145792  40.057  17.195  20.244 0.0000000000
146027  47.744  34.868  4.512 0.0000000000
152192  43.227  36.359  25.912 0.0000000000
152193  43.589  35.800  25.943 0.0000000000
152195  43.414  35.323  26.329 0.0000000000
152196  44.058  35.284  26.054 0.0000000000
152197  44.553  34.731  26.220 0.0000000000
152234  47.852  28.970  28.153 0.0000000000
152235  47.828  28.257  28.293 0.0000000000
152243  47.821  27.808  28.804 0.0000000000
152244  47.714  27.598  28.448 0.0000000000
152245  47.392  26.961  28.505 0.0000000000
152252  44.842  24.298  28.661 0.0000000000
152253  44.281  23.864  28.625 0.0000000000
152333  44.276  23.456  28.951 0.0000000000
152334  43.687  23.552  28.466 0.0000000000
152335  43.107  23.259  28.292 0.0000000000
152336  42.516  22.952  28.121 0.0000000000
152337  41.891  22.624  27.931 0.0000000000
152339  41.773  22.238  28.186 0.0000000000
152340  41.253  22.274  27.693 0.0000000000
152341  40.662  21.948  27.460 0.0000000000
153228  50.154  19.105  18.700 0.0000000000
153229  50.787  18.727  18.746 0.0000000000
153230  51.411  18.321  18.743 0.0000000000
153231  50.757  17.272  19.137 0.0000000000
153232  51.368  17.566  18.893 0.0000000000
153233  52.070  17.901  18.704 0.0000000000
153234  52.660  17.452  18.623 0.0000000000
153237  50.469  14.684  18.334 0.0000000000
153238  51.048  15.025  18.125 0.0000000000
153239  51.690  15.325  17.972 0.0000000000
153241  51.885  15.139  16.987 0.0000000000
153242  52.240  15.612  17.689 0.0000000000
153243  52.821  15.860  17.436 0.0000000000
