#!ascii label  , from subject fsaverage vox2ras=TkReg coords=white
2089
52  39.738  33.074  9.815 0.3512118161
53  49.514  20.152  18.503 0.2574901879
173  41.226  30.302  19.637 0.4655579627
250  41.264  13.929  20.957 0.4450655580
385  41.057  23.248  20.431 0.4332474172
386  35.184  17.030  24.713 0.3741804361
495  32.720  10.573  31.089 0.2959984243
497  37.356  3.828  37.516 0.2530782819
730  38.862  10.410  22.072 0.3364264965
731  43.609  8.631  19.347 0.3464350700
877  45.546  32.187  7.701 0.3185000122
878  48.877  29.374  9.843 0.2625262737
879  43.774  30.539  11.958 0.5136603713
880  44.996  28.482  23.919 0.2884169221
881  41.970  27.323  21.081 0.4374169707
882  41.029  24.749  24.369 0.3629609048
883  37.466  20.998  22.673 0.4010384083
884  38.919  21.307  26.629 0.2575896680
1094  38.830  1.272  33.708 0.2692731917
1462  35.397  34.290  12.993 0.2839948237
1463  38.372  30.498  14.347 0.4881147444
1464  38.761  33.209  18.738 0.4172906578
1465  45.918  32.246  22.408 0.3117425442
1602  45.123  16.823  19.669 0.3665573299
1604  46.204  11.552  19.436 0.3362104893
1856  49.965  25.155  18.903 0.2875421643
1857  41.142  27.651  15.947 0.4767336249
1858  44.650  25.890  19.094 0.4266543686
1859  45.140  21.825  19.120 0.4136871397
1860  40.424  18.891  19.886 0.4318283498
1861  37.032  15.798  21.876 0.3958405554
1862  34.753  11.452  24.198 0.3309784234
2132  32.961  13.677  27.681 0.3374668062
2133  33.220  7.646  26.891 0.3235133588
2140  34.466  6.977  34.752 0.2566007674
2141  34.840  3.916  30.739 0.4001372457
2650  37.807  8.333  22.704 0.3237374425
2651  40.470  7.550  21.282 0.3216796219
2652  40.108  5.724  22.367 0.2689841986
2797  42.733  32.994  8.730 0.3282338679
2798  44.523  31.673  9.850 0.4247352481
2799  41.808  31.871  10.886 0.4576399624
2801  42.923  26.579  24.630 0.3474931419
2803  39.978  22.952  25.730 0.3036250770
3398  36.240  33.329  16.133 0.2959677279
3399  37.344  34.762  18.338 0.3651031256
3630  43.077  15.428  20.421 0.4106205702
3631  45.678  14.388  20.983 0.3523355722
3632  43.856  12.732  20.937 0.3091470301
4075  47.641  28.412  11.869 0.3895370066
4079  48.305  26.063  16.336 0.3226231337
4080  38.916  30.127  17.160 0.4879893363
4081  39.768  29.005  15.020 0.4970265627
4082  39.895  28.647  17.768 0.4832551479
4083  41.881  25.330  21.114 0.4445672929
4084  42.627  26.239  19.485 0.4421575665
4085  43.620  24.535  20.226 0.4496788681
4086  45.729  24.071  19.944 0.4331568480
4087  42.987  22.410  19.556 0.4412851036
4088  42.688  20.295  19.217 0.4233531356
4089  40.515  21.257  19.989 0.4350919724
4090  36.292  19.141  23.812 0.3830450177
4091  36.859  18.434  21.905 0.4152479768
4092  35.798  16.567  23.132 0.3959771991
4093  35.904  13.799  23.011 0.3573387265
4094  34.526  14.362  24.283 0.3691994846
4700  32.475  12.059  29.346 0.3299905062
4701  32.566  10.701  27.263 0.2892749310
4702  32.401  8.960  28.983 0.4061140418
4722  36.656  2.465  32.560 0.3349896073
5783  38.957  36.235  20.253 0.2803153396
5922  39.917  12.345  21.571 0.3789831400
5923  42.383  11.141  20.896 0.3556112647
5924  41.372  9.491  21.083 0.3513827920
5925  43.001  6.735  19.924 0.2868644297
6188  50.148  30.165  7.795 0.2621634305
6189  47.477  31.099  9.004 0.4071785212
6190  46.256  30.333  10.914 0.4684910476
6191  45.155  28.768  12.840 0.3388319016
6192  43.983  29.828  21.795 0.3911068439
6193  41.698  28.861  20.475 0.4534798563
6194  43.419  28.073  22.581 0.4019852281
6195  41.955  26.163  22.714 0.4462648034
6196  40.427  24.331  22.143 0.4365140796
6197  39.009  22.389  21.501 0.4280479848
6198  39.077  23.147  23.721 0.3922784030
6199  37.874  21.348  24.770 0.3601271510
6200  36.702  19.426  25.680 0.3039146662
6575  39.637  1.108  36.890 0.3377767801
6576  37.909  2.300  35.560 0.4414828420
6577  40.811  0.249  35.043 0.2710356712
7252  36.883  33.263  10.911 0.2991136014
7253  38.825  31.663  11.999 0.4235352576
7254  36.608  32.036  13.725 0.4173592925
7255  37.551  31.569  16.622 0.4626358747
7256  40.279  31.733  18.937 0.4545543790
7257  40.516  34.251  20.757 0.3171338737
7258  42.287  32.805  20.594 0.3598450124
7259  43.511  31.374  20.861 0.4069732130
7260  46.360  30.398  22.971 0.2764932215
7578  47.159  18.482  18.792 0.2844992876
7580  47.619  15.755  20.468 0.2781276405
7583  44.636  10.157  19.235 0.3354957700
8192  49.990  22.716  18.875 0.2756755650
8193  40.634  30.347  12.897 0.4892472625
8194  42.233  28.760  13.703 0.4939914346
8195  43.833  27.414  14.823 0.4329091311
8196  41.083  27.357  18.382 0.4558488727
8197  42.930  26.475  17.083 0.4505087435
8198  45.712  26.257  16.474 0.4044909477
8199  47.466  25.791  18.911 0.3686920404
8200  47.924  23.622  19.546 0.3908719420
8201  47.254  21.153  18.442 0.3639773428
8202  44.872  19.361  18.765 0.3621914983
8203  42.764  17.849  19.491 0.4142650366
8204  40.732  16.336  20.361 0.4358294606
8205  38.367  20.020  20.743 0.4227608740
8206  38.530  17.366  20.763 0.4321564436
8207  38.992  14.857  21.292 0.4066441655
8208  37.810  13.097  22.287 0.3608274460
8209  36.606  10.875  22.995 0.3069129884
8210  35.758  8.589  23.899 0.2652459443
8964  34.033  15.301  26.055 0.3288815022
8965  33.405  12.602  25.730 0.3744515181
8967  35.089  6.756  25.152 0.3367791176
8988  33.536  8.640  32.955 0.2541399300
8989  35.902  3.697  34.334 0.4629965723
8990  34.251  5.148  33.014 0.4616826177
8991  32.942  6.849  30.916 0.4317063093
8992  33.666  5.535  28.744 0.4282027483
10331  38.908  6.931  22.516 0.2625715137
10477  41.304  33.048  9.193 0.3398750126
10478  42.237  32.470  9.727 0.3929978311
10479  40.798  32.439  10.350 0.4043521881
10488  38.287  33.824  9.296 0.2775101960
10490  39.829  33.739  8.699 0.2797457576
10491  41.366  33.616  8.355 0.2683959901
11077  36.498  36.408  16.620 0.2614814341
11078  36.411  35.136  17.060 0.3210521936
11079  37.071  35.878  18.039 0.3053649664
11310  42.125  14.720  20.723 0.4277883172
11311  43.424  14.143  20.878 0.4159256816
11312  42.565  13.375  20.940 0.4331006408
11755  47.038  27.717  12.968 0.3852488399
11756  48.400  27.516  12.690 0.3169279397
11757  47.862  26.940  13.935 0.3131747246
11758  48.782  26.380  15.120 0.2834078670
11759  47.413  26.540  15.182 0.3520379364
11760  39.990  30.230  18.509 0.4767702222
11761  39.442  29.363  17.439 0.4856267869
11762  40.224  29.485  18.832 0.4744161367
11763  41.516  24.217  20.719 0.4466207027
11764  42.642  24.841  20.546 0.4471189976
11765  42.341  23.786  20.293 0.4491733909
11766  43.359  23.453  19.944 0.4454809427
11767  41.963  22.808  19.978 0.4449734092
11768  41.780  21.782  19.699 0.4381953478
11769  40.759  22.298  20.233 0.4418888986
11770  35.858  18.092  24.264 0.3781547546
11771  35.965  17.824  23.419 0.3895086348
11772  35.428  16.810  23.923 0.3846565485
11773  35.200  15.504  23.665 0.3825973570
11774  34.734  15.692  24.461 0.3712221682
12380  32.546  11.290  30.162 0.3130446970
12381  32.349  10.486  29.133 0.3680321574
12382  32.439  9.706  30.048 0.3511396646
13710  39.379  11.442  21.858 0.3576042354
13711  40.611  10.885  21.401 0.3651983440
13712  40.092  9.978  21.618 0.3439269066
13713  41.553  6.233  21.132 0.2793653905
13714  41.793  7.141  20.623 0.3043742478
13715  42.807  5.830  20.481 0.2619502842
14152  47.179  31.871  7.102 0.2696869671
14153  48.072  31.311  7.810 0.3139816523
14154  46.525  31.614  8.253 0.3626368642
14155  44.181  31.309  10.958 0.4692456126
14156  45.495  31.143  10.427 0.4467417896
14157  45.004  30.578  11.443 0.4911058545
14158  45.746  29.646  11.885 0.4646999836
14159  44.420  29.650  12.359 0.4872653484
14160  44.969  29.233  22.844 0.3501853347
14161  43.903  28.978  22.245 0.4025427997
14162  44.224  28.300  23.239 0.3497177362
14163  42.005  25.692  24.611 0.3552746773
14164  42.388  26.439  23.629 0.3821193576
14165  41.463  25.547  23.533 0.3899553716
14166  41.149  25.210  22.430 0.4267389774
14167  40.605  24.649  23.248 0.3996396065
14168  39.717  23.804  23.003 0.4142785966
14169  40.025  23.921  24.105 0.3775984943
14170  39.448  22.068  26.125 0.2805410028
14171  38.905  22.189  25.281 0.3317493200
14172  38.318  21.319  25.737 0.3087145686
14173  37.303  20.411  25.323 0.3321591616
14174  37.737  20.442  26.190 0.2808382213
14193  44.362  33.001  7.500 0.2756709754
14195  45.831  32.721  6.875 0.2519493997
14797  40.466  0.616  37.569 0.2638575435
14799  40.164  0.490  35.973 0.3044141829
15952  35.895  33.668  11.855 0.2914924920
15953  36.619  32.575  12.320 0.3580625951
15954  35.917  33.073  13.407 0.3506668210
15955  37.262  33.176  17.445 0.4125359952
15956  36.846  32.350  16.376 0.4351657033
15957  37.993  32.396  17.623 0.4399014711
15958  38.791  31.717  17.823 0.4585649669
15959  39.550  32.512  18.778 0.4359765649
15960  40.382  35.776  21.309 0.2581691742
15961  39.655  35.187  20.563 0.2987233996
15962  41.251  34.765  21.557 0.2767400146
15963  45.102  32.965  22.430 0.2741717100
15964  43.262  33.296  21.594 0.2986712456
15965  44.139  32.577  21.518 0.3356735110
15966  43.013  32.142  20.611 0.3834127188
15967  44.723  31.827  21.595 0.3592462540
15968  45.098  31.037  21.901 0.3418544829
15969  46.365  31.374  22.533 0.2941308618
16650  46.139  17.627  19.191 0.3254811168
16651  47.362  17.050  19.526 0.2810875177
16652  46.304  16.303  19.952 0.3222894073
16653  46.111  12.772  20.705 0.3441637158
16654  47.034  13.648  20.757 0.2956287265
16655  47.079  12.327  19.532 0.2874197662
16657  46.822  11.288  17.926 0.2568075061
16658  43.090  9.854  20.304 0.3639631867
16659  43.658  10.587  20.362 0.3699235916
16660  44.042  9.424  19.221 0.3295800090
17985  49.453  29.875  8.838 0.2620359063
17999  50.059  23.962  19.194 0.2816851437
18000  38.545  31.042  13.186 0.4557181001
18001  39.851  31.079  12.458 0.4666264057
18002  39.400  30.337  13.515 0.4987782240
18003  40.380  28.227  15.429 0.4869118333
18004  40.909  28.831  14.293 0.4955153465
18005  41.601  28.127  14.818 0.4853399992
18006  42.954  28.060  14.266 0.4634737372
18007  42.373  27.489  15.352 0.4548448622
18008  41.895  28.108  20.816 0.4454696476
18009  41.011  28.071  19.451 0.4546751380
18010  41.486  27.390  19.750 0.4466572404
18011  43.540  26.015  19.187 0.4368617535
18012  42.683  26.267  18.298 0.4463360906
18013  43.759  26.087  17.971 0.4409932494
18014  44.258  26.355  16.729 0.4274706841
18015  45.192  26.029  17.773 0.4179823399
18016  46.646  25.999  17.588 0.3866421282
18017  46.037  25.869  18.952 0.4002072811
18018  45.443  22.961  19.439 0.4233894348
18019  46.814  23.904  19.761 0.4119530618
18020  46.540  22.649  19.303 0.4022293091
18021  47.576  22.313  19.016 0.3772819340
18022  46.243  21.429  18.826 0.3888020217
18023  46.042  20.234  18.526 0.3629234433
18024  44.994  20.624  18.829 0.3879761696
18025  41.542  19.551  19.497 0.4275598526
18026  42.659  19.035  19.274 0.4197399616
18027  41.536  18.346  19.681 0.4240150452
18028  41.733  17.075  19.896 0.4260200560
18029  40.570  17.580  20.029 0.4338229299
18030  38.131  21.855  22.102 0.4145354629
18031  38.577  21.225  21.045 0.4253993630
18032  37.722  20.584  21.607 0.4119052589
18033  36.897  17.031  21.802 0.4055156410
18034  37.584  17.876  21.240 0.4236524701
18035  37.708  16.581  21.249 0.4139801562
18036  38.705  16.099  20.970 0.4194319546
18037  37.970  15.332  21.520 0.4012524486
18038  38.375  14.035  21.799 0.3837091923
18039  37.349  14.453  22.079 0.3783734441
18040  35.320  12.667  23.602 0.3441235125
18041  36.194  12.361  23.100 0.3320629597
18042  35.618  11.170  23.580 0.3188975453
18043  36.120  9.750  23.418 0.2859944701
18044  35.180  9.967  24.001 0.2980839610
19851  36.734  18.836  26.872 0.2508808970
19858  33.483  14.971  27.828 0.2650058866
19859  34.077  15.734  27.002 0.2611727715
19860  33.433  14.502  26.807 0.3331788778
19861  33.583  14.007  25.853 0.3517580628
19862  33.076  13.144  26.578 0.3559521735
19863  32.731  9.114  27.075 0.3428080678
19864  33.026  10.121  26.281 0.3434903026
19865  33.358  8.619  26.101 0.3239830434
19866  34.257  8.147  25.238 0.2849470079
19867  34.023  7.174  25.956 0.2843317389
19920  34.039  7.825  33.881 0.2556005418
19921  38.312  1.627  34.576 0.3554142714
19922  36.919  2.955  34.844 0.4519506395
19923  37.230  2.318  33.996 0.3662895560
19924  35.739  3.197  31.766 0.3630512357
19925  35.307  3.672  32.795 0.3984006047
19926  34.442  4.411  31.884 0.4265491366
19927  33.543  5.975  31.978 0.4465557635
19928  33.672  5.227  30.856 0.4115408659
19929  33.158  6.090  29.830 0.3971877396
19930  34.137  4.612  29.752 0.3768015206
23202  38.228  9.353  22.273 0.2962340713
23203  39.539  8.938  21.747 0.3290399909
23204  39.087  7.911  22.041 0.2889205813
23205  40.199  6.630  21.800 0.2953447402
23206  41.570  5.394  21.717 0.2530592680
23208  41.374  4.881  22.318 0.2569285631
23467  44.115  32.584  8.236 0.3232702613
23468  45.018  31.924  8.722 0.3716856539
23469  43.623  32.357  9.126 0.3765560389
23470  43.167  31.932  10.301 0.4411746264
23471  42.841  31.243  11.441 0.4856106341
23473  43.892  27.540  24.368 0.3221002221
23474  43.659  26.685  25.486 0.2684286535
23475  42.658  25.639  25.591 0.2807192206
23476  41.576  24.672  25.446 0.2885558605
23477  40.518  23.894  25.142 0.3330705762
23478  41.077  23.696  26.118 0.2589998841
23493  42.935  33.404  8.016 0.2806895077
24547  35.438  35.028  14.246 0.2805851102
24548  35.719  33.747  14.649 0.3459038436
24549  35.900  34.465  15.871 0.3422215879
24550  36.720  34.027  17.318 0.3865262270
24551  38.003  33.838  18.627 0.3912732303
24966  44.097  16.137  20.144 0.3885106742
24967  45.309  15.602  20.450 0.3594826162
24968  44.344  14.915  20.751 0.3815387785
24969  44.731  13.576  20.999 0.3867123127
24970  45.176  11.964  20.560 0.3787576556
24971  44.253  7.311  18.526 0.2719047368
24972  44.445  8.149  18.150 0.2821451426
25767  48.215  28.929  10.926 0.3260072768
25775  49.283  25.716  17.614 0.3047450185
25776  38.381  30.169  15.774 0.4880428016
25777  39.117  29.791  14.659 0.4925794899
25778  39.003  29.392  15.988 0.4924886823
25779  39.649  28.678  16.342 0.4901446104
25780  40.276  27.955  16.716 0.4799728096
25781  42.041  26.327  21.190 0.4409823418
25782  41.991  26.718  20.156 0.4397969246
25783  42.521  25.868  20.565 0.4433619976
25784  43.344  25.540  20.212 0.4459231198
25785  44.307  25.417  20.061 0.4406438470
25786  45.461  25.296  19.990 0.4323792160
25787  44.636  24.272  20.080 0.4414106011
25788  44.367  23.213  19.631 0.4372342825
25789  44.033  22.147  19.253 0.4274637103
25790  43.914  21.066  19.097 0.4185418487
25791  42.875  21.449  19.287 0.4323518872
25792  41.610  20.756  19.518 0.4292312562
25793  40.434  20.104  19.808 0.4334510565
25794  36.846  20.136  23.293 0.3919878900
25795  37.001  19.766  22.228 0.4080644548
25796  36.416  18.855  22.835 0.3991025090
25797  36.307  17.427  22.517 0.4055696130
25798  36.279  16.140  22.400 0.3958736658
25799  36.470  14.865  22.495 0.3765869439
25800  35.807  15.218  23.037 0.3766772151
25801  35.134  14.081  23.605 0.3632748723
25802  34.558  12.950  24.241 0.3501527011
26892  32.634  12.916  28.488 0.3335497975
26893  32.687  12.228  27.440 0.3498300016
26894  32.394  11.369  28.294 0.3460356891
26895  32.372  9.799  28.096 0.3840919733
26896  32.660  8.226  27.915 0.3648235798
26930  37.703  1.900  33.094 0.3019908667
26932  37.267  2.258  31.601 0.2906382084
26933  36.305  2.878  30.694 0.3189054430
26934  35.473  3.497  29.610 0.3192387521
28853  37.778  36.730  18.887 0.2630874217
29178  40.525  13.157  21.284 0.4121026993
29179  41.802  12.527  21.055 0.4247362316
29180  41.127  11.761  21.269 0.3916997015
29181  41.893  10.366  20.956 0.3778434992
29182  42.632  9.091  20.272 0.3375475705
29183  40.870  8.536  21.118 0.3365443945
29184  42.153  8.209  20.427 0.3191973567
29185  43.300  7.732  19.598 0.3052957654
29186  44.070  6.376  19.017 0.2535221577
29800  48.815  30.634  8.348 0.3344817758
29801  48.226  30.354  9.428 0.3351236582
29802  45.912  31.383  9.401 0.4159584045
29803  46.908  30.778  9.958 0.4376690984
29804  47.570  29.914  10.445 0.3656834662
29805  46.971  29.455  11.302 0.4290233850
29806  46.381  28.721  12.345 0.4251286983
29807  45.770  27.838  13.435 0.4212563634
29808  42.603  30.205  20.784 0.4344248176
29809  41.490  29.599  20.156 0.4595316052
29810  42.752  29.392  21.284 0.4284254313
29811  42.806  28.617  21.632 0.4277895093
29812  42.593  27.759  21.876 0.4196715057
29813  43.286  27.343  23.540 0.3747018576
29814  42.699  27.118  22.747 0.4094947577
29815  42.243  26.792  22.012 0.4271625876
29816  41.746  25.772  21.910 0.4307504892
29817  41.116  24.780  21.471 0.4405428469
29818  40.517  23.812  21.198 0.4425870180
29819  39.960  22.874  20.991 0.4383765459
29820  39.631  23.339  21.874 0.4323082268
29821  38.833  22.885  22.604 0.4102061689
29822  38.142  22.202  23.246 0.3966710269
29823  39.488  23.123  24.768 0.3480163813
29824  38.435  22.259  24.304 0.3761456609
29825  37.587  21.286  23.774 0.3806172013
29826  36.968  20.329  24.322 0.3715619445
29827  36.425  19.348  24.735 0.3436309695
29828  35.862  18.316  25.133 0.3385913074
30700  39.186  1.794  37.745 0.2830857933
30701  38.363  2.407  37.102 0.2954676747
30702  37.658  3.095  36.495 0.3471352458
30703  38.779  1.661  36.233 0.3894611597
30704  39.279  1.068  35.343 0.3561991155
30705  39.854  0.733  34.416 0.2699280977
32302  38.261  33.128  10.266 0.3252393603
32303  39.244  32.438  10.939 0.3873916864
32304  37.794  32.343  11.432 0.3614847064
32305  37.560  31.704  12.754 0.4205049872
32306  37.478  31.178  14.038 0.4526508749
32307  36.161  32.623  14.898 0.4124696553
32308  36.814  31.654  15.207 0.4399592280
32309  37.657  30.904  15.468 0.4753991663
32310  38.287  30.836  16.895 0.4753602743
32311  39.455  30.925  18.114 0.4712243676
32312  40.820  30.974  19.193 0.4600306153
32313  38.132  35.491  19.344 0.3226547539
32314  38.822  34.499  19.701 0.3413082361
32315  39.704  33.759  19.810 0.3672983646
32316  42.238  33.923  21.573 0.2773278952
32317  41.402  33.525  20.744 0.3386876285
32318  40.502  33.103  19.776 0.3886441588
32319  41.246  32.391  19.693 0.4071905017
32320  41.881  31.609  19.884 0.4307364225
32321  42.318  30.847  20.312 0.4362280965
32322  43.818  30.611  21.382 0.4050812423
32323  45.225  30.135  22.366 0.3400790691
32324  45.989  29.401  23.397 0.2866962552
32358  36.914  34.034  9.920 0.2513484359
33186  48.272  19.376  18.544 0.2708030045
33191  46.563  15.164  20.719 0.3152378201
33192  47.944  14.458  20.700 0.2584109306
33197  43.077  11.899  20.849 0.4127340317
33198  44.366  11.268  20.419 0.3783770800
33199  45.368  10.820  19.239 0.3358725309
33200  44.846  9.000  17.948 0.2879779041
33201  45.425  9.747  17.914 0.2579914629
33202  46.140  10.551  17.882 0.2582150102
34880  49.746  21.446  18.497 0.2666063011
34881  40.307  31.858  11.474 0.4404748678
34882  41.284  31.198  11.941 0.4835118949
34883  42.148  30.429  12.380 0.5116332769
34884  40.233  29.612  13.898 0.5033278465
34885  41.412  29.477  13.279 0.5018246174
34886  42.932  29.529  12.805 0.5037536621
34887  43.723  28.703  13.269 0.4774222076
34888  44.473  27.975  13.835 0.4469590783
34889  45.268  27.268  14.522 0.4071380794
34890  40.563  28.799  19.188 0.4684245288
34891  40.384  27.984  18.056 0.4695944190
34892  40.998  27.388  17.135 0.4662691653
34893  41.841  26.747  18.861 0.4489949942
34894  41.848  26.800  17.548 0.4531736374
34895  41.955  27.064  16.446 0.4635707140
34896  43.296  26.890  15.965 0.4416602254
34897  44.741  26.822  15.559 0.4187461734
34898  46.161  26.648  15.302 0.3930501640
34899  47.039  26.128  16.418 0.3635764420
34900  47.937  25.881  17.684 0.3456726074
34901  48.749  25.578  18.873 0.3282008171
34902  46.757  25.238  19.950 0.4010008574
34903  47.996  25.065  19.824 0.3796700239
34904  49.096  24.534  19.455 0.3391546011
34905  48.945  23.193  19.185 0.3331362009
34906  48.569  21.878  18.626 0.3197025657
34907  48.341  20.699  18.329 0.3106767535
34908  47.101  19.868  18.312 0.3242672980
34909  46.061  18.850  18.721 0.3234162927
34910  45.003  18.077  19.112 0.3642322421
34911  43.801  19.844  19.003 0.3928047419
34912  43.859  18.556  19.130 0.3891707659
34913  43.953  17.308  19.547 0.3913664818
34914  42.893  16.589  19.911 0.4134442210
34915  41.929  15.880  20.300 0.4232054353
34916  40.980  15.120  20.654 0.4403955340
34917  39.630  21.789  20.605 0.4316089749
34918  39.428  20.713  20.250 0.4289302826
34919  39.354  19.444  20.217 0.4273093045
34920  37.572  19.225  21.320 0.4189655781
34921  38.414  18.712  20.643 0.4274613261
34922  39.453  18.133  20.304 0.4319958091
34923  39.588  16.819  20.466 0.4339841306
34924  39.800  15.576  20.781 0.4212793410
34925  40.099  14.385  21.102 0.4258689284
34926  39.419  13.589  21.561 0.3927950561
34927  38.832  12.678  21.942 0.3698837161
34928  38.335  11.685  22.287 0.3485113382
34929  36.804  13.519  22.607 0.3590810597
34930  37.247  12.040  22.696 0.3338714540
34931  37.748  10.601  22.523 0.3214978874
34932  37.150  9.506  22.846 0.2815918922
34933  36.769  8.458  23.309 0.2605664432
37129  37.330  19.634  26.540 0.2541896403
37130  36.200  18.651  26.062 0.3006500602
37131  35.269  17.480  25.625 0.3353131115
37139  34.686  16.557  26.256 0.3132626414
37140  34.596  16.162  25.337 0.3511192203
37141  34.154  14.874  25.100 0.3490839005
37142  33.949  13.543  24.973 0.3718150854
37143  34.002  12.086  24.929 0.3526758254
37144  32.931  11.675  26.468 0.3682404459
37145  33.467  11.084  25.589 0.3495209813
37146  34.213  10.508  24.779 0.3278204799
37147  34.674  9.076  24.599 0.2949040532
37148  35.344  7.712  24.503 0.2551515996
37212  33.081  9.575  32.033 0.2752715349
37213  36.674  3.844  35.859 0.3233383000
37214  35.747  4.546  35.286 0.3339522779
37215  34.932  5.246  34.670 0.3599022031
37216  36.155  2.988  33.428 0.3988874853
37217  35.005  4.377  33.783 0.4622216523
37218  34.246  6.076  33.980 0.3592222929
37219  33.649  6.869  33.002 0.3580103517
37220  33.083  7.775  31.974 0.3430438638
37221  32.663  8.712  30.986 0.3640694022
37222  32.565  7.826  29.939 0.4188440144
37223  32.815  7.097  28.882 0.3844892085
37224  33.353  6.528  27.758 0.3430230021
37225  34.824  4.169  28.622 0.3048914373
37226  34.389  5.050  27.628 0.2936724126
37227  34.147  5.998  26.748 0.2741480768
41197  40.492  33.058  9.502 0.3454756737
41198  41.010  32.741  9.761 0.3720101714
41199  40.256  32.740  10.079 0.3777651787
41208  39.036  33.435  9.563 0.3143160045
41209  39.083  33.773  8.999 0.2786955833
41210  39.790  33.403  9.278 0.3155742586
41211  40.527  33.370  9.011 0.3098246455
41797  36.804  36.745  17.095 0.2537816465
41798  36.737  36.132  17.351 0.2834723890
41799  37.064  36.500  17.779 0.2756648064
42030  41.679  14.338  20.843 0.4364060163
42031  42.325  14.058  20.868 0.4304695725
42032  41.911  13.653  20.952 0.4391278327
42475  46.754  27.347  13.590 0.3831796646
42476  47.388  27.259  13.435 0.3493060172
42477  47.170  27.003  14.063 0.3473064005
42478  47.632  26.737  14.562 0.3324642479
42479  46.963  26.797  14.656 0.3665834367
42480  40.592  30.280  19.072 0.4711892605
42481  40.118  29.842  18.664 0.4755915105
42482  40.707  29.899  19.276 0.4700101614
42483  41.252  23.708  20.543 0.4476419389
42484  41.852  23.976  20.492 0.4479004145
42485  41.680  23.498  20.351 0.4489116967
42486  42.160  23.310  20.154 0.4470771849
42487  41.492  23.026  20.214 0.4468056262
42488  41.348  22.554  20.078 0.4434299767
42489  40.871  22.801  20.359 0.4452923834
42490  35.576  17.649  24.493 0.3756304979
42491  35.651  17.460  24.079 0.3814235330
42492  35.337  16.927  24.279 0.3789831698
42493  35.087  16.280  24.177 0.3779635429
42494  34.923  16.374  24.567 0.3722907305
43100  32.585  10.933  30.600 0.3042340875
43101  32.452  10.502  30.113 0.3318353295
43102  32.542  10.124  30.556 0.3235712349
44430  39.127  10.935  21.975 0.3470497131
44431  39.748  10.683  21.717 0.3507595062
44432  39.444  10.194  21.817 0.3401426375
44433  42.147  5.610  21.135 0.2581001222
44434  42.190  6.044  20.821 0.2707244158
44872  46.341  32.024  7.396 0.2940910757
44873  46.819  31.719  7.658 0.3160691261
44874  46.027  31.841  7.905 0.3404946327
44875  44.008  30.970  11.478 0.4914506972
44876  44.659  31.017  11.233 0.4800354242
44877  44.405  30.582  11.701 0.5022420883
44878  44.733  30.153  11.905 0.4892158210
44879  44.083  30.108  12.144 0.5004280210
44880  45.105  28.874  23.360 0.3236390054
44881  44.640  28.764  23.056 0.3499770463
44882  44.556  28.374  23.558 0.3235048652
44883  41.504  25.272  24.479 0.3590433002
44884  41.696  25.638  24.075 0.3725857735
44885  41.247  25.180  23.952 0.3763770461
44886  41.043  25.077  23.394 0.3949174881
44887  40.792  24.706  23.820 0.3813939691
44888  40.304  24.279  23.710 0.3886856437
44889  40.511  24.320  24.250 0.3702598214
44890  39.195  21.700  26.363 0.2685790360
44891  38.915  21.777  25.952 0.2945307493
44892  38.606  21.324  26.186 0.2831490636
44893  38.034  20.881  25.991 0.2946735620
44894  38.319  20.885  26.426 0.2691344023
44913  44.926  32.584  7.570 0.2972188592
44914  45.047  32.871  7.163 0.2638936639
44915  45.681  32.420  7.277 0.2852947116
44916  46.498  32.229  6.947 0.2610395551
46672  35.594  33.947  12.412 0.2878055871
46673  35.845  33.341  12.627 0.3212100863
46674  35.617  33.646  13.206 0.3172349036
46675  37.930  33.176  18.074 0.4150186777
46676  37.602  32.768  17.527 0.4263173938
46677  38.352  32.822  18.159 0.4286419749
46678  38.759  32.482  18.232 0.4379833043
46679  39.173  32.906  18.789 0.4265988171
46681  40.788  35.249  21.469 0.2675487399
46682  41.555  35.018  21.895 0.2564677298
46683  45.538  32.621  22.406 0.2927463949
46684  44.649  32.816  22.003 0.3049909770
46685  45.003  32.387  21.961 0.3236334324
46686  44.432  32.171  21.523 0.3475722075
46687  45.329  32.026  21.984 0.3354965150
46688  45.596  31.643  22.057 0.3267279267
46689  46.224  31.834  22.415 0.3025053740
46715  35.357  34.710  12.415 0.2535282373
46716  35.545  34.350  11.852 0.2575089335
47370  45.621  17.239  19.443 0.3460994959
47371  46.222  16.941  19.552 0.3239718378
47372  45.691  16.554  19.800 0.3444211483
47373  46.201  12.086  20.140 0.3402981162
47374  46.704  12.433  20.195 0.3157374263
47375  46.630  11.884  19.481 0.3118887246
47376  46.942  11.782  18.765 0.2720446587
47377  46.543  11.435  18.732 0.2967233360
47378  43.368  9.271  19.805 0.3439467847
47379  43.600  9.621  19.801 0.3468052745
47380  43.816  9.038  19.267 0.3268197179
48705  49.170  29.635  9.332 0.2624617815
48719  50.055  24.574  19.189 0.2846136093
48720  38.436  30.773  13.747 0.4719148278
48721  38.990  30.709  13.365 0.4773975015
48722  38.872  30.398  13.906 0.4935266078
48723  40.787  27.911  15.679 0.4818111956
48724  40.999  28.169  15.115 0.4861303568
48725  41.360  27.866  15.372 0.4810205400
48726  41.978  27.832  15.054 0.4700509906
48727  41.721  27.582  15.630 0.4657573700
48728  41.894  27.727  20.982 0.4414405525
48729  41.588  27.753  20.280 0.4460797310
48730  41.737  27.399  20.459 0.4420394897
48731  44.042  25.949  19.147 0.4342584610
48732  43.641  26.037  18.568 0.4389683604
48733  44.243  25.983  18.481 0.4362675250
48734  44.476  26.052  17.871 0.4294741154
48735  44.913  25.957  18.418 0.4248093367
48736  45.630  25.945  18.321 0.4091160893
48737  45.332  25.866  19.007 0.4159174562
48738  45.290  22.400  19.266 0.4185129404
48739  45.994  22.795  19.393 0.4128716588
48740  45.835  22.190  19.187 0.4079950452
48741  46.391  22.030  19.052 0.3954705000
48742  45.695  21.590  18.995 0.4012792408
48743  45.600  21.006  18.821 0.3884252012
48744  45.054  21.229  18.983 0.4008304477
48745  40.942  19.246  19.704 0.4297003150
48746  41.540  18.960  19.576 0.4257885218
48747  40.966  18.605  19.771 0.4279408455
48748  41.047  17.980  19.827 0.4289091825
48749  40.506  18.262  19.944 0.4327867031
48750  37.765  21.495  22.389 0.4077658951
48751  37.889  21.251  21.832 0.4132249951
48752  37.544  20.821  22.132 0.4064724743
48753  36.914  16.420  21.860 0.4007140100
48754  37.276  16.821  21.534 0.4097641706
48755  37.334  16.207  21.600 0.4049027562
48756  37.812  15.950  21.362 0.4075876772
48757  37.481  15.600  21.625 0.3985702693
48758  37.646  14.909  21.810 0.3898072541
48759  37.178  15.138  21.956 0.3870802224
48760  35.041  12.070  23.908 0.3375939727
48761  35.464  11.915  23.617 0.3316242695
48762  35.178  11.302  23.877 0.3249990642
48763  35.362  10.560  23.810 0.3084959388
48764  34.900  10.675  24.128 0.3144653440
50576  32.983  14.004  28.210 0.2873241603
50577  33.272  14.678  28.231 0.2509421110
50578  33.190  14.353  27.751 0.3013249040
50579  33.443  14.722  27.316 0.2993448377
50580  33.189  14.096  27.238 0.3353210092
50581  33.227  13.897  26.705 0.3445656896
50582  33.004  13.414  27.137 0.3467076123
50583  32.957  8.363  26.970 0.3331328034
50584  33.039  8.840  26.574 0.3334723711
50585  33.267  8.130  26.478 0.3237305284
50586  33.640  7.905  26.009 0.3041914105
50587  33.568  7.403  26.404 0.3039380312
50640  34.235  7.391  34.351 0.2562390864
50641  38.554  1.418  34.138 0.3126423359
50642  37.804  1.967  34.285 0.3606283069
50643  38.028  1.745  33.852 0.3177868426
50644  35.278  3.562  31.246 0.3771176338
50645  35.052  3.788  31.807 0.3949661851
50646  34.631  4.118  31.304 0.4087989330
50647  34.031  4.798  31.371 0.4190334678
50648  34.221  4.498  30.821 0.4014151394
50649  33.887  4.886  30.293 0.3941726685
50650  34.474  4.223  30.266 0.3839949369
54030  38.015  8.821  22.483 0.2762517035
54031  38.640  8.609  22.202 0.2926407754
54032  38.452  8.124  22.394 0.2725268900
54033  39.480  6.311  22.433 0.2657256722
54034  39.555  6.781  22.139 0.2790153623
54035  40.106  6.169  22.097 0.2821457088
54036  40.830  5.998  21.729 0.2743228674
54037  40.803  5.581  22.039 0.2609809935
54038  41.439  5.140  22.020 0.2549779117
54039  40.717  5.292  22.330 0.2629138827
54472  43.436  32.821  8.485 0.3258594275
54473  43.860  32.486  8.662 0.3499085903
54474  43.189  32.684  8.917 0.3525278866
54475  42.007  32.192  10.301 0.4251096249
54476  42.719  32.187  9.980 0.4170092344
54477  42.488  31.943  10.610 0.4494917095
54478  42.989  31.656  10.917 0.4635369778
54479  42.318  31.566  11.161 0.4716707468
54481  44.189  27.201  25.405 0.2559345365
54486  42.126  25.149  25.543 0.2848446965
54487  41.906  24.580  25.931 0.2510696054
54488  41.333  24.158  25.813 0.2737628818
54513  42.062  33.318  8.575 0.2984709740
54514  42.138  33.538  8.183 0.2744751573
54515  42.841  33.216  8.384 0.3044983149
54516  43.557  32.985  8.131 0.3020881712
56272  35.665  35.382  14.902 0.2784991562
56273  35.696  34.747  15.117 0.3112059832
56274  35.872  35.101  15.765 0.3094993532
56275  36.840  34.917  17.716 0.3430351317
56276  36.526  34.555  17.203 0.3535897732
56277  36.987  34.407  17.816 0.3756656647
56278  37.296  33.942  17.949 0.3887930512
56279  37.626  34.283  18.477 0.3781603575
56970  43.573  15.783  20.278 0.3996308148
56971  44.198  15.526  20.477 0.3850785792
56972  43.720  15.163  20.572 0.3960612416
56973  43.621  13.456  20.965 0.4185663164
56974  44.052  13.880  20.982 0.4013587236
56975  44.277  13.122  20.977 0.4040276408
56976  44.972  12.765  20.897 0.3827350140
56977  44.539  12.342  20.856 0.4000614285
56979  44.685  7.074  17.979 0.2511301339
58305  47.933  28.683  11.389 0.3572487831
58306  48.553  28.457  11.228 0.2835369408
58307  48.285  28.188  11.694 0.3146281540
58308  48.818  27.095  13.226 0.2810469270
58315  48.548  26.211  15.749 0.3030282557
58316  49.309  26.140  15.808 0.2551293373
58317  49.010  25.951  16.371 0.2747526169
58318  49.493  25.740  17.035 0.2656723857
58319  48.814  25.889  16.988 0.3138010204
58320  38.587  30.123  16.500 0.4879994094
58321  38.700  29.799  15.927 0.4902865887
58322  38.900  29.753  16.607 0.4902229905
58323  39.663  28.988  17.583 0.4844479561
58324  39.420  28.997  16.892 0.4878924191
58325  39.695  28.601  17.016 0.4866643250
58326  39.962  28.314  16.483 0.4850759506
58327  40.005  28.241  17.203 0.4816225171
58328  42.000  25.818  21.192 0.4427450299
58329  42.209  26.072  20.835 0.4421751201
58330  42.250  25.598  20.850 0.4439753592
58331  43.136  24.672  20.371 0.4483907223
58332  43.069  25.178  20.421 0.4465209842
58333  43.524  25.055  20.295 0.4477927685
58334  43.790  25.481  20.090 0.4432564378
58335  44.049  24.993  20.234 0.4451417923
58336  44.552  24.881  20.170 0.4410271943
58337  44.151  24.411  20.147 0.4455325305
58338  43.197  22.922  19.735 0.4433860183
58339  43.882  23.294  19.775 0.4413272142
58340  43.725  22.789  19.568 0.4392196536
58341  44.178  22.687  19.416 0.4323346317
58342  43.469  22.281  19.393 0.4343999028
58343  43.448  21.787  19.229 0.4298795462
58344  42.886  21.926  19.403 0.4368016422
58345  41.106  21.530  19.850 0.4366569519
58346  41.640  21.241  19.635 0.4337134957
58347  41.039  21.011  19.737 0.4321777821
58348  41.002  20.452  19.642 0.4313420951
58349  40.474  20.704  19.859 0.4342761040
58350  36.526  19.635  23.564 0.3875474334
58351  36.546  19.483  23.065 0.3955751359
58352  36.265  18.995  23.313 0.3911323249
58353  35.867  17.189  23.269 0.3927959204
58354  36.095  17.637  22.954 0.3975276947
58355  36.079  16.972  22.822 0.4007665515
58356  36.320  16.767  22.416 0.4007399678
58357  36.036  16.327  22.745 0.3959208429
58358  36.029  15.699  22.730 0.3863006830
58359  35.748  15.878  23.079 0.3862504959
58360  34.860  14.926  23.988 0.3759004474
58361  35.131  14.789  23.620 0.3729354739
58362  34.801  14.217  23.932 0.3662393689
58363  34.824  13.500  23.927 0.3566679358
58364  34.512  13.655  24.254 0.3597311378
60176  32.666  12.481  29.848 0.2652884126
60178  32.639  12.852  29.413 0.2813214064
60179  32.718  13.267  28.991 0.2834252715
60180  32.540  12.497  28.900 0.3314525187
60181  32.500  12.116  28.379 0.3398922682
60182  32.424  11.698  28.806 0.3380325437
60183  32.352  9.733  29.049 0.3870714307
60184  32.334  10.144  28.632 0.3760822415
60185  32.370  9.376  28.524 0.3951217234
60186  32.452  8.996  28.017 0.3745708764
60187  32.458  8.574  28.471 0.3855405152
60246  37.666  2.222  31.063 0.2686600685
60247  36.762  2.592  31.163 0.3048024178
60248  37.139  2.483  30.619 0.2827628553
60249  36.702  2.772  30.139 0.2830894589
64170  40.202  12.766  21.400 0.3954082429
64171  40.817  12.455  21.279 0.4018303156
64172  40.503  12.044  21.407 0.3853878975
64173  41.031  10.185  21.267 0.3582915366
64174  41.242  10.651  21.189 0.3715190291
64175  41.649  9.981  20.987 0.3647003770
64176  42.283  9.734  20.680 0.3578520119
64177  42.022  9.303  20.695 0.3446217775
64178  39.995  8.240  21.503 0.3252944350
64179  40.259  8.765  21.462 0.3328186274
64180  40.668  8.051  21.167 0.3291084170
64181  42.428  6.927  20.299 0.2955943048
64182  41.970  7.656  20.474 0.3117356896
64183  42.588  7.430  20.158 0.3030501008
64184  42.765  7.948  20.029 0.3122409582
64185  43.151  7.208  19.743 0.2961042523
64186  43.674  7.028  19.260 0.2793610990
64187  43.556  6.537  19.452 0.2703062892
65500  47.778  31.219  8.431 0.3605514169
65501  48.466  31.014  8.148 0.3239859939
65502  48.166  30.879  8.678 0.3705855310
65503  48.520  30.506  8.886 0.3347869515
65504  47.894  30.754  9.220 0.3711190224
65505  44.765  31.808  9.287 0.3982822299
65506  45.450  31.636  9.051 0.3936799169
65507  45.201  31.503  9.627 0.4202939272
65508  45.903  30.782  10.661 0.4576155245
65509  46.156  30.978  10.211 0.4422667921
65510  46.574  30.609  10.454 0.4531640410
65511  47.255  30.391  10.213 0.4017435312
65512  46.938  30.135  10.695 0.4169245362
65513  47.235  29.637  10.898 0.3972143829
65514  46.598  29.877  11.139 0.4487555623
65515  45.457  29.207  12.363 0.4626998603
65516  46.068  29.198  12.089 0.4450668395
65517  45.786  28.761  12.607 0.4430642128
65518  46.074  28.318  12.890 0.4232981205
65519  45.461  28.314  13.143 0.4411414564
65520  43.288  30.033  21.310 0.4188392758
65521  42.597  29.784  21.029 0.4314446449
65522  43.354  29.637  21.525 0.4158720374
65523  43.700  28.520  22.437 0.4023151398
65524  43.397  28.794  21.969 0.4152405858
65525  43.240  28.434  22.122 0.4149077535
65526  42.753  28.226  21.778 0.4237607419
65527  43.016  27.951  22.233 0.4108292162
65528  43.399  27.040  24.551 0.3346742690
65529  43.576  27.442  23.949 0.3485386074
65530  43.122  26.963  24.086 0.3610889614
65531  42.141  26.324  23.150 0.3994917870
65532  42.555  26.775  23.158 0.3959015012
65533  42.317  26.655  22.762 0.4132190645
65534  42.441  26.957  22.391 0.4183266461
65535  42.148  26.499  22.397 0.4220559597
65536  42.023  26.314  22.007 0.4289302230
65537  41.833  25.979  22.311 0.4238220453
65538  40.809  24.796  22.286 0.4316162467
65539  41.100  25.011  21.932 0.4336112142
65540  40.795  24.544  21.793 0.4385386705
65541  40.829  24.288  21.329 0.4415649176
65542  40.420  24.107  21.612 0.4395606518
65543  40.031  23.627  21.509 0.4374141097
65544  40.025  23.831  22.014 0.4344244599
65545  39.361  23.460  23.382 0.4032799006
65546  39.254  23.349  22.826 0.4123223424
65547  38.910  23.072  23.147 0.4012432098
65548  38.463  22.646  22.915 0.4034107327
65549  38.578  22.704  23.492 0.3944644928
65550  40.247  23.451  25.456 0.3183110952
65551  40.003  23.528  24.957 0.3406826258
65552  39.742  23.060  25.272 0.3257528841
65553  38.387  21.802  25.020 0.3458900452
65554  38.650  22.225  24.788 0.3540558517
65555  38.159  21.806  24.531 0.3681865335
65556  37.994  21.777  24.043 0.3783753812
65557  37.695  21.348  24.283 0.3703323007
65558  37.263  20.845  24.051 0.3760820627
65559  37.399  20.858  24.549 0.3657639027
65560  36.984  19.930  25.524 0.3179506063
65561  36.820  19.910  25.049 0.3377833962
65562  36.563  19.403  25.253 0.3237712383
65563  36.195  18.832  24.967 0.3411618471
65564  36.246  18.887  25.414 0.3215147853
67429  40.039  0.847  37.209 0.3005435169
67430  39.771  1.177  37.643 0.2733894587
67431  39.404  1.405  37.289 0.3104850650
67432  38.778  2.125  37.425 0.2894448638
67433  38.975  1.732  36.972 0.3165085614
67434  38.570  2.024  36.655 0.3427572250
67435  39.195  1.367  36.523 0.3636902571
67436  40.455  0.357  35.508 0.2878096104
67437  39.706  0.779  35.691 0.3301990628
67438  40.006  0.621  35.200 0.3134059012
67439  39.544  0.861  34.883 0.3130879998
67440  40.330  0.504  34.748 0.2704962492
70897  37.536  33.146  10.515 0.3122476339
70898  38.030  32.754  10.816 0.3433601260
70899  37.312  32.782  11.177 0.3303686976
70900  36.613  32.288  13.030 0.3876891732
70901  37.074  32.108  12.519 0.3892183006
70902  37.043  31.809  13.213 0.4188505709
70903  37.503  31.428  13.360 0.4364748895
70904  37.022  31.582  13.883 0.4349217117
70905  35.906  33.453  15.391 0.3767211437
70906  35.920  33.147  14.788 0.3793281615
70907  36.156  32.939  15.500 0.4100688994
70908  37.193  31.944  16.504 0.4489393830
70909  36.792  31.987  15.813 0.4376227856
70910  37.142  31.568  15.930 0.4512825012
70911  37.214  31.236  15.336 0.4575701952
70912  37.501  31.200  16.095 0.4689864516
70913  37.886  30.842  16.231 0.4753251076
70914  37.960  31.233  16.774 0.4689268172
70915  39.521  31.723  18.419 0.4566275477
70916  39.147  31.320  17.972 0.4648646414
70917  39.825  31.302  18.561 0.4629098773
70918  40.121  30.967  18.686 0.4656998515
70919  40.583  31.347  19.057 0.4573272169
70920  38.367  36.502  19.604 0.2717956305
70921  37.961  36.101  19.164 0.2928153574
70922  38.568  35.879  19.807 0.3015113771
70923  40.046  34.690  20.678 0.3079266250
70924  39.227  34.832  20.157 0.3199157119
70925  39.664  34.388  20.233 0.3291232288
70926  39.258  34.060  19.758 0.3541950583
70927  40.129  33.997  20.279 0.3422182202
70929  42.578  34.122  21.974 0.2570078373
70930  43.164  33.782  22.029 0.2570312023
70931  42.809  33.069  21.106 0.3291557133
70932  42.315  33.398  21.166 0.3184554875
70933  41.846  33.150  20.670 0.3491654098
70934  40.964  33.306  20.248 0.3635603786
70935  41.384  32.966  20.166 0.3742457926
70936  40.922  32.751  19.673 0.3979994655
70937  41.790  32.622  20.117 0.3836203218
70938  43.225  31.738  20.700 0.3952767849
70939  42.409  31.893  20.226 0.4071507454
70940  42.659  31.494  20.389 0.4188466966
70941  42.070  31.196  20.052 0.4335584641
70942  42.904  31.107  20.605 0.4216880202
70943  43.100  30.725  20.869 0.4207015634
70944  43.673  30.989  21.112 0.4061809480
70945  45.846  30.733  22.371 0.3092361093
70946  45.185  30.590  22.108 0.3409668803
70947  45.829  30.278  22.642 0.3083422184
70948  45.702  29.799  22.903 0.3132454455
70949  46.211  29.894  23.203 0.2818084657
71028  36.329  33.845  10.811 0.2649548650
71030  36.840  33.648  10.393 0.2753030360
71031  37.551  33.539  10.071 0.2882960439
72990  47.669  18.970  18.652 0.2777778208
72992  47.839  18.167  18.978 0.2542150617
72993  47.460  16.401  19.982 0.2796969414
72994  47.979  16.770  19.816 0.2512225509
72997  48.297  15.504  20.573 0.2539902031
72998  45.458  15.039  20.743 0.3559157252
72999  45.934  15.390  20.600 0.3373955488
73000  46.117  14.809  20.889 0.3336510658
73001  47.618  13.281  20.314 0.2672315240
73002  47.459  14.083  20.749 0.2770675719
73013  42.081  11.835  20.983 0.4145745337
73014  42.440  12.223  20.928 0.4187690616
73015  42.727  11.495  20.876 0.4085468352
73016  44.188  10.331  19.848 0.3527084589
73017  44.021  10.897  20.352 0.3741081655
73018  44.543  10.636  19.869 0.3568971753
73019  44.896  10.999  19.894 0.3569589555
73020  44.983  10.481  19.245 0.3358103037
73021  44.852  7.910  17.552 0.2612544000
73022  44.620  8.573  17.994 0.2849782407
73023  45.033  8.338  17.455 0.2642613947
73027  45.776  10.137  17.884 0.2579542398
77039  49.867  22.085  18.642 0.2711392641
77040  39.006  32.064  11.478 0.4055801034
77041  39.776  32.142  11.224 0.4138919711
77042  39.552  31.757  11.736 0.4321407378
77043  40.242  30.720  12.691 0.4881387353
77044  40.525  31.117  12.166 0.4749868512
77045  40.941  30.713  12.424 0.4964992702
77046  41.725  30.821  12.169 0.4975903034
77047  41.358  30.348  12.601 0.5106443763
77048  39.461  29.411  14.830 0.4948240221
77049  39.645  29.677  14.224 0.4979540706
77050  39.959  29.287  14.394 0.5001981854
77051  41.552  28.810  13.970 0.4947440028
77052  41.180  29.131  13.783 0.4986587465
77053  41.851  29.104  13.448 0.4979074001
77054  42.163  29.500  13.023 0.5028298497
77055  42.591  29.104  13.214 0.4988080263
77056  43.328  29.105  13.026 0.4905920625
77057  42.960  28.731  13.497 0.4856334031
77058  43.387  27.739  14.530 0.4482035041
77059  43.710  28.015  14.053 0.4551203549
77060  44.125  27.672  14.337 0.4399824440
77061  44.871  27.615  14.174 0.4270137548
77062  44.564  27.336  14.654 0.4201309383
77063  41.578  29.233  20.298 0.4565230310
77064  40.959  29.228  19.691 0.4639645219
77065  41.040  28.847  19.822 0.4609357119
77066  40.941  27.712  18.918 0.4552471340
77067  40.651  28.001  18.778 0.4621171951
77068  40.719  27.663  18.210 0.4627315402
77069  40.645  27.645  17.553 0.4679434896
77070  41.001  27.367  17.750 0.4611063600
77071  42.252  26.434  19.749 0.4409731925
77072  41.894  26.744  19.515 0.4443850219
77073  42.226  26.484  19.142 0.4455766082
77074  42.774  26.337  17.683 0.4484105408
77075  42.225  26.494  17.909 0.4497619271
77076  42.345  26.609  17.308 0.4518621564
77077  41.886  26.899  17.008 0.4583839178
77078  42.430  26.766  16.742 0.4570542574
77079  42.565  26.963  16.189 0.4525748193
77080  43.046  26.680  16.537 0.4460561574
77081  45.013  26.278  16.545 0.4159940183
77082  44.526  26.581  16.099 0.4230812192
77083  45.246  26.504  15.976 0.4115904868
77084  45.473  26.732  15.416 0.4058658779
77085  45.976  26.429  15.852 0.3988069296
77086  46.622  26.373  15.819 0.3782389164
77087  46.389  26.198  16.427 0.3841182888
77088  47.090  25.930  18.255 0.3775919080
77089  47.284  25.968  17.595 0.3661226332
77090  47.709  25.914  18.245 0.3572234511
77091  48.372  25.787  18.301 0.3369803429
77092  48.092  25.745  18.881 0.3484447598
77093  45.683  24.711  20.102 0.4327632785
77094  46.148  25.248  19.975 0.4166434705
77095  46.244  24.621  20.010 0.4170610309
77096  47.395  23.770  19.663 0.4014344215
77097  47.406  24.481  19.864 0.3958615065
77098  48.009  24.346  19.744 0.3852314353
77099  48.565  24.824  19.582 0.3593850136
77100  48.570  24.134  19.552 0.3650103509
77101  49.055  23.868  19.382 0.3362407088
77102  48.452  23.415  19.351 0.3617868423
77103  47.430  21.766  18.701 0.3706347048
77104  48.079  22.122  18.813 0.3486358225
77105  47.919  21.548  18.521 0.3419885337
77106  48.438  21.280  18.428 0.3151651025
77107  47.767  20.949  18.292 0.3373134732
77108  47.723  20.296  18.286 0.3174363971
77109  47.136  20.519  18.299 0.3442479670
77110  45.447  19.788  18.620 0.3625833094
77111  46.000  19.588  18.494 0.3431970477
77112  45.467  19.126  18.709 0.3429405093
77113  45.539  18.461  18.892 0.3438909650
77114  44.958  18.714  18.888 0.3633093238
77115  43.310  20.688  19.131 0.4208734035
77116  43.836  20.481  19.040 0.4056001306
77117  43.235  20.092  19.099 0.4080774486
77118  42.707  18.461  19.386 0.4179793894
77119  43.273  18.793  19.186 0.4044416845
77120  43.318  18.194  19.324 0.4027038515
77121  43.905  17.933  19.317 0.3902188540
77122  43.371  17.590  19.486 0.4037528634
77123  43.419  16.960  19.728 0.4023378789
77124  42.828  17.220  19.675 0.4148122966
77125  41.223  16.673  20.085 0.4308782518
77126  41.813  16.446  20.082 0.4246143699
77127  41.335  16.094  20.293 0.4295184612
77128  41.437  15.503  20.501 0.4317764044
77129  40.842  15.739  20.519 0.4380867481
77130  39.467  22.638  21.254 0.4332261980
77131  39.779  22.338  20.818 0.4349782765
77132  39.264  22.108  21.033 0.4298352599
77133  38.454  20.657  20.859 0.4240625501
77134  38.975  20.962  20.618 0.4271687865
77135  38.878  20.366  20.502 0.4258286953
77136  39.355  20.084  20.224 0.4281011820
77137  38.816  19.736  20.443 0.4250238836
77138  36.893  19.111  22.044 0.4116516113
77139  37.258  19.495  21.743 0.4135798514
77140  37.180  18.828  21.605 0.4171153307
77141  38.039  17.658  20.945 0.4279001951
77142  37.970  18.338  20.910 0.4255880117
77143  38.432  18.066  20.661 0.4298101664
77144  38.897  18.431  20.429 0.4297364652
77145  38.945  17.768  20.506 0.4320625663
77146  39.484  17.472  20.350 0.4329970777
77147  39.028  17.092  20.616 0.4330703914
77148  38.845  15.461  21.133 0.4130251110
77149  39.234  15.810  20.869 0.4202896655
77150  39.368  15.212  21.043 0.4139744043
77151  39.960  14.990  20.952 0.4235602915
77152  39.534  14.612  21.213 0.4162136018
77153  39.732  13.999  21.349 0.4093341827
77154  39.183  14.233  21.439 0.3997190297
77155  38.068  13.593  22.031 0.3722941875
77156  38.573  13.366  21.912 0.3768060505
77157  38.313  12.892  22.131 0.3653658330
77158  38.610  12.196  22.097 0.3592534065
77159  38.067  12.379  22.311 0.3547023237
77160  36.198  14.341  22.770 0.3669160903
77161  36.608  14.186  22.568 0.3678304851
77162  36.323  13.664  22.803 0.3582551479
77163  36.358  11.622  23.078 0.3194329739
77164  36.697  12.200  22.889 0.3329335451
77165  36.896  11.464  22.844 0.3203335404
77166  37.496  11.311  22.624 0.3277520537
77167  37.171  10.721  22.740 0.3142175674
77168  37.412  10.045  22.662 0.3015421033
77169  36.866  10.158  22.918 0.2941648662
77170  35.936  9.167  23.639 0.2755670547
77171  36.443  9.099  23.348 0.2733596563
77172  36.268  8.536  23.600 0.2629182339
82593  36.163  18.370  26.668 0.2739816308
82594  36.442  18.789  26.477 0.2758877873
82595  35.925  18.260  26.251 0.2990715802
82596  35.718  18.090  25.821 0.3180212379
82597  35.439  17.660  26.042 0.3162618279
82616  34.022  15.473  26.546 0.2950242162
82617  34.405  16.117  26.645 0.2870035470
82618  34.326  15.927  26.199 0.3210722804
82619  34.618  16.382  25.823 0.3321543038
82620  34.322  15.745  25.721 0.3399472833
82621  34.330  15.524  25.263 0.3500712514
82622  34.076  15.105  25.577 0.3390167952
82623  33.470  13.303  25.792 0.3631448746
82624  33.718  13.791  25.393 0.3617869616
82625  33.678  13.064  25.344 0.3731176555
82626  33.965  12.819  24.925 0.3622587621
82627  33.700  12.332  25.286 0.3635212183
82628  32.593  11.480  27.361 0.3559742570
82629  32.770  11.948  26.942 0.3591010571
82630  32.736  11.172  26.862 0.3652078211
82631  33.358  9.813  25.836 0.3340320289
82632  33.223  10.619  25.935 0.3464541435
82633  33.573  10.323  25.508 0.3371950984
82634  33.819  10.797  25.172 0.3386812210
82635  33.961  10.078  25.112 0.3262627125
82636  34.422  9.790  24.673 0.3114494681
82637  34.184  9.355  24.985 0.3098635972
82638  34.656  7.419  25.179 0.2650863528
82639  34.792  7.919  24.866 0.2701166868
82640  35.192  7.263  24.812 0.2502768636
82800  33.293  9.082  32.486 0.2646584213
82801  37.786  2.735  36.034 0.3941879570
82802  37.173  3.472  36.181 0.3353666067
82803  37.323  3.083  35.682 0.3822707832
82804  36.409  3.350  34.600 0.4573701024
82805  36.283  3.778  35.093 0.3928551674
82806  35.809  4.116  34.795 0.3987434506
82807  35.325  4.868  34.995 0.3467712402
82808  35.354  4.445  34.514 0.4112901688
82809  37.137  2.180  32.814 0.3186901212
82810  36.887  2.351  33.265 0.3505371213
82811  36.389  2.696  32.985 0.3668370843
82812  34.733  4.358  32.932 0.4302848279
82813  35.141  3.981  33.308 0.4303838611
82814  34.625  4.758  33.428 0.4618543983
82815  34.554  5.203  33.908 0.4106292427
82816  34.200  5.582  33.523 0.4104488492
82817  33.961  6.462  33.524 0.3588523269
82818  33.904  5.979  33.050 0.4100508690
82819  33.216  6.395  31.407 0.4390633106
82820  33.259  6.845  31.986 0.3950424492
82821  32.970  7.300  31.479 0.3875609338
82822  32.847  8.253  31.467 0.3537355065
82823  32.750  7.772  30.970 0.3978701532
82824  32.575  8.273  30.464 0.3913627267
82825  32.726  7.294  30.449 0.4252515137
82826  33.365  5.762  29.293 0.3799521029
82827  32.932  6.606  29.365 0.3909065127
82828  33.198  6.287  28.784 0.3735251129
82829  33.039  6.797  28.318 0.3637687564
82830  33.498  6.022  28.231 0.3529498577
82831  35.874  3.344  29.089 0.2831904590
82832  35.105  3.800  29.150 0.3121203184
82833  35.571  3.634  28.559 0.2761794925
82835  35.032  4.422  27.548 0.2646958828
82836  34.856  4.891  27.116 0.2594431043
82837  34.259  5.492  27.183 0.2839049399
82839  34.619  5.860  26.277 0.2545399368
92323  38.334  7.624  22.621 0.2593531907
92326  39.515  5.847  22.679 0.2515175343
92327  40.013  5.395  22.632 0.2528935969
92587  42.005  33.054  8.962 0.3338373303
92588  42.489  32.759  9.207 0.3606274128
92589  41.768  32.764  9.462 0.3662259579
92590  41.513  32.447  10.041 0.3985943794
92591  41.325  32.157  10.611 0.4308776259
92612  40.606  33.680  8.526 0.2741938829
92613  41.308  33.354  8.773 0.3040762246
93667  36.185  36.043  16.098 0.2690780759
93668  36.101  35.412  16.332 0.2987637520
93669  36.422  35.769  16.853 0.2911758125
93670  36.752  35.509  17.558 0.3131697476
93671  37.165  35.270  18.212 0.3352326155
94086  42.572  15.073  20.601 0.4191909134
94087  43.243  14.797  20.680 0.4132941663
94088  42.751  14.449  20.807 0.4218927026
94089  42.973  13.757  20.929 0.4244936109
94090  43.210  13.114  20.973 0.4271426499
94887  47.338  28.161  12.358 0.3873003125
94888  48.008  27.956  12.226 0.3533169329
94889  47.701  27.658  12.813 0.3513774872
94890  48.118  27.203  13.317 0.3148698807
94891  48.576  26.828  13.857 0.2787889838
94892  49.033  26.540  14.455 0.2643948197
94893  48.309  26.648  14.495 0.2984440923
94894  48.080  26.476  15.146 0.3178752959
94895  47.865  26.288  15.739 0.3373710811
94896  39.371  30.150  17.825 0.4823790789
94897  39.213  29.757  17.308 0.4867820740
94898  39.619  29.767  18.023 0.4811724722
94899  39.783  29.373  18.109 0.4799939394
94900  39.985  29.056  18.313 0.4788798392
94901  41.750  24.767  20.922 0.4455811977
94902  42.196  25.084  20.785 0.4458329082
94903  42.089  24.503  20.643 0.4468671978
94904  42.526  24.299  20.427 0.4481521547
94905  43.056  24.118  20.239 0.4494251311
94906  43.566  23.991  20.092 0.4475643039
94907  42.866  23.622  20.094 0.4473419189
94908  42.658  23.108  19.925 0.4452428818
94909  42.471  22.580  19.743 0.4431346357
94910  42.346  22.082  19.577 0.4397389591
94911  41.886  22.311  19.810 0.4415961504
94912  41.272  22.047  19.926 0.4400294721
94913  40.632  21.781  20.109 0.4384818971
94914  36.080  18.613  24.058 0.3805570304
94915  36.102  18.480  23.588 0.3863290250
94916  35.893  17.951  23.823 0.3838706613
94917  35.736  17.330  23.691 0.3870610595
94918  35.552  16.685  23.520 0.3902923763
94919  35.483  16.031  23.392 0.3892947733
94920  35.226  16.157  23.778 0.3836358786
94921  34.952  15.616  24.080 0.3769274354
94922  34.603  15.001  24.352 0.3702273071
96011  32.706  12.085  30.249 0.2570163608
96012  32.514  11.679  29.724 0.3210546970
96013  32.406  11.254  29.214 0.3490135670
96014  32.404  10.885  29.672 0.3402595520
96015  32.367  10.085  29.600 0.3595242500
96016  32.381  9.336  29.526 0.3784337044
98406  39.648  11.899  21.710 0.3683226109
98407  40.272  11.608  21.496 0.3720446229
98408  40.006  11.163  21.610 0.3614014089
98409  40.378  10.437  21.505 0.3544810712
98410  40.746  9.742  21.359 0.3476486206
98411  40.977  6.887  21.169 0.3006296456
98412  41.132  7.338  20.969 0.3130257726
98413  41.643  6.677  20.845 0.2918298841
98414  42.304  6.477  20.526 0.2832041681
98415  42.896  6.275  20.166 0.2743364871
98416  43.448  6.104  19.756 0.2638973892
98417  43.388  5.641  20.086 0.2513274252
99203  48.407  31.396  7.240 0.2675611377
99204  47.651  31.594  7.449 0.2917970419
99205  47.328  31.457  8.018 0.3383629918
99206  47.007  31.381  8.636 0.3848273456
99207  44.331  31.509  10.432 0.4470779896
99208  45.005  31.391  10.170 0.4356988966
99209  44.837  31.254  10.673 0.4579175711
99210  45.259  30.909  10.916 0.4689091444
99211  45.631  30.479  11.153 0.4797664285
99212  46.005  30.002  11.411 0.4665953517
99213  45.388  30.108  11.663 0.4778777957
99214  45.082  29.682  12.150 0.4760547280
99215  44.782  29.201  12.588 0.4741028547
99216  44.531  29.548  22.310 0.3767494261
99217  43.981  29.429  22.018 0.4029706419
99218  44.475  29.131  22.530 0.3764117956
99219  44.165  28.652  22.743 0.3761883378
99220  43.824  28.188  22.907 0.3758497238
99221  42.470  26.119  24.659 0.3511226475
99222  42.670  26.573  24.124 0.3648071885
99223  42.198  26.066  24.151 0.3685843945
99224  41.929  25.978  23.612 0.3860374689
99225  41.738  25.864  23.057 0.4035002887
99226  41.591  25.677  22.603 0.4218021631
99227  41.300  25.399  22.957 0.4083642066
99228  40.881  24.965  22.827 0.4132153094
99229  40.490  24.558  22.669 0.4180576801
99230  40.068  24.058  22.567 0.4254701138
99231  40.166  24.235  23.123 0.4071039855
99232  39.835  23.868  23.588 0.3959946930
99233  39.548  23.528  23.927 0.3850720823
99234  39.711  22.478  25.944 0.2918040454
99235  39.450  22.570  25.524 0.3177428246
99236  39.192  22.137  25.741 0.3061428666
99237  38.654  21.772  25.508 0.3203523457
99238  38.101  21.347  25.258 0.3343220651
99239  37.573  20.870  25.031 0.3462159634
99240  37.805  20.868  25.546 0.3204486370
99241  37.497  20.435  25.774 0.3064117730
99242  37.194  19.942  25.941 0.2923775613
99275  43.794  33.425  7.455 0.2546720803
100364  40.302  0.530  36.751 0.2525855899
100365  39.886  0.753  36.430 0.3206028044
102442  36.335  33.435  11.326 0.2952058911
102443  36.697  32.898  11.607 0.3286349773
102444  36.222  33.104  12.086 0.3249235749
102445  36.211  32.804  12.837 0.3543478847
102446  36.244  32.555  13.577 0.3840103447
102447  36.719  33.206  16.816 0.4102701247
102448  36.512  32.788  16.221 0.4216322005
102449  36.998  32.758  16.898 0.4239903092
102450  37.298  32.339  17.035 0.4375739694
102451  37.688  31.969  17.148 0.4512676597
102452  38.120  31.632  17.258 0.4606081247
102453  38.399  32.061  17.707 0.4493112564
102454  39.148  32.121  18.316 0.4471989870
102455  39.938  32.129  18.843 0.4451647103
102456  39.654  35.998  20.808 0.2692500353
102457  39.280  35.683  20.428 0.2895216644
102458  40.030  35.481  20.967 0.2784491181
102459  40.455  34.992  21.106 0.2878186405
102460  40.896  34.533  21.207 0.2968550920
102461  44.630  33.284  22.459 0.2558553219
102462  43.709  33.462  22.022 0.2677161694
102463  44.214  33.156  22.008 0.2862784863
102464  43.774  32.975  21.546 0.3170303404
102465  43.282  32.740  21.047 0.3477580547
102466  42.698  32.509  20.566 0.3717232049
102467  43.644  32.363  21.037 0.3596303165
102468  43.836  31.961  21.082 0.3715252578
102469  44.099  31.601  21.206 0.3831997812
102470  44.327  31.232  21.393 0.3742454946
102471  44.978  31.452  21.753 0.3504915535
102472  45.777  31.230  22.182 0.3178988993
102473  46.412  30.886  22.734 0.2852859795
102522  35.873  34.064  11.305 0.2610306144
103698  46.635  18.022  18.981 0.3049610853
103699  47.258  17.732  19.143 0.2829435766
103700  46.744  17.331  19.320 0.3034032285
103701  46.836  16.675  19.730 0.3017196953
103702  46.933  16.049  20.211 0.3002724051
103703  45.921  13.587  21.007 0.3481213748
103704  46.377  14.049  21.027 0.3240531087
103705  46.623  13.148  20.816 0.3199867606
103706  47.138  12.919  20.237 0.2915628254
103707  47.537  12.729  19.590 0.2628996372
103712  42.715  10.514  20.723 0.3842222095
103713  43.023  10.865  20.699 0.3872157335
103714  43.332  10.233  20.314 0.3669345379
103715  43.871  9.964  19.822 0.3497940004
103716  44.288  9.785  19.215 0.3325770795
106101  49.787  30.084  8.268 0.2619288862
106127  50.022  23.335  19.042 0.2783125937
106128  38.660  31.304  12.634 0.4397504628
106129  39.341  31.361  12.266 0.4450548291
106130  39.175  31.014  12.830 0.4611904621
106131  39.617  30.716  13.005 0.4827013016
106132  39.981  30.356  13.183 0.5042163134
106133  40.066  28.605  15.223 0.4919604957
106134  40.278  28.886  14.586 0.4962655008
106135  40.643  28.517  14.855 0.4912324548
106136  41.262  28.478  14.548 0.4904163182
106137  41.872  28.456  14.256 0.4896993339
106138  42.574  28.410  14.014 0.4786654115
106139  42.238  28.106  14.512 0.4743711054
106140  42.648  27.781  14.766 0.4591129422
106141  43.100  27.464  15.049 0.4438482225
106142  41.810  28.488  20.648 0.4494774938
106143  41.231  28.452  19.964 0.4541070461
106144  41.428  28.114  20.115 0.4500579834
106145  41.247  27.747  19.589 0.4506354630
106146  41.240  27.385  19.084 0.4512392282
106147  43.073  26.141  19.319 0.4395262003
106148  42.627  26.289  18.859 0.4442203641
106149  43.126  26.123  18.716 0.4415714741
106150  43.196  26.126  18.115 0.4436893463
106151  43.325  26.246  17.507 0.4457191527
106152  43.527  26.415  16.935 0.4389882684
106153  43.965  26.182  17.383 0.4341991842
106154  44.716  26.156  17.232 0.4227420390
106155  45.440  26.132  17.110 0.4112606645
106156  46.148  26.098  17.027 0.3956720531
106157  45.948  26.022  17.674 0.4022735953
106158  46.418  25.931  18.282 0.3934077621
106159  46.831  25.837  18.943 0.3843276501
106160  45.590  23.520  19.660 0.4283034801
106161  46.228  23.995  19.861 0.4225642383
106162  46.140  23.419  19.618 0.4176355898
106163  46.694  23.272  19.537 0.4071176946
106164  47.235  23.128  19.443 0.3965510428
106165  47.769  22.941  19.289 0.3840764761
106166  47.089  22.520  19.166 0.3898267746
106167  46.936  21.929  18.883 0.3830334544
106168  46.758  21.334  18.632 0.3764124215
106169  46.594  20.692  18.412 0.3635596931
106170  46.123  20.840  18.645 0.3759931028
106171  45.529  20.421  18.660 0.3754140139
106172  44.928  20.005  18.747 0.3750934303
106173  42.106  19.901  19.332 0.4254731834
106174  42.660  19.665  19.221 0.4215005636
106175  42.102  19.291  19.378 0.4236820638
106176  42.106  18.702  19.483 0.4219107330
106177  42.155  18.091  19.599 0.4201377928
106178  42.262  17.456  19.714 0.4211175442
106179  41.655  17.721  19.761 0.4250319898
106180  41.152  17.341  19.911 0.4298876524
106181  40.644  16.941  20.186 0.4348109961
106182  38.542  22.158  21.804 0.4212828577
106183  38.773  21.833  21.269 0.4267236292
106184  38.287  21.568  21.547 0.4199781418
106185  38.114  20.977  21.320 0.4186264277
106186  38.000  20.342  21.130 0.4173532724
106187  36.866  17.727  21.827 0.4103928208
106188  37.198  18.149  21.552 0.4194456935
106189  37.235  17.475  21.513 0.4146347046
106190  37.640  17.227  21.202 0.4188411832
106191  38.118  16.987  21.001 0.4230576456
106192  38.603  16.739  20.841 0.4258284569
106193  38.175  16.356  21.086 0.4166647196
106194  38.322  15.712  21.239 0.4103293419
106195  38.485  15.098  21.405 0.4039480686
106196  38.672  14.467  21.548 0.3952499628
106197  38.172  14.705  21.694 0.3924995661
106198  37.847  14.256  21.925 0.3810511231
106199  37.575  13.810  22.166 0.3696214557
106200  35.584  13.229  23.300 0.3507370353
106201  36.006  13.088  23.058 0.3447428942
106202  35.740  12.500  23.335 0.3381291330
106203  35.903  11.779  23.337 0.3255372941
106204  36.090  11.045  23.287 0.3128938079
106205  36.332  10.277  23.206 0.2965119183
106206  35.825  10.435  23.510 0.3025042713
106207  35.620  9.852  23.717 0.2919651270
106208  35.435  9.242  23.953 0.2816662788
109474  33.779  15.342  27.397 0.2632724643
109475  33.721  15.091  26.905 0.2971298099
109476  33.720  14.853  26.391 0.3311247826
109477  33.779  14.663  25.930 0.3403725028
109478  33.478  14.274  26.303 0.3424237370
109479  33.329  13.571  26.236 0.3538104296
109480  33.222  12.848  26.169 0.3651967943
109481  32.620  9.904  27.148 0.3525997102
109482  32.771  10.385  26.742 0.3527680039
109483  32.874  9.586  26.657 0.3430745602
109484  33.174  9.331  26.181 0.3337073922
109485  33.545  9.093  25.736 0.3244294524
109486  33.981  8.852  25.299 0.3047394454
109487  33.793  8.388  25.650 0.3045239151
109488  34.129  7.662  25.586 0.2845827341
109489  34.543  6.962  25.540 0.2649004757
109584  33.797  8.231  33.444 0.2552452087
109585  38.115  1.914  35.067 0.3984784782
109586  37.444  2.643  35.201 0.4465184510
109587  37.635  2.272  34.733 0.4039135277
109588  37.078  2.628  34.425 0.4093480408
109589  36.566  2.945  34.145 0.4147211611
109590  36.197  2.829  32.207 0.3489077985
109591  35.925  3.037  32.660 0.3667585254
109592  35.513  3.423  32.307 0.3806549311
109593  34.871  4.050  32.391 0.4125362337
109594  34.284  4.755  32.479 0.4440570474
109595  33.829  5.597  32.511 0.4541474283
109596  33.917  5.158  31.953 0.4365398586
109597  33.577  5.568  31.440 0.4290701449
109598  33.264  6.004  30.889 0.4215551317
109599  32.989  6.428  30.362 0.4144451320
109600  33.410  5.640  30.331 0.4042975307
109601  33.622  5.320  29.778 0.3870625198
109602  33.875  5.062  29.233 0.3697726727
115578  38.538  9.874  22.163 0.3163077831
115579  39.126  9.661  21.894 0.3326362967
115580  38.858  9.138  22.007 0.3125208616
115581  39.290  8.421  21.856 0.3088642657
115582  39.788  7.745  21.655 0.3052474260
115583  38.997  7.425  22.260 0.2757712603
115584  39.642  7.279  21.878 0.2921262980
115585  40.316  7.086  21.499 0.3084329963
115586  40.876  6.432  21.450 0.2873087525
115587  41.508  5.797  21.429 0.2662234902
115592  42.037  4.472  22.346 0.2507838309
116197  44.780  32.355  7.981 0.3208184838
116198  45.253  32.020  8.198 0.3448565304
116199  44.539  32.262  8.433 0.3473079503
116200  44.312  32.144  8.944 0.3739549518
116201  44.063  31.997  9.499 0.4005661905
116202  42.952  32.438  9.411 0.3846492767
116203  43.395  32.131  9.703 0.4090778232
116204  43.838  31.838  10.032 0.4330422580
116205  43.672  31.617  10.649 0.4552202225
116206  43.529  31.308  11.200 0.4773969650
116207  43.341  30.910  11.710 0.4995936155
116208  44.878  28.139  24.590 0.2702378631
116209  44.430  28.013  24.145 0.3096072972
116210  44.299  27.631  24.794 0.2827316523
116211  43.752  27.120  24.963 0.2955724895
116212  43.252  26.624  25.082 0.3077255785
116214  43.160  26.142  25.563 0.2744562626
116215  42.790  26.123  25.136 0.3142090142
116216  42.309  25.677  25.131 0.3178404570
116217  41.804  25.212  25.038 0.3217553198
116218  41.293  24.753  24.918 0.3257767558
116219  40.780  24.348  24.770 0.3481504023
116220  41.057  24.250  25.324 0.3106706738
116221  40.792  23.777  25.663 0.2961633205
116222  40.518  23.330  25.931 0.2811462283
116225  40.249  22.864  26.146 0.2602821887
116256  42.213  33.726  7.807 0.2509172559
116257  43.017  33.585  7.642 0.2567653954
116258  43.682  33.186  7.784 0.2783159614
116259  44.244  32.709  7.872 0.2996716499
118717  35.380  34.662  13.617 0.2822107673
118718  35.540  34.025  13.837 0.3150863051
118719  35.549  34.383  14.458 0.3130933046
118720  35.761  34.070  15.275 0.3442948461
118721  36.030  33.879  16.002 0.3751112223
118722  36.106  34.806  16.491 0.3316139579
118723  36.213  34.230  16.591 0.3643807173
118724  36.456  33.699  16.735 0.3971020579
118725  36.986  33.568  17.409 0.3995787203
118726  37.591  33.544  18.024 0.4019049704
118727  38.353  33.495  18.668 0.4041813612
118738  46.363  32.361  22.890 0.2623256147
118739  46.721  31.983  22.870 0.2708951831
119694  44.628  16.456  19.900 0.3775939941
119695  45.202  16.169  20.036 0.3628608584
119696  44.718  15.847  20.287 0.3739638627
119697  44.827  15.262  20.614 0.3703914881
119698  44.999  14.650  20.845 0.3668901324
119699  43.888  14.530  20.816 0.3988220692
119700  44.512  14.288  20.937 0.3840765357
119701  45.207  13.989  21.046 0.3694363832
119702  45.447  13.181  21.018 0.3654412031
119703  45.640  12.363  20.656 0.3614641726
119704  45.755  11.725  20.061 0.3573804200
119705  43.926  7.956  18.882 0.2978281379
119706  44.049  8.381  18.748 0.3029500842
119707  44.338  7.716  18.306 0.2769515514
119708  44.751  7.474  17.760 0.2562413216
121563  48.553  29.119  10.400 0.2941419482
121565  48.876  28.637  10.690 0.2515953779
121568  48.680  27.773  12.119 0.2790700197
121582  49.941  25.616  17.715 0.2571080923
121583  49.671  25.483  18.233 0.2963275015
121584  38.320  30.260  15.037 0.4880947471
121585  38.764  30.141  14.499 0.4903454781
121586  38.642  29.944  15.182 0.4903219640
121587  39.002  29.571  15.327 0.4925337732
121588  39.348  29.181  15.485 0.4947682023
121589  39.181  29.378  16.729 0.4890575409
121590  39.332  29.034  16.192 0.4913230538
121591  39.671  28.800  15.686 0.4935939908
121592  39.971  28.425  15.830 0.4885289073
121593  40.310  28.082  16.048 0.4834313393
121594  40.645  27.763  16.282 0.4783897996
121595  42.023  26.836  21.151 0.4391799569
121596  41.893  27.027  20.609 0.4386164546
121597  42.047  26.533  20.732 0.4403842688
121598  42.272  26.319  20.370 0.4415770769
121599  42.618  26.111  20.084 0.4427615702
121600  42.637  25.365  20.622 0.4452492893
121601  42.893  25.674  20.327 0.4446335435
121602  43.027  25.967  19.880 0.4440251887
121603  43.461  25.867  19.764 0.4413940609
121604  43.924  25.823  19.735 0.4387606382
121605  44.447  25.755  19.703 0.4361078143
121606  45.102  25.724  19.641 0.4318600595
121607  44.831  25.368  20.085 0.4364695847
121608  45.090  24.790  20.199 0.4369125068
121609  45.160  24.171  20.015 0.4372853339
121610  44.038  23.834  19.975 0.4434492588
121611  44.553  23.666  19.842 0.4393259883
121612  45.070  23.608  19.758 0.4352025688
121613  44.894  23.096  19.510 0.4303030968
121614  44.718  22.554  19.310 0.4254321158
121615  44.596  21.996  19.187 0.4205607176
121616  44.513  21.435  19.089 0.4161257446
121617  43.986  21.623  19.149 0.4229763150
121618  43.393  21.255  19.157 0.4253923595
121619  42.754  20.899  19.247 0.4278645813
121620  42.311  21.597  19.484 0.4352574944
121621  42.225  21.080  19.410 0.4307751358
121622  42.150  20.521  19.354 0.4262924194
121623  41.561  20.151  19.475 0.4283992648
121624  40.954  19.840  19.606 0.4305079877
121625  40.408  19.502  19.831 0.4326449037
121626  37.171  20.588  22.988 0.3965049386
121627  37.192  20.412  22.439 0.4045517445
121628  36.890  19.963  22.767 0.4000890553
121629  36.684  19.309  22.563 0.4036090374
121630  36.610  18.670  22.356 0.4072033465
121631  36.169  18.369  23.083 0.3943569660
121632  36.343  18.156  22.651 0.4023311436
121633  36.558  17.926  22.217 0.4103747308
121634  36.555  17.251  22.124 0.4055517912
121635  36.570  16.610  22.094 0.4007506371
121636  36.627  15.961  22.118 0.3958775997
121637  36.745  15.339  22.182 0.3863066733
121638  36.358  15.523  22.429 0.3862043321
121639  36.118  15.057  22.736 0.3766317964
121640  35.848  14.513  23.006 0.3670076728
121641  35.472  15.349  23.322 0.3795633316
121642  35.462  14.653  23.300 0.3699707985
121643  35.497  13.960  23.278 0.3603102565
121644  35.203  13.381  23.599 0.3537033796
121645  34.929  12.832  23.906 0.3470977247
121646  34.645  12.226  24.227 0.3405717015
124187  32.837  13.635  28.595 0.2852125764
124188  32.753  13.296  28.097 0.3356051743
124189  32.807  12.957  27.556 0.3436472118
124190  32.634  12.528  27.965 0.3417519033
124191  32.501  11.775  27.862 0.3479663730
124192  32.424  11.043  27.791 0.3540783525
124193  32.358  10.921  28.714 0.3570045531
124194  32.351  10.587  28.221 0.3650135994
124195  32.435  10.249  27.687 0.3731768131
124196  32.510  9.446  27.580 0.3634381890
124197  32.654  8.670  27.493 0.3538554907
124198  32.927  7.897  27.381 0.3441060483
124274  38.305  1.572  33.417 0.2860330939
124276  37.998  1.746  32.654 0.2596682906
124277  37.415  2.028  32.364 0.2764525712
124279  37.788  1.926  31.923 0.2541452348
124280  36.960  2.330  32.091 0.3128629923
124281  36.436  2.695  31.672 0.3270092607
124282  35.995  3.038  31.219 0.3408847153
124283  35.535  3.367  30.712 0.3549454808
124284  35.148  3.690  30.191 0.3554132879
124285  35.883  3.192  30.144 0.3190944493
124286  36.271  3.044  29.618 0.2832448184
128783  37.378  36.913  18.189 0.2545294464
128789  39.361  36.577  20.624 0.2573236823
129666  40.872  13.548  21.149 0.4285617173
129667  41.531  13.229  21.038 0.4348832071
129668  41.150  12.835  21.178 0.4183972180
129669  41.448  12.175  21.161 0.4082618952
129670  41.778  11.472  21.080 0.3981412947
129671  40.841  11.319  21.337 0.3784436285
129672  41.481  11.050  21.147 0.3848571181
129673  42.132  10.744  20.926 0.3911881149
129674  42.517  10.098  20.659 0.3709509075
129675  42.869  9.507  20.267 0.3507950902
129676  43.148  8.887  19.841 0.3306034505
129677  39.820  9.458  21.678 0.3364224434
129678  40.492  9.267  21.433 0.3402079940
129679  41.112  9.035  21.103 0.3439342380
129680  41.322  7.836  20.802 0.3205154538
129681  41.516  8.347  20.765 0.3278462291
129682  41.738  8.855  20.743 0.3352999687
129683  42.394  8.642  20.339 0.3283867240
129684  42.944  8.439  19.922 0.3214429021
129685  43.435  8.237  19.469 0.3145018518
129686  43.810  7.544  19.092 0.2886908352
129687  44.149  6.864  18.768 0.2628862858
131351  49.835  30.475  7.600 0.2514759004
131352  48.777  31.089  7.575 0.2775641978
131353  49.114  30.766  7.830 0.2880740762
131354  49.454  30.422  8.053 0.2983399034
131355  49.143  30.287  8.567 0.2984355688
131356  48.844  30.131  9.106 0.2989292443
131357  48.543  29.908  9.632 0.2992489040
131358  45.748  31.737  8.484 0.3670450449
131359  46.208  31.521  8.832 0.3891972899
131360  46.695  31.270  9.210 0.4113523066
131361  45.700  31.273  9.942 0.4313256145
131362  46.410  31.149  9.729 0.4268265963
131363  47.168  30.945  9.481 0.4224752188
131364  47.597  30.574  9.705 0.3864934146
131365  47.898  30.217  9.961 0.3501769304
131366  48.230  29.660  10.171 0.3141063452
131367  47.856  29.366  10.661 0.3459785879
131368  47.570  29.172  11.123 0.3778250217
131369  47.298  28.907  11.573 0.4092698097
131370  46.348  29.577  11.602 0.4468623400
131371  46.667  29.107  11.826 0.4272277653
131372  46.998  28.600  12.081 0.4071698785
131373  46.697  28.229  12.625 0.4054589570
131374  46.399  27.778  13.171 0.4032076001
131375  46.115  27.415  13.757 0.4013760686
131376  41.933  30.320  20.219 0.4499514103
131377  41.383  29.954  19.905 0.4625433981
131378  42.023  29.935  20.496 0.4470164776
131379  42.110  29.546  20.715 0.4440544546
131380  42.220  29.156  20.903 0.4410144091
131381  43.410  29.249  21.753 0.4154826701
131382  42.806  29.009  21.468 0.4280317128
131383  42.266  28.777  21.085 0.4405818880
131384  42.337  28.380  21.250 0.4365786612
131385  42.300  27.985  21.392 0.4325453937
131386  42.230  27.556  21.498 0.4285663366
131387  44.059  27.927  23.755 0.3359922767
131388  43.797  27.845  23.393 0.3621564507
131389  43.427  27.707  23.034 0.3883421719
131390  42.837  26.893  23.600 0.3784269691
131391  42.985  27.230  23.121 0.3921871185
131392  43.094  27.557  22.671 0.4057705402
131393  42.750  27.433  22.320 0.4146026373
131394  42.428  27.253  21.963 0.4234385192
131395  42.174  27.073  21.580 0.4322862625
131396  42.072  26.623  21.595 0.4340986907
131397  41.912  26.066  21.572 0.4358580709
131398  41.725  25.548  21.471 0.4376830459
131399  41.463  25.481  22.127 0.4287383854
131400  41.420  25.272  21.690 0.4356585741
131401  41.515  25.038  21.290 0.4425378740
131402  41.279  24.510  21.067 0.4435688257
131403  40.992  23.992  20.937 0.4445909858
131404  40.723  23.531  20.784 0.4456137419
131405  40.492  23.070  20.688 0.4434998333
131406  40.193  23.356  21.061 0.4404917061
131407  39.719  23.139  21.397 0.4353424609
131408  39.291  22.873  21.717 0.4301923811
131409  39.641  23.583  22.427 0.4233539104
131410  39.232  23.112  22.257 0.4212379456
131411  38.862  22.640  22.053 0.4190954268
131412  38.452  22.398  22.360 0.4123922586
131413  38.041  22.103  22.694 0.4055607617
131414  37.777  21.625  22.964 0.3988067210
131415  40.242  23.950  24.583 0.3554498255
131416  39.770  23.562  24.431 0.3627896607
131417  39.272  23.168  24.253 0.3701650500
131418  39.185  22.640  25.041 0.3398360610
131419  38.927  22.685  24.548 0.3621805310
131420  38.756  22.728  24.040 0.3841315806
131421  38.267  22.251  23.790 0.3863885999
131422  37.857  21.746  23.524 0.3885968328
131423  37.498  21.172  23.229 0.3907394409
131424  37.200  20.749  23.521 0.3862866163
131425  36.879  20.261  23.810 0.3818478584
131426  36.594  19.755  24.055 0.3772144020
131427  37.096  20.372  24.824 0.3518391252
131428  36.694  19.835  24.546 0.3575043678
131429  36.351  19.248  24.284 0.3633318543
131430  36.087  18.719  24.516 0.3609018624
131431  35.867  18.241  24.699 0.3584443331
131432  35.500  17.676  24.909 0.3558956981
133796  39.005  2.176  38.215 0.2557375431
133797  38.617  2.490  37.883 0.2618302405
133798  38.209  2.788  37.566 0.2680866122
133799  37.837  3.126  37.252 0.2743268609
133800  37.490  3.446  37.008 0.2997788787
133801  38.014  2.739  36.794 0.3213567138
133802  38.179  2.366  36.345 0.3683332801
133803  38.339  1.975  35.971 0.4154692888
133804  39.445  1.033  36.104 0.3468430340
133805  39.039  1.324  35.796 0.3728153706
133806  38.581  1.597  35.446 0.3988214433
133807  38.801  1.302  34.942 0.3559634089
133808  39.052  1.083  34.481 0.3129083514
133809  39.315  0.963  34.041 0.2696009576
138172  38.992  33.109  10.046 0.3380373120
138173  39.499  32.763  10.385 0.3694264889
138174  38.745  32.754  10.592 0.3563508689
138175  38.514  32.396  11.151 0.3744723201
138176  38.319  31.979  11.708 0.3926300704
138177  37.165  32.434  11.846 0.3597794771
138178  37.655  32.015  12.091 0.3909240663
138179  38.149  31.632  12.365 0.4220310450
138180  38.055  31.355  12.970 0.4381121397
138181  37.996  31.107  13.561 0.4543431997
138182  37.956  30.875  14.156 0.4703817666
138183  35.754  33.405  14.053 0.3485133946
138184  36.012  32.880  14.205 0.3816548586
138185  36.307  32.343  14.312 0.4149832726
138186  36.456  32.450  15.642 0.4239013195
138187  36.472  32.129  15.052 0.4263586998
138188  36.656  31.829  14.431 0.4286364913
138189  37.071  31.357  14.616 0.4462976754
138190  37.521  31.016  14.735 0.4640256763
138191  37.944  30.653  14.873 0.4817788005
138192  38.044  30.526  15.618 0.4816739261
138193  38.261  30.457  16.327 0.4817076623
138194  38.591  30.467  17.029 0.4816174507
138195  38.514  31.282  17.371 0.4669538140
138196  38.844  30.887  17.515 0.4732432663
138197  39.121  30.521  17.641 0.4795964956
138198  39.734  30.579  18.255 0.4739945531
138199  40.382  30.626  18.866 0.4684118927
138200  41.034  30.643  19.382 0.4628282785
138201  37.449  36.297  18.480 0.2842178941
138202  37.555  35.697  18.691 0.3139674664
138203  37.704  35.128  18.855 0.3438092768
138204  38.828  35.282  19.991 0.3107125759
138205  38.424  34.959  19.533 0.3319075108
138206  37.978  34.611  19.017 0.3531039953
138207  38.387  34.167  19.159 0.3661913574
138208  38.809  33.789  19.235 0.3792970777
138209  39.235  33.490  19.287 0.3921821713
138210  42.044  34.556  21.940 0.2566109896
138211  41.701  34.300  21.561 0.2768813968
138212  41.338  34.090  21.234 0.2970949709
138213  42.791  33.602  21.604 0.2877337337
138214  41.833  33.754  21.221 0.3077830672
138215  40.962  33.885  20.774 0.3278090060
138216  40.579  33.650  20.284 0.3528913856
138217  40.115  33.439  19.817 0.3779759109
138218  39.656  33.202  19.329 0.4030457139
138219  40.034  32.851  19.289 0.4122166634
138220  40.401  32.485  19.268 0.4215676785
138221  40.741  32.108  19.309 0.4309450984
138222  42.136  32.295  20.121 0.3954766095
138223  41.575  32.012  19.762 0.4190433323
138224  41.086  31.705  19.410 0.4426217079
138225  41.324  31.293  19.549 0.4454275072
138226  41.527  30.922  19.734 0.4482498169
138227  41.757  30.610  19.982 0.4508408010
138228  42.498  30.526  20.551 0.4353263974
138229  43.221  30.409  21.097 0.4198002815
138230  43.952  30.222  21.621 0.4040954709
138231  44.436  30.829  21.613 0.3735878766
138232  44.575  30.415  21.858 0.3725597262
138233  44.584  29.977  22.087 0.3715719581
138234  45.118  29.666  22.622 0.3449333310
138235  45.470  29.323  23.133 0.3184419572
138236  45.533  28.948  23.661 0.2918907106
138237  46.939  31.542  22.921 0.2624953389
138238  46.947  30.996  23.117 0.2534821928
138242  46.644  29.984  23.596 0.2510660589
138243  46.326  29.487  23.818 0.2563212514
138244  45.883  29.009  24.072 0.2612163424
138245  45.394  28.531  24.375 0.2664090395
138335  37.554  33.877  9.586 0.2643418610
138336  38.279  33.483  9.786 0.3012885451
140730  48.867  19.779  18.501 0.2640415132
140735  47.877  17.427  19.380 0.2526136339
140741  45.796  15.941  20.205 0.3407306075
140742  46.388  15.745  20.453 0.3187124133
140743  47.080  15.455  20.602 0.2967971265
140744  46.791  14.465  20.909 0.3055060506
140745  47.274  14.825  20.792 0.2866879404
140746  47.788  15.166  20.742 0.2683936656
140759  42.177  12.955  20.984 0.4289634228
140760  42.814  12.665  20.921 0.4229633510
140761  43.426  12.360  20.906 0.4170286655
140762  43.382  11.171  20.727 0.3912504315
140763  43.730  11.587  20.712 0.3955910206
140764  44.118  11.985  20.782 0.3998581171
140765  44.757  11.627  20.479 0.3785490692
140766  45.316  11.319  19.949 0.3572980762
140767  45.790  11.195  19.339 0.3359005749
140768  44.228  8.805  18.628 0.3059563637
140769  44.429  9.194  18.550 0.3088596165
140770  44.715  9.617  18.555 0.3116980791
140772  45.137  9.410  17.941 0.2728959024
140773  45.057  9.978  18.571 0.2963606715
140774  45.382  10.350  18.599 0.2967687547
140775  45.784  10.692  18.596 0.2970320880
140776  46.173  11.075  18.667 0.2970376909
140777  46.489  10.948  17.958 0.2577489018
145664  49.648  20.812  18.457 0.2618226409
145665  40.067  32.439  10.699 0.3959293365
145666  40.598  32.150  10.925 0.4223578274
145667  41.069  31.856  11.184 0.4490137100
145668  40.057  31.457  11.947 0.4536032379
145669  40.788  31.568  11.707 0.4621277153
145670  41.563  31.549  11.434 0.4706143737
145671  42.066  31.221  11.682 0.4846444130
145672  42.524  30.886  11.939 0.4986713529
145673  42.959  30.497  12.181 0.5126007199
145674  39.276  30.041  14.031 0.4957194924
145675  39.829  29.968  13.685 0.5011302829
145676  40.422  29.964  13.390 0.5064880848
145677  40.557  29.188  14.082 0.4994350672
145678  40.814  29.542  13.586 0.5025936365
145679  41.047  29.944  13.089 0.5057695508
145680  41.757  29.928  12.816 0.5067428946
145681  42.549  29.984  12.607 0.5077234507
145682  43.346  30.047  12.396 0.5087390542
145683  43.690  29.557  12.587 0.4955379963
145684  44.069  29.150  12.801 0.4823774993
145685  44.443  28.756  13.054 0.4692513943
145686  43.315  28.375  13.773 0.4705437720
145687  44.080  28.354  13.518 0.4622380733
145688  44.801  28.343  13.340 0.4539091587
145689  45.162  27.924  13.650 0.4341568351
145690  45.531  27.534  13.995 0.4140858352
145691  45.904  27.168  14.359 0.3942151964
145692  40.866  29.581  19.516 0.4669760168
145693  40.415  29.171  19.041 0.4714373350
145694  40.197  28.737  18.495 0.4758085907
145695  40.779  28.407  19.319 0.4615029395
145696  40.410  28.379  18.645 0.4689455032
145697  40.142  28.330  17.925 0.4763831198
145698  40.327  27.927  17.388 0.4747552872
145699  40.629  27.663  16.919 0.4731039703
145700  41.003  27.452  16.523 0.4714852571
145701  41.727  27.061  19.959 0.4432156384
145702  41.565  27.055  19.280 0.4478254914
145703  41.438  27.037  18.593 0.4524360299
145704  42.227  26.490  18.518 0.4476810694
145705  41.803  26.752  18.207 0.4510850012
145706  41.397  27.056  17.944 0.4545317590
145707  41.395  27.108  17.360 0.4597185850
145708  41.427  27.184  16.751 0.4649572968
145709  41.523  27.360  16.189 0.4701278210
145710  42.094  27.264  15.881 0.4591796398
145711  42.812  27.169  15.657 0.4482678473
145712  43.549  27.134  15.385 0.4373300374
145713  43.791  26.633  16.291 0.4346252084
145714  44.031  26.856  15.732 0.4302033186
145715  44.280  27.083  15.166 0.4257807136
145716  45.002  27.026  15.022 0.4129969478
145717  45.664  26.934  14.874 0.4001092911
145718  46.305  26.848  14.765 0.3871628344
145719  46.751  26.588  15.240 0.3724702299
145720  47.210  26.325  15.772 0.3578072786
145721  47.647  26.116  16.367 0.3431432247
145722  46.834  26.050  16.997 0.3751197755
145723  47.475  25.944  17.047 0.3545724154
145724  48.121  25.951  17.006 0.3340830505
145725  48.615  25.830  17.659 0.3253914118
145726  49.049  25.674  18.267 0.3165197074
145727  49.359  25.347  18.859 0.3079194427
145728  45.778  25.724  19.590 0.4161600769
145729  46.455  25.666  19.550 0.4004612565
145730  47.156  25.625  19.545 0.3848479390
145731  46.801  24.565  19.998 0.4065208137
145732  47.337  25.135  19.849 0.3903179169
145733  47.769  25.532  19.465 0.3741426468
145734  48.402  25.367  19.353 0.3538249731
145735  49.027  25.154  19.349 0.3336496353
145736  49.546  24.853  19.253 0.3134516776
145737  49.602  24.241  19.383 0.3105086386
145738  49.537  23.591  19.272 0.3072844446
145739  49.456  22.960  19.050 0.3044846654
145740  48.265  22.746  19.097 0.3552934229
145741  48.786  22.528  18.908 0.3263500929
145742  49.313  22.329  18.769 0.2978365719
145743  49.119  21.690  18.487 0.2932937741
145744  49.037  21.078  18.391 0.2887580693
145745  48.920  20.436  18.413 0.2840404510
145746  48.258  20.090  18.366 0.2908015251
145747  47.690  19.629  18.415 0.2975617945
145748  47.107  19.175  18.521 0.3044130206
145749  46.534  20.078  18.368 0.3437348604
145750  46.547  19.392  18.470 0.3237565458
145751  46.602  18.677  18.694 0.3039727807
145752  46.104  18.218  18.941 0.3242335618
145753  45.578  17.856  19.137 0.3447996080
145754  45.050  17.443  19.378 0.3654734492
145755  44.449  20.859  19.000 0.4031841457
145756  44.360  20.265  18.914 0.3903885186
145757  44.370  19.606  18.894 0.3774890304
145758  43.242  19.410  19.100 0.4062022567
145759  43.825  19.169  19.010 0.3909262121
145760  44.398  18.959  18.970 0.3755712509
145761  44.420  18.313  19.125 0.3766877651
145762  44.447  17.641  19.334 0.3778808415
145763  44.554  17.021  19.589 0.3789281547
145764  44.011  16.704  19.814 0.3899968863
145765  43.490  16.353  20.005 0.4009844065
145766  42.981  15.976  20.156 0.4119741619
145767  42.310  16.823  19.896 0.4197016656
145768  42.405  16.232  20.115 0.4183218777
145769  42.493  15.646  20.360 0.4169201851
145770  42.000  15.277  20.548 0.4254782796
145771  41.545  14.908  20.689 0.4340850711
145772  41.097  14.519  20.832 0.4427043200
145773  40.310  22.569  20.602 0.4401357174
145774  40.176  22.029  20.440 0.4367665052
145775  40.061  21.505  20.276 0.4333390594
145776  39.094  21.517  20.795 0.4284919798
145777  39.508  21.242  20.397 0.4302699566
145778  39.975  20.949  20.126 0.4320058823
145779  39.920  20.368  20.030 0.4312072396
145780  39.879  19.774  20.007 0.4303737581
145781  39.880  19.159  20.027 0.4295735657
145782  37.375  20.155  21.924 0.4099984169
145783  37.624  19.898  21.438 0.4154469669
145784  37.933  19.641  20.990 0.4208839238
145785  37.553  18.545  21.260 0.4213191271
145786  37.972  18.973  20.926 0.4232193828
145787  38.373  19.359  20.675 0.4250962138
145788  38.866  19.078  20.411 0.4273834527
145789  39.399  18.794  20.241 0.4296468198
145790  39.950  18.522  20.088 0.4319170415
145791  40.010  17.863  20.153 0.4329115152
145792  40.057  17.195  20.244 0.4339079261
145793  40.164  16.558  20.399 0.4349104762
145794  39.144  16.462  20.704 0.4267438650
145795  39.690  16.184  20.614 0.4275939465
145796  40.255  15.951  20.560 0.4285935163
145797  40.394  15.355  20.714 0.4309063554
145798  40.534  14.758  20.867 0.4332149327
145799  40.658  14.155  21.014 0.4354664087
145800  40.297  13.763  21.226 0.4188993573
145801  39.963  13.358  21.409 0.4024408758
145802  39.664  12.959  21.604 0.3858896196
145803  38.880  13.814  21.676 0.3883259594
145804  39.108  13.152  21.787 0.3813392222
145805  39.366  12.500  21.766 0.3744333088
145806  39.107  12.037  21.913 0.3637880981
145807  38.856  11.554  22.081 0.3531451523
145808  38.601  11.035  22.217 0.3425133824
145809  36.881  14.663  22.256 0.3774545193
145810  37.088  14.000  22.339 0.3687491715
145811  37.310  13.306  22.435 0.3599500358
145812  36.501  12.936  22.864 0.3455376029
145813  37.036  12.762  22.712 0.3464756012
145814  37.542  12.579  22.508 0.3474136591
145815  37.789  11.835  22.505 0.3411836624
145816  38.063  11.153  22.431 0.3350798488
145817  38.313  10.498  22.307 0.3289450407
145818  37.970  9.956  22.409 0.3088535964
145819  37.700  9.411  22.566 0.2887408733
145820  37.483  8.880  22.764 0.2688006461
145821  36.610  9.621  23.131 0.2837865949
145822  36.938  8.977  23.059 0.2710264921
145823  37.282  8.397  22.998 0.2584987879
152353  38.158  20.508  26.632 0.2558966279
152354  37.578  20.033  26.409 0.2675865591
152355  37.027  19.554  26.124 0.2791558504
152356  37.047  19.247  26.690 0.2524410784
152357  36.738  19.197  26.290 0.2774468958
152358  36.472  19.032  25.859 0.3023398817
152359  35.981  18.482  25.614 0.3197113276
152360  35.570  17.907  25.378 0.3369005024
152361  35.169  17.213  25.170 0.3543510735
152382  35.372  17.478  26.765 0.2712394595
152383  34.516  16.399  27.083 0.2531553209
152384  34.861  16.821  26.692 0.2792669535
152385  35.150  17.224  26.322 0.3053154647
152386  34.982  17.016  25.916 0.3242094219
152387  34.877  16.824  25.483 0.3432464600
152388  34.855  16.605  25.008 0.3622431457
152389  34.621  15.939  24.899 0.3611944914
152390  34.439  15.263  24.782 0.3601459265
152391  34.306  14.609  24.676 0.3591611981
152392  33.864  14.418  25.473 0.3505057096
152393  34.010  14.228  25.029 0.3604307175
152394  34.224  13.964  24.630 0.3704920411
152395  34.233  13.250  24.567 0.3609784245
152396  34.277  12.546  24.588 0.3514008224
152397  34.348  11.758  24.573 0.3419203460
152398  32.874  12.680  27.004 0.3528921604
152399  32.970  12.403  26.515 0.3621624112
152400  33.158  12.128  26.101 0.3713820279
152401  32.948  10.918  26.388 0.3559166193
152402  33.163  11.363  26.035 0.3588805795
152403  33.417  11.832  25.664 0.3619337082
152404  33.748  11.579  25.221 0.3511895835
152405  34.070  11.253  24.883 0.3402473330
152406  34.471  10.969  24.494 0.3295109570
152407  34.663  10.217  24.378 0.3129058778
152408  34.916  9.515  24.282 0.2964943051
152409  35.173  8.827  24.264 0.2800955176
152410  34.452  8.603  24.904 0.2899135351
152411  34.972  8.381  24.555 0.2751059532
152412  35.533  8.158  24.195 0.2601426244
152604  32.886  10.069  31.568 0.2853486538
152605  37.065  3.804  36.698 0.2884668708
152606  36.573  4.270  36.349 0.2763217688
152607  36.146  4.615  36.061 0.2641385198
152608  36.799  3.423  35.361 0.3881266713
152609  36.194  4.188  35.580 0.3286404610
152610  35.715  4.968  35.759 0.2697449327
152611  35.306  5.370  35.431 0.2825807333
152612  34.953  5.740  35.100 0.2948570848
152613  34.628  6.114  34.763 0.3079907298
152614  37.448  2.079  33.565 0.3342112899
152615  36.711  2.627  33.712 0.3825989664
152616  36.050  3.296  33.893 0.4309929907
152617  35.744  3.307  33.134 0.3984883428
152618  35.604  3.613  33.634 0.4306399226
152619  35.424  4.011  34.066 0.4626216292
152620  34.913  4.805  34.221 0.4108415842
152621  34.551  5.624  34.352 0.3596906662
152622  34.331  6.507  34.382 0.3078325689
152623  34.097  6.967  33.984 0.3071669340
152624  33.812  7.368  33.474 0.3063310683
152625  33.548  7.771  32.995 0.3061546087
152626  33.588  6.405  32.562 0.4021023512
152627  33.355  7.289  32.494 0.3505271673
152628  33.288  8.167  32.488 0.2989498377
152629  33.042  8.680  31.986 0.3090645671
152630  32.842  9.159  31.514 0.3194333911
152631  32.667  9.632  31.045 0.3299382925
152632  32.528  9.207  30.502 0.3573528230
152633  32.456  8.784  29.989 0.3851249814
152634  32.414  8.374  29.471 0.4122350812
152635  32.799  6.919  29.890 0.4080291390
152636  32.626  7.429  29.383 0.4017205238
152637  32.547  8.001  28.943 0.3953034878
152638  32.730  7.641  28.397 0.3745768964
152639  32.954  7.359  27.829 0.3538607955
152640  33.255  7.056  27.318 0.3332951069
152641  34.782  3.999  29.715 0.3480089605
152642  34.426  4.388  29.207 0.3411123455
152643  34.187  4.830  28.683 0.3337478042
152644  35.281  4.005  28.061 0.2706975937
152645  34.579  4.609  28.113 0.2994103134
152646  33.988  5.284  28.209 0.3283380866
152647  33.829  5.742  27.714 0.3182988465
152648  33.699  6.224  27.246 0.3086299002
152649  33.624  6.767  26.818 0.2988338768
152650  34.064  6.534  26.342 0.2792599499
152651  34.555  6.414  25.908 0.2598362565
